sklep_id,dzien_tyg,data,sprzedaz,liczba_klientow,czy_otwarty,czy_promocja,czy_swieto,czy_swieto_szkolne,sklep_typ,sklep_asort,sklep_konkurencja
1,3,31.12.2021,2605,327,Tak,Nie,Nie,Tak,c,Podstawowy,1270
2,3,31.12.2021,2269,252,Tak,Nie,Nie,Tak,a,Podstawowy,570
3,3,31.12.2021,3804,408,Tak,Nie,Nie,Tak,a,Podstawowy,14130
4,3,31.12.2021,10152,1311,Tak,Nie,Nie,Tak,c,Rozszerzony,620
5,3,31.12.2021,1830,217,Tak,Nie,Nie,Tak,a,Podstawowy,29910
6,3,31.12.2021,2604,308,Tak,Nie,Nie,Tak,a,Podstawowy,310
7,3,31.12.2021,5219,557,Tak,Nie,Nie,Tak,a,Rozszerzony,24000
8,3,31.12.2021,3025,394,Tak,Nie,Nie,Tak,a,Podstawowy,7520
9,3,31.12.2021,5063,462,Tak,Nie,Nie,Tak,a,Rozszerzony,2030
10,3,31.12.2021,4216,450,Tak,Nie,Nie,Tak,a,Podstawowy,3160
11,3,31.12.2021,3838,543,Tak,Nie,Nie,Tak,a,Rozszerzony,960
12,3,31.12.2021,4871,609,Tak,Nie,Nie,Tak,a,Rozszerzony,1070
14,3,31.12.2021,3939,453,Tak,Nie,Nie,Tak,a,Podstawowy,1300
15,3,31.12.2021,4291,476,Tak,Nie,Nie,Tak,d,Rozszerzony,4110
16,3,31.12.2021,4720,473,Tak,Nie,Nie,Tak,a,Rozszerzony,3270
17,3,31.12.2021,2639,367,Tak,Nie,Nie,Tak,a,Podstawowy,50
18,3,31.12.2021,4286,492,Tak,Nie,Nie,Tak,d,Rozszerzony,13840
19,3,31.12.2021,3772,363,Tak,Nie,Nie,Tak,a,Rozszerzony,3240
21,3,31.12.2021,3043,319,Tak,Nie,Nie,Tak,c,Rozszerzony,550
23,3,31.12.2021,3489,290,Tak,Nie,Nie,Tak,d,Podstawowy,4060
24,3,31.12.2021,7503,672,Tak,Nie,Nie,Tak,a,Rozszerzony,4590
25,3,31.12.2021,7771,925,Tak,Nie,Nie,Tak,c,Podstawowy,430
26,3,31.12.2021,2891,265,Tak,Nie,Nie,Tak,d,Podstawowy,2300
27,3,31.12.2021,5385,599,Tak,Nie,Nie,Tak,a,Podstawowy,60
28,3,31.12.2021,1713,214,Tak,Nie,Nie,Tak,a,Podstawowy,1200
29,3,31.12.2021,4890,429,Tak,Nie,Nie,Tak,d,Rozszerzony,2170
30,3,31.12.2021,2257,376,Tak,Nie,Nie,Tak,a,Podstawowy,40
31,3,31.12.2021,3150,363,Tak,Nie,Nie,Tak,d,Rozszerzony,9800
33,3,31.12.2021,6969,703,Tak,Nie,Nie,Tak,a,Rozszerzony,1320
34,3,31.12.2021,5096,616,Tak,Nie,Nie,Tak,c,Podstawowy,2240
35,3,31.12.2021,5187,415,Tak,Nie,Nie,Tak,d,Rozszerzony,7660
37,3,31.12.2021,2920,384,Tak,Nie,Nie,Tak,c,Podstawowy,4230
38,3,31.12.2021,3534,340,Tak,Nie,Nie,Tak,d,Podstawowy,1090
39,3,31.12.2021,2916,425,Tak,Nie,Nie,Tak,a,Podstawowy,260
40,3,31.12.2021,1675,257,Tak,Nie,Nie,Tak,a,Podstawowy,180
42,3,31.12.2021,7395,780,Tak,Nie,Nie,Tak,a,Rozszerzony,290
43,3,31.12.2021,3760,389,Tak,Nie,Nie,Tak,d,Podstawowy,4880
44,3,31.12.2021,3028,423,Tak,Nie,Nie,Tak,a,Podstawowy,540
45,3,31.12.2021,3550,311,Tak,Nie,Nie,Tak,d,Podstawowy,9710
47,3,31.12.2021,4894,638,Tak,Nie,Nie,Tak,a,Rozszerzony,270
48,3,31.12.2021,2552,270,Tak,Nie,Nie,Tak,a,Podstawowy,1060
49,3,31.12.2021,4244,367,Tak,Nie,Nie,Tak,d,Rozszerzony,18010
50,3,31.12.2021,2107,211,Tak,Nie,Nie,Tak,d,Podstawowy,6260
1,2,30.12.2021,6466,703,Tak,Nie,Nie,Tak,c,Podstawowy,1270
2,2,30.12.2021,5513,632,Tak,Nie,Nie,Tak,a,Podstawowy,570
3,2,30.12.2021,8376,957,Tak,Nie,Nie,Tak,a,Podstawowy,14130
4,2,30.12.2021,16860,2075,Tak,Nie,Nie,Tak,c,Rozszerzony,620
5,2,30.12.2021,5056,585,Tak,Nie,Nie,Tak,a,Podstawowy,29910
6,2,30.12.2021,5044,598,Tak,Nie,Nie,Tak,a,Podstawowy,310
7,2,30.12.2021,10690,1177,Tak,Nie,Nie,Tak,a,Rozszerzony,24000
8,2,30.12.2021,6463,759,Tak,Nie,Nie,Tak,a,Podstawowy,7520
9,2,30.12.2021,7903,668,Tak,Nie,Nie,Tak,a,Rozszerzony,2030
10,2,30.12.2021,6862,673,Tak,Nie,Nie,Tak,a,Podstawowy,3160
11,2,30.12.2021,10609,1370,Tak,Nie,Nie,Tak,a,Rozszerzony,960
12,2,30.12.2021,9426,1109,Tak,Nie,Nie,Tak,a,Rozszerzony,1070
14,2,30.12.2021,6821,771,Tak,Nie,Nie,Tak,a,Podstawowy,1300
15,2,30.12.2021,8670,836,Tak,Nie,Nie,Tak,d,Rozszerzony,4110
16,2,30.12.2021,7762,765,Tak,Nie,Nie,Tak,a,Rozszerzony,3270
17,2,30.12.2021,7055,869,Tak,Nie,Nie,Tak,a,Podstawowy,50
18,2,30.12.2021,7617,801,Tak,Nie,Nie,Tak,d,Rozszerzony,13840
19,2,30.12.2021,7462,685,Tak,Nie,Nie,Tak,a,Rozszerzony,3240
21,2,30.12.2021,7048,605,Tak,Nie,Nie,Tak,c,Rozszerzony,550
23,2,30.12.2021,5486,535,Tak,Nie,Nie,Tak,d,Podstawowy,4060
24,2,30.12.2021,13547,1102,Tak,Nie,Nie,Tak,a,Rozszerzony,4590
25,2,30.12.2021,14354,1844,Tak,Nie,Nie,Tak,c,Podstawowy,430
26,2,30.12.2021,5096,475,Tak,Nie,Nie,Tak,d,Podstawowy,2300
27,2,30.12.2021,12922,1408,Tak,Nie,Nie,Tak,a,Podstawowy,60
28,2,30.12.2021,3924,499,Tak,Nie,Nie,Tak,a,Podstawowy,1200
29,2,30.12.2021,9478,798,Tak,Nie,Nie,Tak,d,Rozszerzony,2170
30,2,30.12.2021,5317,828,Tak,Nie,Nie,Tak,a,Podstawowy,40
31,2,30.12.2021,7851,733,Tak,Nie,Nie,Tak,d,Rozszerzony,9800
33,2,30.12.2021,10902,973,Tak,Nie,Nie,Tak,a,Rozszerzony,1320
34,2,30.12.2021,9573,1133,Tak,Nie,Nie,Tak,c,Podstawowy,2240
35,2,30.12.2021,11361,807,Tak,Nie,Nie,Tak,d,Rozszerzony,7660
37,2,30.12.2021,6897,814,Tak,Nie,Nie,Tak,c,Podstawowy,4230
38,2,30.12.2021,7432,638,Tak,Nie,Nie,Tak,d,Podstawowy,1090
39,2,30.12.2021,5803,721,Tak,Nie,Nie,Tak,a,Podstawowy,260
40,2,30.12.2021,5427,709,Tak,Nie,Nie,Tak,a,Podstawowy,180
42,2,30.12.2021,13334,1324,Tak,Nie,Nie,Tak,a,Rozszerzony,290
43,2,30.12.2021,7161,660,Tak,Nie,Nie,Tak,d,Podstawowy,4880
44,2,30.12.2021,6256,723,Tak,Nie,Nie,Tak,a,Podstawowy,540
45,2,30.12.2021,5703,471,Tak,Nie,Nie,Tak,d,Podstawowy,9710
47,2,30.12.2021,10067,1195,Tak,Nie,Nie,Tak,a,Rozszerzony,270
48,2,30.12.2021,4141,486,Tak,Nie,Nie,Tak,a,Podstawowy,1060
49,2,30.12.2021,6997,467,Tak,Nie,Nie,Tak,d,Rozszerzony,18010
50,2,30.12.2021,4468,395,Tak,Nie,Nie,Tak,d,Podstawowy,6260
1,1,29.12.2021,6463,700,Tak,Nie,Nie,Tak,c,Podstawowy,1270
2,1,29.12.2021,5999,662,Tak,Nie,Nie,Tak,a,Podstawowy,570
3,1,29.12.2021,8788,941,Tak,Nie,Nie,Tak,a,Podstawowy,14130
4,1,29.12.2021,13543,1759,Tak,Nie,Nie,Tak,c,Rozszerzony,620
5,1,29.12.2021,4646,573,Tak,Nie,Nie,Tak,a,Podstawowy,29910
6,1,29.12.2021,5223,595,Tak,Nie,Nie,Tak,a,Podstawowy,310
7,1,29.12.2021,11145,1162,Tak,Nie,Nie,Tak,a,Rozszerzony,24000
8,1,29.12.2021,7086,799,Tak,Nie,Nie,Tak,a,Podstawowy,7520
9,1,29.12.2021,7684,667,Tak,Nie,Nie,Tak,a,Rozszerzony,2030
10,1,29.12.2021,6157,629,Tak,Nie,Nie,Tak,a,Podstawowy,3160
11,1,29.12.2021,10084,1375,Tak,Nie,Nie,Tak,a,Rozszerzony,960
12,1,29.12.2021,9917,1134,Tak,Nie,Nie,Tak,a,Rozszerzony,1070
14,1,29.12.2021,6750,769,Tak,Nie,Nie,Tak,a,Podstawowy,1300
15,1,29.12.2021,9377,875,Tak,Nie,Nie,Tak,d,Rozszerzony,4110
16,1,29.12.2021,7783,806,Tak,Nie,Nie,Tak,a,Rozszerzony,3270
17,1,29.12.2021,7067,953,Tak,Nie,Nie,Tak,a,Podstawowy,50
18,1,29.12.2021,6868,753,Tak,Nie,Nie,Tak,d,Rozszerzony,13840
19,1,29.12.2021,7479,668,Tak,Nie,Nie,Tak,a,Rozszerzony,3240
21,1,29.12.2021,5374,506,Tak,Nie,Nie,Tak,c,Rozszerzony,550
23,1,29.12.2021,4858,445,Tak,Nie,Nie,Tak,d,Podstawowy,4060
24,1,29.12.2021,11639,987,Tak,Nie,Nie,Tak,a,Rozszerzony,4590
25,1,29.12.2021,12261,1622,Tak,Nie,Nie,Tak,c,Podstawowy,430
26,1,29.12.2021,7462,644,Tak,Nie,Nie,Tak,d,Podstawowy,2300
27,1,29.12.2021,11946,1338,Tak,Nie,Nie,Tak,a,Podstawowy,60
28,1,29.12.2021,5145,574,Tak,Nie,Nie,Tak,a,Podstawowy,1200
29,1,29.12.2021,7742,708,Tak,Nie,Nie,Tak,d,Rozszerzony,2170
30,1,29.12.2021,4693,684,Tak,Nie,Nie,Tak,a,Podstawowy,40
31,1,29.12.2021,6853,660,Tak,Nie,Nie,Tak,d,Rozszerzony,9800
33,1,29.12.2021,9228,860,Tak,Nie,Nie,Tak,a,Rozszerzony,1320
34,1,29.12.2021,9680,1158,Tak,Nie,Nie,Tak,c,Podstawowy,2240
35,1,29.12.2021,11138,828,Tak,Nie,Nie,Tak,d,Rozszerzony,7660
37,1,29.12.2021,8256,968,Tak,Nie,Nie,Tak,c,Podstawowy,4230
38,1,29.12.2021,5434,485,Tak,Nie,Nie,Tak,d,Podstawowy,1090
39,1,29.12.2021,4965,647,Tak,Nie,Nie,Tak,a,Podstawowy,260
40,1,29.12.2021,4809,628,Tak,Nie,Nie,Tak,a,Podstawowy,180
42,1,29.12.2021,11385,1140,Tak,Nie,Nie,Tak,a,Rozszerzony,290
43,1,29.12.2021,6286,578,Tak,Nie,Nie,Tak,d,Podstawowy,4880
44,1,29.12.2021,5331,666,Tak,Nie,Nie,Tak,a,Podstawowy,540
45,1,29.12.2021,5228,429,Tak,Nie,Nie,Tak,d,Podstawowy,9710
47,1,29.12.2021,9906,1123,Tak,Nie,Nie,Tak,a,Rozszerzony,270
48,1,29.12.2021,4075,443,Tak,Nie,Nie,Tak,a,Podstawowy,1060
49,1,29.12.2021,6794,475,Tak,Nie,Nie,Tak,d,Rozszerzony,18010
50,1,29.12.2021,4332,387,Tak,Nie,Nie,Tak,d,Podstawowy,6260
1,7,28.12.2021,0,0,Nie,Nie,Nie,Tak,c,Podstawowy,1270
2,7,28.12.2021,0,0,Nie,Nie,Nie,Nie,a,Podstawowy,570
3,7,28.12.2021,0,0,Nie,Nie,Nie,Nie,a,Podstawowy,14130
4,7,28.12.2021,0,0,Nie,Nie,Nie,Nie,c,Rozszerzony,620
5,7,28.12.2021,0,0,Nie,Nie,Nie,Nie,a,Podstawowy,29910
6,7,28.12.2021,0,0,Nie,Nie,Nie,Nie,a,Podstawowy,310
7,7,28.12.2021,0,0,Nie,Nie,Nie,Nie,a,Rozszerzony,24000
8,7,28.12.2021,0,0,Nie,Nie,Nie,Nie,a,Podstawowy,7520
9,7,28.12.2021,0,0,Nie,Nie,Nie,Nie,a,Rozszerzony,2030
10,7,28.12.2021,0,0,Nie,Nie,Nie,Tak,a,Podstawowy,3160
11,7,28.12.2021,0,0,Nie,Nie,Nie,Nie,a,Rozszerzony,960
12,7,28.12.2021,0,0,Nie,Nie,Nie,Nie,a,Rozszerzony,1070
14,7,28.12.2021,0,0,Nie,Nie,Nie,Nie,a,Podstawowy,1300
15,7,28.12.2021,0,0,Nie,Nie,Nie,Nie,d,Rozszerzony,4110
16,7,28.12.2021,0,0,Nie,Nie,Nie,Nie,a,Rozszerzony,3270
17,7,28.12.2021,0,0,Nie,Nie,Nie,Nie,a,Podstawowy,50
18,7,28.12.2021,0,0,Nie,Nie,Nie,Nie,d,Rozszerzony,13840
19,7,28.12.2021,0,0,Nie,Nie,Nie,Nie,a,Rozszerzony,3240
21,7,28.12.2021,0,0,Nie,Nie,Nie,Nie,c,Rozszerzony,550
23,7,28.12.2021,0,0,Nie,Nie,Nie,Nie,d,Podstawowy,4060
24,7,28.12.2021,0,0,Nie,Nie,Nie,Nie,a,Rozszerzony,4590
25,7,28.12.2021,0,0,Nie,Nie,Nie,Nie,c,Podstawowy,430
26,7,28.12.2021,0,0,Nie,Nie,Nie,Nie,d,Podstawowy,2300
27,7,28.12.2021,0,0,Nie,Nie,Nie,Nie,a,Podstawowy,60
28,7,28.12.2021,0,0,Nie,Nie,Nie,Nie,a,Podstawowy,1200
29,7,28.12.2021,0,0,Nie,Nie,Nie,Nie,d,Rozszerzony,2170
30,7,28.12.2021,0,0,Nie,Nie,Nie,Nie,a,Podstawowy,40
31,7,28.12.2021,0,0,Nie,Nie,Nie,Nie,d,Rozszerzony,9800
33,7,28.12.2021,0,0,Nie,Nie,Nie,Nie,a,Rozszerzony,1320
34,7,28.12.2021,0,0,Nie,Nie,Nie,Nie,c,Podstawowy,2240
35,7,28.12.2021,0,0,Nie,Nie,Nie,Nie,d,Rozszerzony,7660
37,7,28.12.2021,0,0,Nie,Nie,Nie,Nie,c,Podstawowy,4230
38,7,28.12.2021,0,0,Nie,Nie,Nie,Nie,d,Podstawowy,1090
39,7,28.12.2021,0,0,Nie,Nie,Nie,Nie,a,Podstawowy,260
40,7,28.12.2021,0,0,Nie,Nie,Nie,Nie,a,Podstawowy,180
42,7,28.12.2021,0,0,Nie,Nie,Nie,Nie,a,Rozszerzony,290
43,7,28.12.2021,0,0,Nie,Nie,Nie,Nie,d,Podstawowy,4880
44,7,28.12.2021,0,0,Nie,Nie,Nie,Nie,a,Podstawowy,540
45,7,28.12.2021,0,0,Nie,Nie,Nie,Nie,d,Podstawowy,9710
47,7,28.12.2021,0,0,Nie,Nie,Nie,Nie,a,Rozszerzony,270
48,7,28.12.2021,0,0,Nie,Nie,Nie,Nie,a,Podstawowy,1060
49,7,28.12.2021,0,0,Nie,Nie,Nie,Nie,d,Rozszerzony,18010
50,7,28.12.2021,0,0,Nie,Nie,Nie,Nie,d,Podstawowy,6260
1,6,27.12.2021,6057,684,Tak,Nie,Nie,Tak,c,Podstawowy,1270
2,6,27.12.2021,3934,457,Tak,Nie,Nie,Nie,a,Podstawowy,570
3,6,27.12.2021,4825,569,Tak,Nie,Nie,Nie,a,Podstawowy,14130
4,6,27.12.2021,12724,1693,Tak,Nie,Nie,Nie,c,Rozszerzony,620
5,6,27.12.2021,2847,317,Tak,Nie,Nie,Nie,a,Podstawowy,29910
6,6,27.12.2021,3990,432,Tak,Nie,Nie,Nie,a,Podstawowy,310
7,6,27.12.2021,8882,917,Tak,Nie,Nie,Nie,a,Rozszerzony,24000
8,6,27.12.2021,3806,502,Tak,Nie,Nie,Nie,a,Podstawowy,7520
9,6,27.12.2021,6096,537,Tak,Nie,Nie,Nie,a,Rozszerzony,2030
10,6,27.12.2021,4787,537,Tak,Nie,Nie,Tak,a,Podstawowy,3160
11,6,27.12.2021,9120,1252,Tak,Nie,Nie,Nie,a,Rozszerzony,960
12,6,27.12.2021,7159,912,Tak,Nie,Nie,Nie,a,Rozszerzony,1070
14,6,27.12.2021,3083,379,Tak,Nie,Nie,Nie,a,Podstawowy,1300
15,6,27.12.2021,6734,736,Tak,Nie,Nie,Nie,d,Rozszerzony,4110
16,6,27.12.2021,5340,535,Tak,Nie,Nie,Nie,a,Rozszerzony,3270
17,6,27.12.2021,3521,497,Tak,Nie,Nie,Nie,a,Podstawowy,50
18,6,27.12.2021,6497,699,Tak,Nie,Nie,Nie,d,Rozszerzony,13840
19,6,27.12.2021,3954,380,Tak,Nie,Nie,Nie,a,Rozszerzony,3240
21,6,27.12.2021,6123,533,Tak,Nie,Nie,Nie,c,Rozszerzony,550
23,6,27.12.2021,3478,347,Tak,Nie,Nie,Nie,d,Podstawowy,4060
24,6,27.12.2021,6918,617,Tak,Nie,Nie,Nie,a,Rozszerzony,4590
25,6,27.12.2021,10386,1337,Tak,Nie,Nie,Nie,c,Podstawowy,430
26,6,27.12.2021,7658,682,Tak,Nie,Nie,Nie,d,Podstawowy,2300
27,6,27.12.2021,8294,1018,Tak,Nie,Nie,Nie,a,Podstawowy,60
28,6,27.12.2021,2625,324,Tak,Nie,Nie,Nie,a,Podstawowy,1200
29,6,27.12.2021,7162,659,Tak,Nie,Nie,Nie,d,Rozszerzony,2170
30,6,27.12.2021,3789,657,Tak,Nie,Nie,Nie,a,Podstawowy,40
31,6,27.12.2021,6474,688,Tak,Nie,Nie,Nie,d,Rozszerzony,9800
33,6,27.12.2021,7985,821,Tak,Nie,Nie,Nie,a,Rozszerzony,1320
34,6,27.12.2021,8151,1000,Tak,Nie,Nie,Nie,c,Podstawowy,2240
35,6,27.12.2021,8616,737,Tak,Nie,Nie,Nie,d,Rozszerzony,7660
37,6,27.12.2021,10054,1223,Tak,Nie,Nie,Nie,c,Podstawowy,4230
38,6,27.12.2021,5909,570,Tak,Nie,Nie,Nie,d,Podstawowy,1090
39,6,27.12.2021,2261,326,Tak,Nie,Nie,Nie,a,Podstawowy,260
40,6,27.12.2021,4035,588,Tak,Nie,Nie,Nie,a,Podstawowy,180
42,6,27.12.2021,7072,792,Tak,Nie,Nie,Nie,a,Rozszerzony,290
43,6,27.12.2021,4397,394,Tak,Nie,Nie,Nie,d,Podstawowy,4880
44,6,27.12.2021,3991,549,Tak,Nie,Nie,Nie,a,Podstawowy,540
45,6,27.12.2021,4680,352,Tak,Nie,Nie,Nie,d,Podstawowy,9710
47,6,27.12.2021,6664,864,Tak,Nie,Nie,Nie,a,Rozszerzony,270
48,6,27.12.2021,2930,328,Tak,Nie,Nie,Nie,a,Podstawowy,1060
49,6,27.12.2021,6044,430,Tak,Nie,Nie,Nie,d,Rozszerzony,18010
50,6,27.12.2021,3116,317,Tak,Nie,Nie,Nie,d,Podstawowy,6260
1,5,26.12.2021,0,0,Nie,Nie,Boże Narodzenie,Tak,c,Podstawowy,1270
2,5,26.12.2021,0,0,Nie,Nie,Boże Narodzenie,Tak,a,Podstawowy,570
3,5,26.12.2021,0,0,Nie,Nie,Boże Narodzenie,Tak,a,Podstawowy,14130
4,5,26.12.2021,0,0,Nie,Nie,Boże Narodzenie,Tak,c,Rozszerzony,620
5,5,26.12.2021,0,0,Nie,Nie,Boże Narodzenie,Tak,a,Podstawowy,29910
6,5,26.12.2021,0,0,Nie,Nie,Boże Narodzenie,Tak,a,Podstawowy,310
7,5,26.12.2021,0,0,Nie,Nie,Boże Narodzenie,Tak,a,Rozszerzony,24000
8,5,26.12.2021,0,0,Nie,Nie,Boże Narodzenie,Tak,a,Podstawowy,7520
9,5,26.12.2021,0,0,Nie,Nie,Boże Narodzenie,Tak,a,Rozszerzony,2030
10,5,26.12.2021,0,0,Nie,Nie,Boże Narodzenie,Tak,a,Podstawowy,3160
11,5,26.12.2021,0,0,Nie,Nie,Boże Narodzenie,Tak,a,Rozszerzony,960
12,5,26.12.2021,0,0,Nie,Nie,Boże Narodzenie,Tak,a,Rozszerzony,1070
14,5,26.12.2021,0,0,Nie,Nie,Boże Narodzenie,Tak,a,Podstawowy,1300
15,5,26.12.2021,0,0,Nie,Nie,Boże Narodzenie,Tak,d,Rozszerzony,4110
16,5,26.12.2021,0,0,Nie,Nie,Boże Narodzenie,Tak,a,Rozszerzony,3270
17,5,26.12.2021,0,0,Nie,Nie,Boże Narodzenie,Tak,a,Podstawowy,50
18,5,26.12.2021,0,0,Nie,Nie,Boże Narodzenie,Tak,d,Rozszerzony,13840
19,5,26.12.2021,0,0,Nie,Nie,Boże Narodzenie,Tak,a,Rozszerzony,3240
21,5,26.12.2021,0,0,Nie,Nie,Boże Narodzenie,Tak,c,Rozszerzony,550
23,5,26.12.2021,0,0,Nie,Nie,Boże Narodzenie,Tak,d,Podstawowy,4060
24,5,26.12.2021,0,0,Nie,Nie,Boże Narodzenie,Tak,a,Rozszerzony,4590
25,5,26.12.2021,0,0,Nie,Nie,Boże Narodzenie,Tak,c,Podstawowy,430
26,5,26.12.2021,0,0,Nie,Nie,Boże Narodzenie,Tak,d,Podstawowy,2300
27,5,26.12.2021,0,0,Nie,Nie,Boże Narodzenie,Tak,a,Podstawowy,60
28,5,26.12.2021,0,0,Nie,Nie,Boże Narodzenie,Tak,a,Podstawowy,1200
29,5,26.12.2021,0,0,Nie,Nie,Boże Narodzenie,Tak,d,Rozszerzony,2170
30,5,26.12.2021,0,0,Nie,Nie,Boże Narodzenie,Tak,a,Podstawowy,40
31,5,26.12.2021,0,0,Nie,Nie,Boże Narodzenie,Tak,d,Rozszerzony,9800
33,5,26.12.2021,0,0,Nie,Nie,Boże Narodzenie,Tak,a,Rozszerzony,1320
34,5,26.12.2021,0,0,Nie,Nie,Boże Narodzenie,Tak,c,Podstawowy,2240
35,5,26.12.2021,0,0,Nie,Nie,Boże Narodzenie,Tak,d,Rozszerzony,7660
37,5,26.12.2021,0,0,Nie,Nie,Boże Narodzenie,Tak,c,Podstawowy,4230
38,5,26.12.2021,0,0,Nie,Nie,Boże Narodzenie,Tak,d,Podstawowy,1090
39,5,26.12.2021,0,0,Nie,Nie,Boże Narodzenie,Tak,a,Podstawowy,260
40,5,26.12.2021,0,0,Nie,Nie,Boże Narodzenie,Tak,a,Podstawowy,180
42,5,26.12.2021,0,0,Nie,Nie,Boże Narodzenie,Tak,a,Rozszerzony,290
43,5,26.12.2021,0,0,Nie,Nie,Boże Narodzenie,Tak,d,Podstawowy,4880
44,5,26.12.2021,0,0,Nie,Nie,Boże Narodzenie,Tak,a,Podstawowy,540
45,5,26.12.2021,0,0,Nie,Nie,Boże Narodzenie,Tak,d,Podstawowy,9710
47,5,26.12.2021,0,0,Nie,Nie,Boże Narodzenie,Tak,a,Rozszerzony,270
48,5,26.12.2021,0,0,Nie,Nie,Boże Narodzenie,Tak,a,Podstawowy,1060
49,5,26.12.2021,0,0,Nie,Nie,Boże Narodzenie,Tak,d,Rozszerzony,18010
50,5,26.12.2021,0,0,Nie,Nie,Boże Narodzenie,Tak,d,Podstawowy,6260
1,4,25.12.2021,0,0,Nie,Nie,Boże Narodzenie,Tak,c,Podstawowy,1270
2,4,25.12.2021,0,0,Nie,Nie,Boże Narodzenie,Tak,a,Podstawowy,570
3,4,25.12.2021,0,0,Nie,Nie,Boże Narodzenie,Tak,a,Podstawowy,14130
4,4,25.12.2021,0,0,Nie,Nie,Boże Narodzenie,Tak,c,Rozszerzony,620
5,4,25.12.2021,0,0,Nie,Nie,Boże Narodzenie,Tak,a,Podstawowy,29910
6,4,25.12.2021,0,0,Nie,Nie,Boże Narodzenie,Tak,a,Podstawowy,310
7,4,25.12.2021,0,0,Nie,Nie,Boże Narodzenie,Tak,a,Rozszerzony,24000
8,4,25.12.2021,0,0,Nie,Nie,Boże Narodzenie,Tak,a,Podstawowy,7520
9,4,25.12.2021,0,0,Nie,Nie,Boże Narodzenie,Tak,a,Rozszerzony,2030
10,4,25.12.2021,0,0,Nie,Nie,Boże Narodzenie,Tak,a,Podstawowy,3160
11,4,25.12.2021,0,0,Nie,Nie,Boże Narodzenie,Tak,a,Rozszerzony,960
12,4,25.12.2021,0,0,Nie,Nie,Boże Narodzenie,Tak,a,Rozszerzony,1070
14,4,25.12.2021,0,0,Nie,Nie,Boże Narodzenie,Tak,a,Podstawowy,1300
15,4,25.12.2021,0,0,Nie,Nie,Boże Narodzenie,Tak,d,Rozszerzony,4110
16,4,25.12.2021,0,0,Nie,Nie,Boże Narodzenie,Tak,a,Rozszerzony,3270
17,4,25.12.2021,0,0,Nie,Nie,Boże Narodzenie,Tak,a,Podstawowy,50
18,4,25.12.2021,0,0,Nie,Nie,Boże Narodzenie,Tak,d,Rozszerzony,13840
19,4,25.12.2021,0,0,Nie,Nie,Boże Narodzenie,Tak,a,Rozszerzony,3240
21,4,25.12.2021,0,0,Nie,Nie,Boże Narodzenie,Tak,c,Rozszerzony,550
23,4,25.12.2021,0,0,Nie,Nie,Boże Narodzenie,Tak,d,Podstawowy,4060
24,4,25.12.2021,0,0,Nie,Nie,Boże Narodzenie,Tak,a,Rozszerzony,4590
25,4,25.12.2021,0,0,Nie,Nie,Boże Narodzenie,Tak,c,Podstawowy,430
26,4,25.12.2021,0,0,Nie,Nie,Boże Narodzenie,Tak,d,Podstawowy,2300
27,4,25.12.2021,0,0,Nie,Nie,Boże Narodzenie,Tak,a,Podstawowy,60
28,4,25.12.2021,0,0,Nie,Nie,Boże Narodzenie,Tak,a,Podstawowy,1200
29,4,25.12.2021,0,0,Nie,Nie,Boże Narodzenie,Tak,d,Rozszerzony,2170
30,4,25.12.2021,0,0,Nie,Nie,Boże Narodzenie,Tak,a,Podstawowy,40
31,4,25.12.2021,0,0,Nie,Nie,Boże Narodzenie,Tak,d,Rozszerzony,9800
33,4,25.12.2021,0,0,Nie,Nie,Boże Narodzenie,Tak,a,Rozszerzony,1320
34,4,25.12.2021,0,0,Nie,Nie,Boże Narodzenie,Tak,c,Podstawowy,2240
35,4,25.12.2021,0,0,Nie,Nie,Boże Narodzenie,Tak,d,Rozszerzony,7660
37,4,25.12.2021,0,0,Nie,Nie,Boże Narodzenie,Tak,c,Podstawowy,4230
38,4,25.12.2021,0,0,Nie,Nie,Boże Narodzenie,Tak,d,Podstawowy,1090
39,4,25.12.2021,0,0,Nie,Nie,Boże Narodzenie,Tak,a,Podstawowy,260
40,4,25.12.2021,0,0,Nie,Nie,Boże Narodzenie,Tak,a,Podstawowy,180
42,4,25.12.2021,0,0,Nie,Nie,Boże Narodzenie,Tak,a,Rozszerzony,290
43,4,25.12.2021,0,0,Nie,Nie,Boże Narodzenie,Tak,d,Podstawowy,4880
44,4,25.12.2021,0,0,Nie,Nie,Boże Narodzenie,Tak,a,Podstawowy,540
45,4,25.12.2021,0,0,Nie,Nie,Boże Narodzenie,Tak,d,Podstawowy,9710
47,4,25.12.2021,0,0,Nie,Nie,Boże Narodzenie,Tak,a,Rozszerzony,270
48,4,25.12.2021,0,0,Nie,Nie,Boże Narodzenie,Tak,a,Podstawowy,1060
49,4,25.12.2021,0,0,Nie,Nie,Boże Narodzenie,Tak,d,Rozszerzony,18010
50,4,25.12.2021,0,0,Nie,Nie,Boże Narodzenie,Tak,d,Podstawowy,6260
1,3,24.12.2021,3659,421,Tak,Nie,Nie,Tak,c,Podstawowy,1270
2,3,24.12.2021,2437,274,Tak,Nie,Nie,Tak,a,Podstawowy,570
3,3,24.12.2021,4310,582,Tak,Nie,Nie,Tak,a,Podstawowy,14130
4,3,24.12.2021,6551,856,Tak,Nie,Nie,Tak,c,Rozszerzony,620
5,3,24.12.2021,2850,311,Tak,Nie,Nie,Tak,a,Podstawowy,29910
6,3,24.12.2021,3357,355,Tak,Nie,Nie,Tak,a,Podstawowy,310
7,3,24.12.2021,5458,550,Tak,Nie,Nie,Tak,a,Rozszerzony,24000
8,3,24.12.2021,3738,401,Tak,Nie,Nie,Tak,a,Podstawowy,7520
9,3,24.12.2021,4885,499,Tak,Nie,Nie,Tak,a,Rozszerzony,2030
10,3,24.12.2021,5239,512,Tak,Nie,Nie,Tak,a,Podstawowy,3160
11,3,24.12.2021,6363,825,Tak,Nie,Nie,Tak,a,Rozszerzony,960
12,3,24.12.2021,4984,632,Tak,Nie,Nie,Tak,a,Rozszerzony,1070
14,3,24.12.2021,3585,475,Tak,Nie,Nie,Tak,a,Podstawowy,1300
15,3,24.12.2021,4908,528,Tak,Nie,Nie,Tak,d,Rozszerzony,4110
16,3,24.12.2021,7373,662,Tak,Nie,Nie,Tak,a,Rozszerzony,3270
17,3,24.12.2021,3123,423,Tak,Nie,Nie,Tak,a,Podstawowy,50
18,3,24.12.2021,4606,525,Tak,Nie,Nie,Tak,d,Rozszerzony,13840
19,3,24.12.2021,4819,453,Tak,Nie,Nie,Tak,a,Rozszerzony,3240
21,3,24.12.2021,3809,405,Tak,Nie,Nie,Tak,c,Rozszerzony,550
23,3,24.12.2021,4332,421,Tak,Nie,Nie,Tak,d,Podstawowy,4060
24,3,24.12.2021,8193,753,Tak,Nie,Nie,Tak,a,Rozszerzony,4590
25,3,24.12.2021,7858,978,Tak,Nie,Nie,Tak,c,Podstawowy,430
26,3,24.12.2021,4094,351,Tak,Nie,Nie,Tak,d,Podstawowy,2300
27,3,24.12.2021,4583,542,Tak,Nie,Nie,Tak,a,Podstawowy,60
28,3,24.12.2021,2644,303,Tak,Nie,Nie,Tak,a,Podstawowy,1200
29,3,24.12.2021,5861,516,Tak,Nie,Nie,Tak,d,Rozszerzony,2170
30,3,24.12.2021,2966,426,Tak,Nie,Nie,Tak,a,Podstawowy,40
31,3,24.12.2021,4250,443,Tak,Nie,Nie,Tak,d,Rozszerzony,9800
33,3,24.12.2021,7613,796,Tak,Nie,Nie,Tak,a,Rozszerzony,1320
34,3,24.12.2021,5290,560,Tak,Nie,Nie,Tak,c,Podstawowy,2240
35,3,24.12.2021,6167,496,Tak,Nie,Nie,Tak,d,Rozszerzony,7660
37,3,24.12.2021,3833,408,Tak,Nie,Nie,Tak,c,Podstawowy,4230
38,3,24.12.2021,3933,405,Tak,Nie,Nie,Tak,d,Podstawowy,1090
39,3,24.12.2021,3753,459,Tak,Nie,Nie,Tak,a,Podstawowy,260
40,3,24.12.2021,1701,250,Tak,Nie,Nie,Tak,a,Podstawowy,180
42,3,24.12.2021,7297,812,Tak,Nie,Nie,Tak,a,Rozszerzony,290
43,3,24.12.2021,4766,464,Tak,Nie,Nie,Tak,d,Podstawowy,4880
44,3,24.12.2021,3656,458,Tak,Nie,Nie,Tak,a,Podstawowy,540
45,3,24.12.2021,5271,429,Tak,Nie,Nie,Tak,d,Podstawowy,9710
47,3,24.12.2021,4460,584,Tak,Nie,Nie,Tak,a,Rozszerzony,270
48,3,24.12.2021,2236,287,Tak,Nie,Nie,Tak,a,Podstawowy,1060
49,3,24.12.2021,7207,532,Tak,Nie,Nie,Tak,d,Rozszerzony,18010
50,3,24.12.2021,2686,246,Tak,Nie,Nie,Tak,d,Podstawowy,6260
1,2,23.12.2021,7959,957,Tak,Nie,Nie,Tak,c,Podstawowy,1270
2,2,23.12.2021,7557,816,Tak,Nie,Nie,Tak,a,Podstawowy,570
3,2,23.12.2021,12121,1352,Tak,Nie,Nie,Tak,a,Podstawowy,14130
4,2,23.12.2021,15839,2071,Tak,Nie,Nie,Tak,c,Rozszerzony,620
5,2,23.12.2021,9164,876,Tak,Nie,Nie,Tak,a,Podstawowy,29910
6,2,23.12.2021,7982,889,Tak,Nie,Nie,Tak,a,Podstawowy,310
7,2,23.12.2021,14590,1364,Tak,Nie,Nie,Tak,a,Rozszerzony,24000
8,2,23.12.2021,7962,928,Tak,Nie,Nie,Tak,a,Podstawowy,7520
9,2,23.12.2021,10636,988,Tak,Nie,Nie,Tak,a,Rozszerzony,2030
10,2,23.12.2021,8406,893,Tak,Nie,Nie,Tak,a,Podstawowy,3160
11,2,23.12.2021,17111,1944,Tak,Nie,Nie,Tak,a,Rozszerzony,960
12,2,23.12.2021,11122,1316,Tak,Nie,Nie,Tak,a,Rozszerzony,1070
14,2,23.12.2021,8947,1041,Tak,Nie,Nie,Tak,a,Podstawowy,1300
15,2,23.12.2021,10465,1050,Tak,Nie,Nie,Tak,d,Rozszerzony,4110
16,2,23.12.2021,12757,1269,Tak,Nie,Nie,Tak,a,Rozszerzony,3270
17,2,23.12.2021,10494,1289,Tak,Nie,Nie,Tak,a,Podstawowy,50
18,2,23.12.2021,12169,1220,Tak,Nie,Nie,Tak,d,Rozszerzony,13840
19,2,23.12.2021,10283,954,Tak,Nie,Nie,Tak,a,Rozszerzony,3240
21,2,23.12.2021,6527,711,Tak,Nie,Nie,Tak,c,Rozszerzony,550
23,2,23.12.2021,10075,887,Tak,Nie,Nie,Tak,d,Podstawowy,4060
24,2,23.12.2021,18596,1552,Tak,Nie,Nie,Tak,a,Rozszerzony,4590
25,2,23.12.2021,15300,2008,Tak,Nie,Nie,Tak,c,Podstawowy,430
26,2,23.12.2021,12019,959,Tak,Nie,Nie,Tak,d,Podstawowy,2300
27,2,23.12.2021,14266,1698,Tak,Nie,Nie,Tak,a,Podstawowy,60
28,2,23.12.2021,7944,837,Tak,Nie,Nie,Tak,a,Podstawowy,1200
29,2,23.12.2021,13202,1125,Tak,Nie,Nie,Tak,d,Rozszerzony,2170
30,2,23.12.2021,6038,899,Tak,Nie,Nie,Tak,a,Podstawowy,40
31,2,23.12.2021,11487,1045,Tak,Nie,Nie,Tak,d,Rozszerzony,9800
33,2,23.12.2021,14351,1311,Tak,Nie,Nie,Tak,a,Rozszerzony,1320
34,2,23.12.2021,12383,1449,Tak,Nie,Nie,Tak,c,Podstawowy,2240
35,2,23.12.2021,14023,1068,Tak,Nie,Nie,Tak,d,Rozszerzony,7660
37,2,23.12.2021,12445,1267,Tak,Nie,Nie,Tak,c,Podstawowy,4230
38,2,23.12.2021,8532,820,Tak,Nie,Nie,Tak,d,Podstawowy,1090
39,2,23.12.2021,6787,818,Tak,Nie,Nie,Tak,a,Podstawowy,260
40,2,23.12.2021,6571,932,Tak,Nie,Nie,Tak,a,Podstawowy,180
42,2,23.12.2021,15568,1667,Tak,Nie,Nie,Tak,a,Rozszerzony,290
43,2,23.12.2021,10124,986,Tak,Nie,Nie,Tak,d,Podstawowy,4880
44,2,23.12.2021,8995,1021,Tak,Nie,Nie,Tak,a,Podstawowy,540
45,2,23.12.2021,10150,790,Tak,Nie,Nie,Tak,d,Podstawowy,9710
47,2,23.12.2021,11262,1341,Tak,Nie,Nie,Tak,a,Rozszerzony,270
48,2,23.12.2021,6183,650,Tak,Nie,Nie,Tak,a,Podstawowy,1060
49,2,23.12.2021,17743,1166,Tak,Nie,Nie,Tak,d,Rozszerzony,18010
50,2,23.12.2021,6846,581,Tak,Nie,Nie,Tak,d,Podstawowy,6260
1,1,22.12.2021,9331,1080,Tak,Nie,Nie,Tak,c,Podstawowy,1270
2,1,22.12.2021,9027,924,Tak,Nie,Nie,Tak,a,Podstawowy,570
3,1,22.12.2021,11282,1209,Tak,Nie,Nie,Tak,a,Podstawowy,14130
4,1,22.12.2021,14572,1878,Tak,Nie,Nie,Tak,c,Rozszerzony,620
5,1,22.12.2021,8765,950,Tak,Nie,Nie,Tak,a,Podstawowy,29910
6,1,22.12.2021,9297,878,Tak,Nie,Nie,Tak,a,Podstawowy,310
7,1,22.12.2021,12528,1225,Tak,Nie,Nie,Tak,a,Rozszerzony,24000
8,1,22.12.2021,7248,810,Tak,Nie,Nie,Tak,a,Podstawowy,7520
9,1,22.12.2021,11569,961,Tak,Nie,Nie,Tak,a,Rozszerzony,2030
10,1,22.12.2021,8597,858,Tak,Nie,Nie,Tak,a,Podstawowy,3160
11,1,22.12.2021,16610,1885,Tak,Nie,Nie,Tak,a,Rozszerzony,960
12,1,22.12.2021,9775,1113,Tak,Nie,Nie,Tak,a,Rozszerzony,1070
14,1,22.12.2021,9341,1020,Tak,Nie,Nie,Tak,a,Podstawowy,1300
15,1,22.12.2021,11166,1057,Tak,Nie,Nie,Tak,d,Rozszerzony,4110
16,1,22.12.2021,13372,1262,Tak,Nie,Nie,Tak,a,Rozszerzony,3270
17,1,22.12.2021,13241,1461,Tak,Nie,Nie,Tak,a,Podstawowy,50
18,1,22.12.2021,12407,1160,Tak,Nie,Nie,Tak,d,Rozszerzony,13840
19,1,22.12.2021,10076,920,Tak,Nie,Nie,Tak,a,Rozszerzony,3240
21,1,22.12.2021,7930,764,Tak,Nie,Nie,Tak,c,Rozszerzony,550
23,1,22.12.2021,10428,887,Tak,Nie,Nie,Tak,d,Podstawowy,4060
24,1,22.12.2021,18178,1480,Tak,Nie,Nie,Tak,a,Rozszerzony,4590
25,1,22.12.2021,16255,2142,Tak,Nie,Nie,Tak,c,Podstawowy,430
26,1,22.12.2021,14428,1034,Tak,Nie,Nie,Tak,d,Podstawowy,2300
27,1,22.12.2021,15062,1708,Tak,Nie,Nie,Tak,a,Podstawowy,60
28,1,22.12.2021,8789,900,Tak,Nie,Nie,Tak,a,Podstawowy,1200
29,1,22.12.2021,13589,1115,Tak,Nie,Nie,Tak,d,Rozszerzony,2170
30,1,22.12.2021,6196,904,Tak,Nie,Nie,Tak,a,Podstawowy,40
31,1,22.12.2021,10877,1007,Tak,Nie,Nie,Tak,d,Rozszerzony,9800
33,1,22.12.2021,13486,1276,Tak,Nie,Nie,Tak,a,Rozszerzony,1320
34,1,22.12.2021,11601,1380,Tak,Nie,Nie,Tak,c,Podstawowy,2240
35,1,22.12.2021,14808,1071,Tak,Nie,Nie,Tak,d,Rozszerzony,7660
37,1,22.12.2021,13931,1397,Tak,Nie,Nie,Tak,c,Podstawowy,4230
38,1,22.12.2021,7969,738,Tak,Nie,Nie,Tak,d,Podstawowy,1090
39,1,22.12.2021,7307,874,Tak,Nie,Nie,Tak,a,Podstawowy,260
40,1,22.12.2021,6636,977,Tak,Nie,Nie,Tak,a,Podstawowy,180
42,1,22.12.2021,16927,1681,Tak,Nie,Nie,Tak,a,Rozszerzony,290
43,1,22.12.2021,10807,976,Tak,Nie,Nie,Tak,d,Podstawowy,4880
44,1,22.12.2021,7418,875,Tak,Nie,Nie,Tak,a,Podstawowy,540
45,1,22.12.2021,9750,764,Tak,Nie,Nie,Tak,d,Podstawowy,9710
47,1,22.12.2021,10870,1206,Tak,Nie,Nie,Tak,a,Rozszerzony,270
48,1,22.12.2021,5896,551,Tak,Nie,Nie,Tak,a,Podstawowy,1060
49,1,22.12.2021,15331,1016,Tak,Nie,Nie,Tak,d,Rozszerzony,18010
50,1,22.12.2021,7693,641,Tak,Nie,Nie,Tak,d,Podstawowy,6260
1,7,21.12.2021,0,0,Nie,Nie,Nie,Nie,c,Podstawowy,1270
2,7,21.12.2021,0,0,Nie,Nie,Nie,Nie,a,Podstawowy,570
3,7,21.12.2021,0,0,Nie,Nie,Nie,Nie,a,Podstawowy,14130
4,7,21.12.2021,0,0,Nie,Nie,Nie,Nie,c,Rozszerzony,620
5,7,21.12.2021,0,0,Nie,Nie,Nie,Nie,a,Podstawowy,29910
6,7,21.12.2021,0,0,Nie,Nie,Nie,Nie,a,Podstawowy,310
7,7,21.12.2021,0,0,Nie,Nie,Nie,Nie,a,Rozszerzony,24000
8,7,21.12.2021,0,0,Nie,Nie,Nie,Nie,a,Podstawowy,7520
9,7,21.12.2021,0,0,Nie,Nie,Nie,Nie,a,Rozszerzony,2030
10,7,21.12.2021,0,0,Nie,Nie,Nie,Nie,a,Podstawowy,3160
11,7,21.12.2021,0,0,Nie,Nie,Nie,Nie,a,Rozszerzony,960
12,7,21.12.2021,0,0,Nie,Nie,Nie,Nie,a,Rozszerzony,1070
14,7,21.12.2021,0,0,Nie,Nie,Nie,Nie,a,Podstawowy,1300
15,7,21.12.2021,0,0,Nie,Nie,Nie,Nie,d,Rozszerzony,4110
16,7,21.12.2021,0,0,Nie,Nie,Nie,Nie,a,Rozszerzony,3270
17,7,21.12.2021,0,0,Nie,Nie,Nie,Nie,a,Podstawowy,50
18,7,21.12.2021,0,0,Nie,Nie,Nie,Nie,d,Rozszerzony,13840
19,7,21.12.2021,0,0,Nie,Nie,Nie,Nie,a,Rozszerzony,3240
21,7,21.12.2021,0,0,Nie,Nie,Nie,Nie,c,Rozszerzony,550
23,7,21.12.2021,0,0,Nie,Nie,Nie,Nie,d,Podstawowy,4060
24,7,21.12.2021,0,0,Nie,Nie,Nie,Nie,a,Rozszerzony,4590
25,7,21.12.2021,0,0,Nie,Nie,Nie,Nie,c,Podstawowy,430
26,7,21.12.2021,0,0,Nie,Nie,Nie,Nie,d,Podstawowy,2300
27,7,21.12.2021,0,0,Nie,Nie,Nie,Nie,a,Podstawowy,60
28,7,21.12.2021,0,0,Nie,Nie,Nie,Nie,a,Podstawowy,1200
29,7,21.12.2021,0,0,Nie,Nie,Nie,Nie,d,Rozszerzony,2170
30,7,21.12.2021,0,0,Nie,Nie,Nie,Nie,a,Podstawowy,40
31,7,21.12.2021,0,0,Nie,Nie,Nie,Nie,d,Rozszerzony,9800
33,7,21.12.2021,0,0,Nie,Nie,Nie,Nie,a,Rozszerzony,1320
34,7,21.12.2021,0,0,Nie,Nie,Nie,Nie,c,Podstawowy,2240
35,7,21.12.2021,0,0,Nie,Nie,Nie,Nie,d,Rozszerzony,7660
37,7,21.12.2021,0,0,Nie,Nie,Nie,Nie,c,Podstawowy,4230
38,7,21.12.2021,0,0,Nie,Nie,Nie,Nie,d,Podstawowy,1090
39,7,21.12.2021,0,0,Nie,Nie,Nie,Nie,a,Podstawowy,260
40,7,21.12.2021,0,0,Nie,Nie,Nie,Nie,a,Podstawowy,180
42,7,21.12.2021,0,0,Nie,Nie,Nie,Nie,a,Rozszerzony,290
43,7,21.12.2021,0,0,Nie,Nie,Nie,Nie,d,Podstawowy,4880
44,7,21.12.2021,0,0,Nie,Nie,Nie,Nie,a,Podstawowy,540
45,7,21.12.2021,0,0,Nie,Nie,Nie,Nie,d,Podstawowy,9710
47,7,21.12.2021,0,0,Nie,Nie,Nie,Nie,a,Rozszerzony,270
48,7,21.12.2021,0,0,Nie,Nie,Nie,Nie,a,Podstawowy,1060
49,7,21.12.2021,0,0,Nie,Nie,Nie,Nie,d,Rozszerzony,18010
50,7,21.12.2021,0,0,Nie,Nie,Nie,Nie,d,Podstawowy,6260
1,6,20.12.2021,8367,962,Tak,Nie,Nie,Nie,c,Podstawowy,1270
2,6,20.12.2021,4553,495,Tak,Nie,Nie,Nie,a,Podstawowy,570
3,6,20.12.2021,8094,839,Tak,Nie,Nie,Nie,a,Podstawowy,14130
4,6,20.12.2021,13884,1741,Tak,Nie,Nie,Nie,c,Rozszerzony,620
5,6,20.12.2021,3912,346,Tak,Nie,Nie,Nie,a,Podstawowy,29910
6,6,20.12.2021,5142,468,Tak,Nie,Nie,Nie,a,Podstawowy,310
7,6,20.12.2021,7921,758,Tak,Nie,Nie,Nie,a,Rozszerzony,24000
8,6,20.12.2021,4339,487,Tak,Nie,Nie,Nie,a,Podstawowy,7520
9,6,20.12.2021,9540,793,Tak,Nie,Nie,Nie,a,Rozszerzony,2030
10,6,20.12.2021,6482,609,Tak,Nie,Nie,Nie,a,Podstawowy,3160
11,6,20.12.2021,12715,1471,Tak,Nie,Nie,Nie,a,Rozszerzony,960
12,6,20.12.2021,8285,959,Tak,Nie,Nie,Nie,a,Rozszerzony,1070
14,6,20.12.2021,5474,606,Tak,Nie,Nie,Nie,a,Podstawowy,1300
15,6,20.12.2021,8403,765,Tak,Nie,Nie,Nie,d,Rozszerzony,4110
16,6,20.12.2021,8670,812,Tak,Nie,Nie,Nie,a,Rozszerzony,3270
17,6,20.12.2021,6150,695,Tak,Nie,Nie,Nie,a,Podstawowy,50
18,6,20.12.2021,7418,684,Tak,Nie,Nie,Nie,d,Rozszerzony,13840
19,6,20.12.2021,6338,539,Tak,Nie,Nie,Nie,a,Rozszerzony,3240
21,6,20.12.2021,6417,603,Tak,Nie,Nie,Nie,c,Rozszerzony,550
23,6,20.12.2021,7406,629,Tak,Nie,Nie,Nie,d,Podstawowy,4060
24,6,20.12.2021,11443,962,Tak,Nie,Nie,Nie,a,Rozszerzony,4590
25,6,20.12.2021,11146,1492,Tak,Nie,Nie,Nie,c,Podstawowy,430
26,6,20.12.2021,9672,739,Tak,Nie,Nie,Nie,d,Podstawowy,2300
27,6,20.12.2021,12211,1365,Tak,Nie,Nie,Nie,a,Podstawowy,60
28,6,20.12.2021,3745,394,Tak,Nie,Nie,Nie,a,Podstawowy,1200
29,6,20.12.2021,11284,896,Tak,Nie,Nie,Nie,d,Rozszerzony,2170
30,6,20.12.2021,5913,862,Tak,Nie,Nie,Nie,a,Podstawowy,40
31,6,20.12.2021,8739,746,Tak,Nie,Nie,Nie,d,Rozszerzony,9800
33,6,20.12.2021,11583,1051,Tak,Nie,Nie,Nie,a,Rozszerzony,1320
34,6,20.12.2021,10387,1183,Tak,Nie,Nie,Nie,c,Podstawowy,2240
35,6,20.12.2021,11229,757,Tak,Nie,Nie,Nie,d,Rozszerzony,7660
37,6,20.12.2021,10853,1168,Tak,Nie,Nie,Nie,c,Podstawowy,4230
38,6,20.12.2021,8026,684,Tak,Nie,Nie,Nie,d,Podstawowy,1090
39,6,20.12.2021,4105,550,Tak,Nie,Nie,Nie,a,Podstawowy,260
40,6,20.12.2021,7937,1060,Tak,Nie,Nie,Nie,a,Podstawowy,180
42,6,20.12.2021,12305,1225,Tak,Nie,Nie,Nie,a,Rozszerzony,290
43,6,20.12.2021,6778,624,Tak,Nie,Nie,Nie,d,Podstawowy,4880
44,6,20.12.2021,5323,594,Tak,Nie,Nie,Nie,a,Podstawowy,540
45,6,20.12.2021,8201,613,Tak,Nie,Nie,Nie,d,Podstawowy,9710
47,6,20.12.2021,7915,922,Tak,Nie,Nie,Nie,a,Rozszerzony,270
48,6,20.12.2021,4066,392,Tak,Nie,Nie,Nie,a,Podstawowy,1060
49,6,20.12.2021,11508,743,Tak,Nie,Nie,Nie,d,Rozszerzony,18010
50,6,20.12.2021,6922,553,Tak,Nie,Nie,Nie,d,Podstawowy,6260
1,5,19.12.2021,7558,884,Tak,Tak,Nie,Nie,c,Podstawowy,1270
2,5,19.12.2021,7574,718,Tak,Tak,Nie,Nie,a,Podstawowy,570
3,5,19.12.2021,9598,957,Tak,Tak,Nie,Nie,a,Podstawowy,14130
4,5,19.12.2021,13591,1666,Tak,Tak,Nie,Nie,c,Rozszerzony,620
5,5,19.12.2021,7085,721,Tak,Tak,Nie,Nie,a,Podstawowy,29910
6,5,19.12.2021,7554,748,Tak,Tak,Nie,Nie,a,Podstawowy,310
7,5,19.12.2021,11603,1112,Tak,Tak,Nie,Nie,a,Rozszerzony,24000
8,5,19.12.2021,7381,775,Tak,Tak,Nie,Nie,a,Podstawowy,7520
9,5,19.12.2021,8996,736,Tak,Tak,Nie,Nie,a,Rozszerzony,2030
10,5,19.12.2021,6922,710,Tak,Tak,Nie,Nie,a,Podstawowy,3160
11,5,19.12.2021,15026,1809,Tak,Tak,Nie,Nie,a,Rozszerzony,960
12,5,19.12.2021,11494,1164,Tak,Tak,Nie,Nie,a,Rozszerzony,1070
14,5,19.12.2021,7767,736,Tak,Tak,Nie,Nie,a,Podstawowy,1300
15,5,19.12.2021,9640,855,Tak,Tak,Nie,Nie,d,Rozszerzony,4110
16,5,19.12.2021,11377,1124,Tak,Tak,Nie,Nie,a,Rozszerzony,3270
17,5,19.12.2021,10295,992,Tak,Tak,Nie,Nie,a,Podstawowy,50
18,5,19.12.2021,11512,1020,Tak,Tak,Nie,Nie,d,Rozszerzony,13840
19,5,19.12.2021,8942,760,Tak,Tak,Nie,Nie,a,Rozszerzony,3240
21,5,19.12.2021,8624,702,Tak,Tak,Nie,Nie,c,Rozszerzony,550
23,5,19.12.2021,8545,668,Tak,Tak,Nie,Nie,d,Podstawowy,4060
24,5,19.12.2021,14344,1080,Tak,Tak,Nie,Nie,a,Rozszerzony,4590
25,5,19.12.2021,12900,1743,Tak,Tak,Nie,Nie,c,Podstawowy,430
26,5,19.12.2021,11181,743,Tak,Tak,Nie,Nie,d,Podstawowy,2300
27,5,19.12.2021,13457,1368,Tak,Tak,Nie,Nie,a,Podstawowy,60
28,5,19.12.2021,7524,682,Tak,Tak,Nie,Nie,a,Podstawowy,1200
29,5,19.12.2021,11650,891,Tak,Tak,Nie,Nie,d,Rozszerzony,2170
30,5,19.12.2021,4842,676,Tak,Tak,Nie,Nie,a,Podstawowy,40
31,5,19.12.2021,10610,837,Tak,Tak,Nie,Nie,d,Rozszerzony,9800
33,5,19.12.2021,10008,892,Tak,Tak,Nie,Nie,a,Rozszerzony,1320
34,5,19.12.2021,10514,1213,Tak,Tak,Nie,Nie,c,Podstawowy,2240
35,5,19.12.2021,14584,975,Tak,Tak,Nie,Nie,d,Rozszerzony,7660
37,5,19.12.2021,11788,1029,Tak,Tak,Nie,Nie,c,Podstawowy,4230
38,5,19.12.2021,7808,657,Tak,Tak,Nie,Nie,d,Podstawowy,1090
39,5,19.12.2021,6515,670,Tak,Tak,Nie,Nie,a,Podstawowy,260
40,5,19.12.2021,5984,798,Tak,Tak,Nie,Nie,a,Podstawowy,180
42,5,19.12.2021,15256,1351,Tak,Tak,Nie,Nie,a,Rozszerzony,290
43,5,19.12.2021,10455,815,Tak,Tak,Nie,Nie,d,Podstawowy,4880
44,5,19.12.2021,7804,800,Tak,Tak,Nie,Nie,a,Podstawowy,540
45,5,19.12.2021,7721,546,Tak,Tak,Nie,Nie,d,Podstawowy,9710
47,5,19.12.2021,10826,1170,Tak,Tak,Nie,Nie,a,Rozszerzony,270
48,5,19.12.2021,5395,524,Tak,Tak,Nie,Nie,a,Podstawowy,1060
49,5,19.12.2021,11541,727,Tak,Tak,Nie,Nie,d,Rozszerzony,18010
50,5,19.12.2021,5902,468,Tak,Tak,Nie,Nie,d,Podstawowy,6260
1,4,18.12.2021,7785,841,Tak,Tak,Nie,Nie,c,Podstawowy,1270
2,4,18.12.2021,8117,777,Tak,Tak,Nie,Nie,a,Podstawowy,570
3,4,18.12.2021,11617,1121,Tak,Tak,Nie,Nie,a,Podstawowy,14130
4,4,18.12.2021,13183,1690,Tak,Tak,Nie,Nie,c,Rozszerzony,620
5,4,18.12.2021,7726,750,Tak,Tak,Nie,Nie,a,Podstawowy,29910
6,4,18.12.2021,7131,717,Tak,Tak,Nie,Nie,a,Podstawowy,310
7,4,18.12.2021,12483,1165,Tak,Tak,Nie,Nie,a,Rozszerzony,24000
8,4,18.12.2021,9008,1021,Tak,Tak,Nie,Nie,a,Podstawowy,7520
9,4,18.12.2021,9787,753,Tak,Tak,Nie,Nie,a,Rozszerzony,2030
10,4,18.12.2021,6569,689,Tak,Tak,Nie,Nie,a,Podstawowy,3160
11,4,18.12.2021,15466,1763,Tak,Tak,Nie,Nie,a,Rozszerzony,960
12,4,18.12.2021,12106,1207,Tak,Tak,Nie,Nie,a,Rozszerzony,1070
14,4,18.12.2021,7800,799,Tak,Tak,Nie,Nie,a,Podstawowy,1300
15,4,18.12.2021,9636,809,Tak,Tak,Nie,Nie,d,Rozszerzony,4110
16,4,18.12.2021,11976,1214,Tak,Tak,Nie,Nie,a,Rozszerzony,3270
17,4,18.12.2021,11674,1182,Tak,Tak,Nie,Nie,a,Podstawowy,50
18,4,18.12.2021,10691,942,Tak,Tak,Nie,Nie,d,Rozszerzony,13840
19,4,18.12.2021,9915,836,Tak,Tak,Nie,Nie,a,Rozszerzony,3240
21,4,18.12.2021,9000,707,Tak,Tak,Nie,Nie,c,Rozszerzony,550
23,4,18.12.2021,9906,782,Tak,Tak,Nie,Nie,d,Podstawowy,4060
24,4,18.12.2021,14912,1173,Tak,Tak,Nie,Nie,a,Rozszerzony,4590
25,4,18.12.2021,14811,1922,Tak,Tak,Nie,Nie,c,Podstawowy,430
26,4,18.12.2021,11202,844,Tak,Tak,Nie,Nie,d,Podstawowy,2300
27,4,18.12.2021,15063,1554,Tak,Tak,Nie,Nie,a,Podstawowy,60
28,4,18.12.2021,8531,771,Tak,Tak,Nie,Nie,a,Podstawowy,1200
29,4,18.12.2021,12069,920,Tak,Tak,Nie,Nie,d,Rozszerzony,2170
30,4,18.12.2021,6833,911,Tak,Tak,Nie,Nie,a,Podstawowy,40
31,4,18.12.2021,9128,795,Tak,Tak,Nie,Nie,d,Rozszerzony,9800
33,4,18.12.2021,10544,930,Tak,Tak,Nie,Nie,a,Rozszerzony,1320
34,4,18.12.2021,10770,1241,Tak,Tak,Nie,Nie,c,Podstawowy,2240
35,4,18.12.2021,14636,961,Tak,Tak,Nie,Nie,d,Rozszerzony,7660
37,4,18.12.2021,11161,1069,Tak,Tak,Nie,Nie,c,Podstawowy,4230
38,4,18.12.2021,8110,644,Tak,Tak,Nie,Nie,d,Podstawowy,1090
39,4,18.12.2021,6729,804,Tak,Tak,Nie,Nie,a,Podstawowy,260
40,4,18.12.2021,6265,845,Tak,Tak,Nie,Nie,a,Podstawowy,180
42,4,18.12.2021,16635,1482,Tak,Tak,Nie,Nie,a,Rozszerzony,290
43,4,18.12.2021,9764,813,Tak,Tak,Nie,Nie,d,Podstawowy,4880
44,4,18.12.2021,7142,753,Tak,Tak,Nie,Nie,a,Podstawowy,540
45,4,18.12.2021,9169,635,Tak,Tak,Nie,Nie,d,Podstawowy,9710
47,4,18.12.2021,11199,1223,Tak,Tak,Nie,Nie,a,Rozszerzony,270
48,4,18.12.2021,5652,548,Tak,Tak,Nie,Nie,a,Podstawowy,1060
49,4,18.12.2021,13286,808,Tak,Tak,Nie,Nie,d,Rozszerzony,18010
50,4,18.12.2021,6919,525,Tak,Tak,Nie,Nie,d,Podstawowy,6260
1,3,17.12.2021,7523,791,Tak,Tak,Nie,Nie,c,Podstawowy,1270
2,3,17.12.2021,9365,909,Tak,Tak,Nie,Nie,a,Podstawowy,570
3,3,17.12.2021,10510,917,Tak,Tak,Nie,Nie,a,Podstawowy,14130
4,3,17.12.2021,13087,1599,Tak,Tak,Nie,Nie,c,Rozszerzony,620
5,3,17.12.2021,8758,799,Tak,Tak,Nie,Nie,a,Podstawowy,29910
6,3,17.12.2021,7493,724,Tak,Tak,Nie,Nie,a,Podstawowy,310
7,3,17.12.2021,11707,1056,Tak,Tak,Nie,Nie,a,Rozszerzony,24000
8,3,17.12.2021,8282,828,Tak,Tak,Nie,Nie,a,Podstawowy,7520
9,3,17.12.2021,9415,718,Tak,Tak,Nie,Nie,a,Rozszerzony,2030
10,3,17.12.2021,7015,674,Tak,Tak,Nie,Nie,a,Podstawowy,3160
11,3,17.12.2021,15835,1769,Tak,Tak,Nie,Nie,a,Rozszerzony,960
12,3,17.12.2021,12161,1214,Tak,Tak,Nie,Nie,a,Rozszerzony,1070
14,3,17.12.2021,7641,745,Tak,Tak,Nie,Nie,a,Podstawowy,1300
15,3,17.12.2021,10087,800,Tak,Tak,Nie,Nie,d,Rozszerzony,4110
16,3,17.12.2021,11836,1093,Tak,Tak,Nie,Nie,a,Rozszerzony,3270
17,3,17.12.2021,10556,1014,Tak,Tak,Nie,Nie,a,Podstawowy,50
18,3,17.12.2021,10647,939,Tak,Tak,Nie,Nie,d,Rozszerzony,13840
19,3,17.12.2021,10467,825,Tak,Tak,Nie,Nie,a,Rozszerzony,3240
21,3,17.12.2021,8185,641,Tak,Tak,Nie,Nie,c,Rozszerzony,550
23,3,17.12.2021,9021,668,Tak,Tak,Nie,Nie,d,Podstawowy,4060
24,3,17.12.2021,15194,1080,Tak,Tak,Nie,Nie,a,Rozszerzony,4590
25,3,17.12.2021,12414,1655,Tak,Tak,Nie,Nie,c,Podstawowy,430
26,3,17.12.2021,10426,727,Tak,Tak,Nie,Nie,d,Podstawowy,2300
27,3,17.12.2021,14158,1378,Tak,Tak,Nie,Nie,a,Podstawowy,60
28,3,17.12.2021,7453,679,Tak,Tak,Nie,Nie,a,Podstawowy,1200
29,3,17.12.2021,10811,782,Tak,Tak,Nie,Nie,d,Rozszerzony,2170
30,3,17.12.2021,6960,872,Tak,Tak,Nie,Nie,a,Podstawowy,40
31,3,17.12.2021,9211,711,Tak,Tak,Nie,Nie,d,Rozszerzony,9800
33,3,17.12.2021,9397,826,Tak,Tak,Nie,Nie,a,Rozszerzony,1320
34,3,17.12.2021,11056,1188,Tak,Tak,Nie,Nie,c,Podstawowy,2240
35,3,17.12.2021,14445,909,Tak,Tak,Nie,Nie,d,Rozszerzony,7660
37,3,17.12.2021,10513,943,Tak,Tak,Nie,Nie,c,Podstawowy,4230
38,3,17.12.2021,7614,596,Tak,Tak,Nie,Nie,d,Podstawowy,1090
39,3,17.12.2021,6825,754,Tak,Tak,Nie,Nie,a,Podstawowy,260
40,3,17.12.2021,5796,819,Tak,Tak,Nie,Nie,a,Podstawowy,180
42,3,17.12.2021,16764,1458,Tak,Tak,Nie,Nie,a,Rozszerzony,290
43,3,17.12.2021,9674,714,Tak,Tak,Nie,Nie,d,Podstawowy,4880
44,3,17.12.2021,8126,794,Tak,Tak,Nie,Nie,a,Podstawowy,540
45,3,17.12.2021,7256,506,Tak,Tak,Nie,Nie,d,Podstawowy,9710
47,3,17.12.2021,10558,1198,Tak,Tak,Nie,Nie,a,Rozszerzony,270
48,3,17.12.2021,5051,452,Tak,Tak,Nie,Nie,a,Podstawowy,1060
49,3,17.12.2021,12613,743,Tak,Tak,Nie,Nie,d,Rozszerzony,18010
50,3,17.12.2021,6412,482,Tak,Tak,Nie,Nie,d,Podstawowy,6260
1,2,16.12.2021,7739,823,Tak,Tak,Nie,Nie,c,Podstawowy,1270
2,2,16.12.2021,9499,866,Tak,Tak,Nie,Nie,a,Podstawowy,570
3,2,16.12.2021,13072,1204,Tak,Tak,Nie,Nie,a,Podstawowy,14130
4,2,16.12.2021,12776,1581,Tak,Tak,Nie,Nie,c,Rozszerzony,620
5,2,16.12.2021,8665,764,Tak,Tak,Nie,Nie,a,Podstawowy,29910
6,2,16.12.2021,7723,752,Tak,Tak,Nie,Nie,a,Podstawowy,310
7,2,16.12.2021,14580,1311,Tak,Tak,Nie,Nie,a,Rozszerzony,24000
8,2,16.12.2021,9550,925,Tak,Tak,Nie,Nie,a,Podstawowy,7520
9,2,16.12.2021,10291,776,Tak,Tak,Nie,Nie,a,Rozszerzony,2030
10,2,16.12.2021,7707,727,Tak,Tak,Nie,Nie,a,Podstawowy,3160
11,2,16.12.2021,16462,1745,Tak,Tak,Nie,Nie,a,Rozszerzony,960
12,2,16.12.2021,12667,1247,Tak,Tak,Nie,Nie,a,Rozszerzony,1070
14,2,16.12.2021,9648,896,Tak,Tak,Nie,Nie,a,Podstawowy,1300
15,2,16.12.2021,9733,798,Tak,Tak,Nie,Nie,d,Rozszerzony,4110
16,2,16.12.2021,13556,1225,Tak,Tak,Nie,Nie,a,Rozszerzony,3270
17,2,16.12.2021,14160,1348,Tak,Tak,Nie,Nie,a,Podstawowy,50
18,2,16.12.2021,11602,968,Tak,Tak,Nie,Nie,d,Rozszerzony,13840
19,2,16.12.2021,12102,938,Tak,Tak,Nie,Nie,a,Rozszerzony,3240
21,2,16.12.2021,9478,709,Tak,Tak,Nie,Nie,c,Rozszerzony,550
23,2,16.12.2021,8899,662,Tak,Tak,Nie,Nie,d,Podstawowy,4060
24,2,16.12.2021,16729,1233,Tak,Tak,Nie,Nie,a,Rozszerzony,4590
25,2,16.12.2021,15206,1922,Tak,Tak,Nie,Nie,c,Podstawowy,430
26,2,16.12.2021,11632,772,Tak,Tak,Nie,Nie,d,Podstawowy,2300
27,2,16.12.2021,18751,1732,Tak,Tak,Nie,Nie,a,Podstawowy,60
28,2,16.12.2021,8559,823,Tak,Tak,Nie,Nie,a,Podstawowy,1200
29,2,16.12.2021,12376,926,Tak,Tak,Nie,Nie,d,Rozszerzony,2170
30,2,16.12.2021,8590,1049,Tak,Tak,Nie,Nie,a,Podstawowy,40
31,2,16.12.2021,9714,777,Tak,Tak,Nie,Nie,d,Rozszerzony,9800
33,2,16.12.2021,11302,991,Tak,Tak,Nie,Nie,a,Rozszerzony,1320
34,2,16.12.2021,12143,1256,Tak,Tak,Nie,Nie,c,Podstawowy,2240
35,2,16.12.2021,15730,984,Tak,Tak,Nie,Nie,d,Rozszerzony,7660
37,2,16.12.2021,10815,939,Tak,Tak,Nie,Nie,c,Podstawowy,4230
38,2,16.12.2021,9793,726,Tak,Tak,Nie,Nie,d,Podstawowy,1090
39,2,16.12.2021,7990,853,Tak,Tak,Nie,Nie,a,Podstawowy,260
40,2,16.12.2021,6889,894,Tak,Tak,Nie,Nie,a,Podstawowy,180
42,2,16.12.2021,17479,1529,Tak,Tak,Nie,Nie,a,Rozszerzony,290
43,2,16.12.2021,10338,821,Tak,Tak,Nie,Nie,d,Podstawowy,4880
44,2,16.12.2021,8544,865,Tak,Tak,Nie,Nie,a,Podstawowy,540
45,2,16.12.2021,7316,492,Tak,Tak,Nie,Nie,d,Podstawowy,9710
47,2,16.12.2021,12484,1297,Tak,Tak,Nie,Nie,a,Rozszerzony,270
48,2,16.12.2021,5175,480,Tak,Tak,Nie,Nie,a,Podstawowy,1060
49,2,16.12.2021,11217,738,Tak,Tak,Nie,Nie,d,Rozszerzony,18010
50,2,16.12.2021,6880,474,Tak,Tak,Nie,Nie,d,Podstawowy,6260
1,1,15.12.2021,8069,871,Tak,Tak,Nie,Nie,c,Podstawowy,1270
2,1,15.12.2021,10419,909,Tak,Tak,Nie,Nie,a,Podstawowy,570
3,1,15.12.2021,13472,1115,Tak,Tak,Nie,Nie,a,Podstawowy,14130
4,1,15.12.2021,15110,1829,Tak,Tak,Nie,Nie,c,Rozszerzony,620
5,1,15.12.2021,10870,907,Tak,Tak,Nie,Nie,a,Podstawowy,29910
6,1,15.12.2021,9437,856,Tak,Tak,Nie,Nie,a,Podstawowy,310
7,1,15.12.2021,16763,1362,Tak,Tak,Nie,Nie,a,Rozszerzony,24000
8,1,15.12.2021,10956,1014,Tak,Tak,Nie,Nie,a,Podstawowy,7520
9,1,15.12.2021,12767,834,Tak,Tak,Nie,Nie,a,Rozszerzony,2030
10,1,15.12.2021,8833,759,Tak,Tak,Nie,Nie,a,Podstawowy,3160
11,1,15.12.2021,17724,1788,Tak,Tak,Nie,Nie,a,Rozszerzony,960
12,1,15.12.2021,14805,1322,Tak,Tak,Nie,Nie,a,Rozszerzony,1070
14,1,15.12.2021,9442,892,Tak,Tak,Nie,Nie,a,Podstawowy,1300
15,1,15.12.2021,13256,1005,Tak,Tak,Nie,Nie,d,Rozszerzony,4110
16,1,15.12.2021,13682,1296,Tak,Tak,Nie,Nie,a,Rozszerzony,3270
17,1,15.12.2021,16251,1420,Tak,Tak,Nie,Nie,a,Podstawowy,50
18,1,15.12.2021,12403,1073,Tak,Tak,Nie,Nie,d,Rozszerzony,13840
19,1,15.12.2021,12432,976,Tak,Tak,Nie,Nie,a,Rozszerzony,3240
21,1,15.12.2021,12123,810,Tak,Tak,Nie,Nie,c,Rozszerzony,550
23,1,15.12.2021,12466,800,Tak,Tak,Nie,Nie,d,Podstawowy,4060
24,1,15.12.2021,19168,1317,Tak,Tak,Nie,Nie,a,Rozszerzony,4590
25,1,15.12.2021,16649,2083,Tak,Tak,Nie,Nie,c,Podstawowy,430
26,1,15.12.2021,13695,878,Tak,Tak,Nie,Nie,d,Podstawowy,2300
27,1,15.12.2021,19460,1622,Tak,Tak,Nie,Nie,a,Podstawowy,60
28,1,15.12.2021,10788,922,Tak,Tak,Nie,Nie,a,Podstawowy,1200
29,1,15.12.2021,15530,1092,Tak,Tak,Nie,Nie,d,Rozszerzony,2170
30,1,15.12.2021,8661,989,Tak,Tak,Nie,Nie,a,Podstawowy,40
31,1,15.12.2021,10090,790,Tak,Tak,Nie,Nie,d,Rozszerzony,9800
33,1,15.12.2021,12058,1065,Tak,Tak,Nie,Nie,a,Rozszerzony,1320
34,1,15.12.2021,12452,1333,Tak,Tak,Nie,Nie,c,Podstawowy,2240
35,1,15.12.2021,20558,1136,Tak,Tak,Nie,Nie,d,Rozszerzony,7660
37,1,15.12.2021,12912,1086,Tak,Tak,Nie,Nie,c,Podstawowy,4230
38,1,15.12.2021,10572,757,Tak,Tak,Nie,Nie,d,Podstawowy,1090
39,1,15.12.2021,10360,1004,Tak,Tak,Nie,Nie,a,Podstawowy,260
40,1,15.12.2021,6894,903,Tak,Tak,Nie,Nie,a,Podstawowy,180
42,1,15.12.2021,19774,1601,Tak,Tak,Nie,Nie,a,Rozszerzony,290
43,1,15.12.2021,12353,880,Tak,Tak,Nie,Nie,d,Podstawowy,4880
44,1,15.12.2021,9997,929,Tak,Tak,Nie,Nie,a,Podstawowy,540
45,1,15.12.2021,9228,619,Tak,Tak,Nie,Nie,d,Podstawowy,9710
47,1,15.12.2021,12747,1327,Tak,Tak,Nie,Nie,a,Rozszerzony,270
48,1,15.12.2021,6132,539,Tak,Tak,Nie,Nie,a,Podstawowy,1060
49,1,15.12.2021,13306,796,Tak,Tak,Nie,Nie,d,Rozszerzony,18010
50,1,15.12.2021,9205,577,Tak,Tak,Nie,Nie,d,Podstawowy,6260
1,7,14.12.2021,0,0,Nie,Nie,Nie,Nie,c,Podstawowy,1270
2,7,14.12.2021,0,0,Nie,Nie,Nie,Nie,a,Podstawowy,570
3,7,14.12.2021,0,0,Nie,Nie,Nie,Nie,a,Podstawowy,14130
4,7,14.12.2021,0,0,Nie,Nie,Nie,Nie,c,Rozszerzony,620
5,7,14.12.2021,0,0,Nie,Nie,Nie,Nie,a,Podstawowy,29910
6,7,14.12.2021,0,0,Nie,Nie,Nie,Nie,a,Podstawowy,310
7,7,14.12.2021,0,0,Nie,Nie,Nie,Nie,a,Rozszerzony,24000
8,7,14.12.2021,0,0,Nie,Nie,Nie,Nie,a,Podstawowy,7520
9,7,14.12.2021,0,0,Nie,Nie,Nie,Nie,a,Rozszerzony,2030
10,7,14.12.2021,0,0,Nie,Nie,Nie,Nie,a,Podstawowy,3160
11,7,14.12.2021,0,0,Nie,Nie,Nie,Nie,a,Rozszerzony,960
12,7,14.12.2021,0,0,Nie,Nie,Nie,Nie,a,Rozszerzony,1070
14,7,14.12.2021,0,0,Nie,Nie,Nie,Nie,a,Podstawowy,1300
15,7,14.12.2021,0,0,Nie,Nie,Nie,Nie,d,Rozszerzony,4110
16,7,14.12.2021,0,0,Nie,Nie,Nie,Nie,a,Rozszerzony,3270
17,7,14.12.2021,0,0,Nie,Nie,Nie,Nie,a,Podstawowy,50
18,7,14.12.2021,0,0,Nie,Nie,Nie,Nie,d,Rozszerzony,13840
19,7,14.12.2021,0,0,Nie,Nie,Nie,Nie,a,Rozszerzony,3240
21,7,14.12.2021,0,0,Nie,Nie,Nie,Nie,c,Rozszerzony,550
23,7,14.12.2021,0,0,Nie,Nie,Nie,Nie,d,Podstawowy,4060
24,7,14.12.2021,0,0,Nie,Nie,Nie,Nie,a,Rozszerzony,4590
25,7,14.12.2021,0,0,Nie,Nie,Nie,Nie,c,Podstawowy,430
26,7,14.12.2021,0,0,Nie,Nie,Nie,Nie,d,Podstawowy,2300
27,7,14.12.2021,0,0,Nie,Nie,Nie,Nie,a,Podstawowy,60
28,7,14.12.2021,0,0,Nie,Nie,Nie,Nie,a,Podstawowy,1200
29,7,14.12.2021,0,0,Nie,Nie,Nie,Nie,d,Rozszerzony,2170
30,7,14.12.2021,0,0,Nie,Nie,Nie,Nie,a,Podstawowy,40
31,7,14.12.2021,0,0,Nie,Nie,Nie,Nie,d,Rozszerzony,9800
33,7,14.12.2021,0,0,Nie,Nie,Nie,Nie,a,Rozszerzony,1320
34,7,14.12.2021,0,0,Nie,Nie,Nie,Nie,c,Podstawowy,2240
35,7,14.12.2021,0,0,Nie,Nie,Nie,Nie,d,Rozszerzony,7660
37,7,14.12.2021,0,0,Nie,Nie,Nie,Nie,c,Podstawowy,4230
38,7,14.12.2021,0,0,Nie,Nie,Nie,Nie,d,Podstawowy,1090
39,7,14.12.2021,0,0,Nie,Nie,Nie,Nie,a,Podstawowy,260
40,7,14.12.2021,0,0,Nie,Nie,Nie,Nie,a,Podstawowy,180
42,7,14.12.2021,0,0,Nie,Nie,Nie,Nie,a,Rozszerzony,290
43,7,14.12.2021,0,0,Nie,Nie,Nie,Nie,d,Podstawowy,4880
44,7,14.12.2021,0,0,Nie,Nie,Nie,Nie,a,Podstawowy,540
45,7,14.12.2021,0,0,Nie,Nie,Nie,Nie,d,Podstawowy,9710
47,7,14.12.2021,0,0,Nie,Nie,Nie,Nie,a,Rozszerzony,270
48,7,14.12.2021,0,0,Nie,Nie,Nie,Nie,a,Podstawowy,1060
49,7,14.12.2021,0,0,Nie,Nie,Nie,Nie,d,Rozszerzony,18010
50,7,14.12.2021,0,0,Nie,Nie,Nie,Nie,d,Podstawowy,6260
1,6,13.12.2021,7263,850,Tak,Nie,Nie,Nie,c,Podstawowy,1270
2,6,13.12.2021,3375,350,Tak,Nie,Nie,Nie,a,Podstawowy,570
3,6,13.12.2021,6621,775,Tak,Nie,Nie,Nie,a,Podstawowy,14130
4,6,13.12.2021,11953,1634,Tak,Nie,Nie,Nie,c,Rozszerzony,620
5,6,13.12.2021,2572,281,Tak,Nie,Nie,Nie,a,Podstawowy,29910
6,6,13.12.2021,4082,401,Tak,Nie,Nie,Nie,a,Podstawowy,310
7,6,13.12.2021,7776,751,Tak,Nie,Nie,Nie,a,Rozszerzony,24000
8,6,13.12.2021,4457,509,Tak,Nie,Nie,Nie,a,Podstawowy,7520
9,6,13.12.2021,7674,681,Tak,Nie,Nie,Nie,a,Rozszerzony,2030
10,6,13.12.2021,6041,615,Tak,Nie,Nie,Nie,a,Podstawowy,3160
11,6,13.12.2021,12380,1448,Tak,Nie,Nie,Nie,a,Rozszerzony,960
12,6,13.12.2021,9062,1089,Tak,Nie,Nie,Nie,a,Rozszerzony,1070
14,6,13.12.2021,4369,499,Tak,Nie,Nie,Nie,a,Podstawowy,1300
15,6,13.12.2021,7534,727,Tak,Nie,Nie,Nie,d,Rozszerzony,4110
16,6,13.12.2021,7106,764,Tak,Nie,Nie,Nie,a,Rozszerzony,3270
17,6,13.12.2021,4270,524,Tak,Nie,Nie,Nie,a,Podstawowy,50
18,6,13.12.2021,5848,565,Tak,Nie,Nie,Nie,d,Rozszerzony,13840
19,6,13.12.2021,5425,506,Tak,Nie,Nie,Nie,a,Rozszerzony,3240
21,6,13.12.2021,6560,614,Tak,Nie,Nie,Nie,c,Rozszerzony,550
23,6,13.12.2021,4789,437,Tak,Nie,Nie,Nie,d,Podstawowy,4060
24,6,13.12.2021,10356,871,Tak,Nie,Nie,Nie,a,Rozszerzony,4590
25,6,13.12.2021,9542,1334,Tak,Nie,Nie,Nie,c,Podstawowy,430
26,6,13.12.2021,7863,601,Tak,Nie,Nie,Nie,d,Podstawowy,2300
27,6,13.12.2021,11481,1299,Tak,Nie,Nie,Nie,a,Podstawowy,60
28,6,13.12.2021,2439,250,Tak,Nie,Nie,Nie,a,Podstawowy,1200
29,6,13.12.2021,8954,738,Tak,Nie,Nie,Nie,d,Rozszerzony,2170
30,6,13.12.2021,5015,725,Tak,Nie,Nie,Nie,a,Podstawowy,40
31,6,13.12.2021,7046,693,Tak,Nie,Nie,Nie,d,Rozszerzony,9800
33,6,13.12.2021,8562,818,Tak,Nie,Nie,Nie,a,Rozszerzony,1320
34,6,13.12.2021,8926,1063,Tak,Nie,Nie,Nie,c,Podstawowy,2240
35,6,13.12.2021,10221,796,Tak,Nie,Nie,Nie,d,Rozszerzony,7660
37,6,13.12.2021,9217,982,Tak,Nie,Nie,Nie,c,Podstawowy,4230
38,6,13.12.2021,6868,636,Tak,Nie,Nie,Nie,d,Podstawowy,1090
39,6,13.12.2021,3014,443,Tak,Nie,Nie,Nie,a,Podstawowy,260
40,6,13.12.2021,7344,1036,Tak,Nie,Nie,Nie,a,Podstawowy,180
42,6,13.12.2021,11384,1218,Tak,Nie,Nie,Nie,a,Rozszerzony,290
43,6,13.12.2021,4866,410,Tak,Nie,Nie,Nie,d,Podstawowy,4880
44,6,13.12.2021,4671,523,Tak,Nie,Nie,Nie,a,Podstawowy,540
45,6,13.12.2021,6596,485,Tak,Nie,Nie,Nie,d,Podstawowy,9710
47,6,13.12.2021,7670,927,Tak,Nie,Nie,Nie,a,Rozszerzony,270
48,6,13.12.2021,3672,373,Tak,Nie,Nie,Nie,a,Podstawowy,1060
49,6,13.12.2021,8885,596,Tak,Nie,Nie,Nie,d,Rozszerzony,18010
50,6,13.12.2021,5177,420,Tak,Nie,Nie,Nie,d,Podstawowy,6260
1,5,12.12.2021,5269,617,Tak,Nie,Nie,Nie,c,Podstawowy,1270
2,5,12.12.2021,4407,497,Tak,Nie,Nie,Nie,a,Podstawowy,570
3,5,12.12.2021,5481,604,Tak,Nie,Nie,Nie,a,Podstawowy,14130
4,5,12.12.2021,8403,1249,Tak,Nie,Nie,Nie,c,Rozszerzony,620
5,5,12.12.2021,5355,583,Tak,Nie,Nie,Nie,a,Podstawowy,29910
6,5,12.12.2021,5079,596,Tak,Nie,Nie,Nie,a,Podstawowy,310
7,5,12.12.2021,8593,810,Tak,Nie,Nie,Nie,a,Rozszerzony,24000
8,5,12.12.2021,5008,590,Tak,Nie,Nie,Nie,a,Podstawowy,7520
9,5,12.12.2021,6177,485,Tak,Nie,Nie,Nie,a,Rozszerzony,2030
10,5,12.12.2021,5211,557,Tak,Nie,Nie,Nie,a,Podstawowy,3160
11,5,12.12.2021,8834,1087,Tak,Nie,Nie,Nie,a,Rozszerzony,960
12,5,12.12.2021,6015,694,Tak,Nie,Nie,Nie,a,Rozszerzony,1070
14,5,12.12.2021,4764,572,Tak,Nie,Nie,Nie,a,Podstawowy,1300
15,5,12.12.2021,6624,662,Tak,Nie,Nie,Nie,d,Rozszerzony,4110
16,5,12.12.2021,8662,930,Tak,Nie,Nie,Nie,a,Rozszerzony,3270
17,5,12.12.2021,6415,769,Tak,Nie,Nie,Nie,a,Podstawowy,50
18,5,12.12.2021,8421,828,Tak,Nie,Nie,Nie,d,Rozszerzony,13840
19,5,12.12.2021,6375,602,Tak,Nie,Nie,Nie,a,Rozszerzony,3240
21,5,12.12.2021,4858,508,Tak,Nie,Nie,Nie,c,Rozszerzony,550
23,5,12.12.2021,5529,481,Tak,Nie,Nie,Nie,d,Podstawowy,4060
24,5,12.12.2021,9009,749,Tak,Nie,Nie,Nie,a,Rozszerzony,4590
25,5,12.12.2021,10232,1475,Tak,Nie,Nie,Nie,c,Podstawowy,430
26,5,12.12.2021,7034,558,Tak,Nie,Nie,Nie,d,Podstawowy,2300
27,5,12.12.2021,8024,942,Tak,Nie,Nie,Nie,a,Podstawowy,60
28,5,12.12.2021,4769,537,Tak,Nie,Nie,Nie,a,Podstawowy,1200
29,5,12.12.2021,6822,588,Tak,Nie,Nie,Nie,d,Rozszerzony,2170
30,5,12.12.2021,3697,566,Tak,Nie,Nie,Nie,a,Podstawowy,40
31,5,12.12.2021,6067,569,Tak,Nie,Nie,Nie,d,Rozszerzony,9800
33,5,12.12.2021,7500,742,Tak,Nie,Nie,Nie,a,Rozszerzony,1320
34,5,12.12.2021,8037,980,Tak,Nie,Nie,Nie,c,Podstawowy,2240
35,5,12.12.2021,8856,661,Tak,Nie,Nie,Nie,d,Rozszerzony,7660
37,5,12.12.2021,7283,753,Tak,Nie,Nie,Nie,c,Podstawowy,4230
38,5,12.12.2021,5255,455,Tak,Nie,Nie,Nie,d,Podstawowy,1090
39,5,12.12.2021,3496,474,Tak,Nie,Nie,Nie,a,Podstawowy,260
40,5,12.12.2021,4756,764,Tak,Nie,Nie,Nie,a,Podstawowy,180
42,5,12.12.2021,9268,946,Tak,Nie,Nie,Nie,a,Rozszerzony,290
43,5,12.12.2021,6513,638,Tak,Nie,Nie,Nie,d,Podstawowy,4880
44,5,12.12.2021,5439,630,Tak,Nie,Nie,Nie,a,Podstawowy,540
45,5,12.12.2021,5488,430,Tak,Nie,Nie,Nie,d,Podstawowy,9710
47,5,12.12.2021,6812,802,Tak,Nie,Nie,Nie,a,Rozszerzony,270
48,5,12.12.2021,4247,394,Tak,Nie,Nie,Nie,a,Podstawowy,1060
49,5,12.12.2021,8185,578,Tak,Nie,Nie,Nie,d,Rozszerzony,18010
50,5,12.12.2021,4624,373,Tak,Nie,Nie,Nie,d,Podstawowy,6260
1,4,11.12.2021,5060,587,Tak,Nie,Nie,Nie,c,Podstawowy,1270
2,4,11.12.2021,4629,539,Tak,Nie,Nie,Nie,a,Podstawowy,570
3,4,11.12.2021,6363,723,Tak,Nie,Nie,Nie,a,Podstawowy,14130
4,4,11.12.2021,8522,1228,Tak,Nie,Nie,Nie,c,Rozszerzony,620
5,4,11.12.2021,4929,544,Tak,Nie,Nie,Nie,a,Podstawowy,29910
6,4,11.12.2021,4394,544,Tak,Nie,Nie,Nie,a,Podstawowy,310
7,4,11.12.2021,7826,823,Tak,Nie,Nie,Nie,a,Rozszerzony,24000
8,4,11.12.2021,6076,808,Tak,Nie,Nie,Nie,a,Podstawowy,7520
9,4,11.12.2021,6451,552,Tak,Nie,Nie,Nie,a,Rozszerzony,2030
10,4,11.12.2021,4621,516,Tak,Nie,Nie,Nie,a,Podstawowy,3160
11,4,11.12.2021,8876,1139,Tak,Nie,Nie,Nie,a,Rozszerzony,960
12,4,11.12.2021,7026,883,Tak,Nie,Nie,Nie,a,Rozszerzony,1070
14,4,11.12.2021,4743,586,Tak,Nie,Nie,Nie,a,Podstawowy,1300
15,4,11.12.2021,5870,545,Tak,Nie,Nie,Nie,d,Rozszerzony,4110
16,4,11.12.2021,7718,890,Tak,Nie,Nie,Nie,a,Rozszerzony,3270
17,4,11.12.2021,5581,719,Tak,Nie,Nie,Nie,a,Podstawowy,50
18,4,11.12.2021,6985,740,Tak,Nie,Nie,Nie,d,Rozszerzony,13840
19,4,11.12.2021,5637,609,Tak,Nie,Nie,Nie,a,Rozszerzony,3240
21,4,11.12.2021,4106,439,Tak,Nie,Nie,Nie,c,Rozszerzony,550
23,4,11.12.2021,5287,486,Tak,Nie,Nie,Nie,d,Podstawowy,4060
24,4,11.12.2021,8234,732,Tak,Nie,Nie,Nie,a,Rozszerzony,4590
25,4,11.12.2021,10342,1495,Tak,Nie,Nie,Nie,c,Podstawowy,430
26,4,11.12.2021,7525,574,Tak,Nie,Nie,Nie,d,Podstawowy,2300
27,4,11.12.2021,7029,861,Tak,Nie,Nie,Nie,a,Podstawowy,60
28,4,11.12.2021,5164,555,Tak,Nie,Nie,Nie,a,Podstawowy,1200
29,4,11.12.2021,6899,633,Tak,Nie,Nie,Nie,d,Rozszerzony,2170
30,4,11.12.2021,3963,578,Tak,Nie,Nie,Nie,a,Podstawowy,40
31,4,11.12.2021,5866,594,Tak,Nie,Nie,Nie,d,Rozszerzony,9800
33,4,11.12.2021,7508,702,Tak,Nie,Nie,Nie,a,Rozszerzony,1320
34,4,11.12.2021,7144,933,Tak,Nie,Nie,Nie,c,Podstawowy,2240
35,4,11.12.2021,8280,640,Tak,Nie,Nie,Nie,d,Rozszerzony,7660
37,4,11.12.2021,6227,721,Tak,Nie,Nie,Nie,c,Podstawowy,4230
38,4,11.12.2021,4175,407,Tak,Nie,Nie,Nie,d,Podstawowy,1090
39,4,11.12.2021,3351,483,Tak,Nie,Nie,Nie,a,Podstawowy,260
40,4,11.12.2021,4448,716,Tak,Nie,Nie,Nie,a,Podstawowy,180
42,4,11.12.2021,9940,1073,Tak,Nie,Nie,Nie,a,Rozszerzony,290
43,4,11.12.2021,5899,541,Tak,Nie,Nie,Nie,d,Podstawowy,4880
44,4,11.12.2021,4732,560,Tak,Nie,Nie,Nie,a,Podstawowy,540
45,4,11.12.2021,4609,395,Tak,Nie,Nie,Nie,d,Podstawowy,9710
47,4,11.12.2021,7150,876,Tak,Nie,Nie,Nie,a,Rozszerzony,270
48,4,11.12.2021,3525,394,Tak,Nie,Nie,Nie,a,Podstawowy,1060
49,4,11.12.2021,6539,463,Tak,Nie,Nie,Nie,d,Rozszerzony,18010
50,4,11.12.2021,3455,304,Tak,Nie,Nie,Nie,d,Podstawowy,6260
1,3,10.12.2021,4915,619,Tak,Nie,Nie,Nie,c,Podstawowy,1270
2,3,10.12.2021,5830,717,Tak,Nie,Nie,Nie,a,Podstawowy,570
3,3,10.12.2021,5256,635,Tak,Nie,Nie,Nie,a,Podstawowy,14130
4,3,10.12.2021,8042,1157,Tak,Nie,Nie,Nie,c,Rozszerzony,620
5,3,10.12.2021,5345,602,Tak,Nie,Nie,Nie,a,Podstawowy,29910
6,3,10.12.2021,4735,569,Tak,Nie,Nie,Nie,a,Podstawowy,310
7,3,10.12.2021,7521,767,Tak,Nie,Nie,Nie,a,Rozszerzony,24000
8,3,10.12.2021,5649,662,Tak,Nie,Nie,Nie,a,Podstawowy,7520
9,3,10.12.2021,6259,521,Tak,Nie,Nie,Nie,a,Rozszerzony,2030
10,3,10.12.2021,5268,581,Tak,Nie,Nie,Nie,a,Podstawowy,3160
11,3,10.12.2021,9313,1260,Tak,Nie,Nie,Nie,a,Rozszerzony,960
12,3,10.12.2021,6561,844,Tak,Nie,Nie,Nie,a,Rozszerzony,1070
14,3,10.12.2021,5354,609,Tak,Nie,Nie,Nie,a,Podstawowy,1300
15,3,10.12.2021,5940,585,Tak,Nie,Nie,Nie,d,Rozszerzony,4110
16,3,10.12.2021,7575,844,Tak,Nie,Nie,Nie,a,Rozszerzony,3270
17,3,10.12.2021,5738,721,Tak,Nie,Nie,Nie,a,Podstawowy,50
18,3,10.12.2021,7802,787,Tak,Nie,Nie,Nie,d,Rozszerzony,13840
19,3,10.12.2021,5801,617,Tak,Nie,Nie,Nie,a,Rozszerzony,3240
21,3,10.12.2021,4559,431,Tak,Nie,Nie,Nie,c,Rozszerzony,550
23,3,10.12.2021,3962,389,Tak,Nie,Nie,Nie,d,Podstawowy,4060
24,3,10.12.2021,9368,791,Tak,Nie,Nie,Nie,a,Rozszerzony,4590
25,3,10.12.2021,9472,1432,Tak,Nie,Nie,Nie,c,Podstawowy,430
26,3,10.12.2021,5628,466,Tak,Nie,Nie,Nie,d,Podstawowy,2300
27,3,10.12.2021,7606,954,Tak,Nie,Nie,Nie,a,Podstawowy,60
28,3,10.12.2021,3710,421,Tak,Nie,Nie,Nie,a,Podstawowy,1200
29,3,10.12.2021,6598,558,Tak,Nie,Nie,Nie,d,Rozszerzony,2170
30,3,10.12.2021,4054,604,Tak,Nie,Nie,Nie,a,Podstawowy,40
31,3,10.12.2021,6022,566,Tak,Nie,Nie,Nie,d,Rozszerzony,9800
33,3,10.12.2021,7310,718,Tak,Nie,Nie,Nie,a,Rozszerzony,1320
34,3,10.12.2021,6968,885,Tak,Nie,Nie,Nie,c,Podstawowy,2240
35,3,10.12.2021,8187,631,Tak,Nie,Nie,Nie,d,Rozszerzony,7660
37,3,10.12.2021,5105,574,Tak,Nie,Nie,Nie,c,Podstawowy,4230
38,3,10.12.2021,4058,400,Tak,Nie,Nie,Nie,d,Podstawowy,1090
39,3,10.12.2021,4373,563,Tak,Nie,Nie,Nie,a,Podstawowy,260
40,3,10.12.2021,4789,712,Tak,Nie,Nie,Nie,a,Podstawowy,180
42,3,10.12.2021,9358,1092,Tak,Nie,Nie,Nie,a,Rozszerzony,290
43,3,10.12.2021,6207,526,Tak,Nie,Nie,Nie,d,Podstawowy,4880
44,3,10.12.2021,4202,528,Tak,Nie,Nie,Nie,a,Podstawowy,540
45,3,10.12.2021,4119,341,Tak,Nie,Nie,Nie,d,Podstawowy,9710
47,3,10.12.2021,7349,969,Tak,Nie,Nie,Nie,a,Rozszerzony,270
48,3,10.12.2021,3698,399,Tak,Nie,Nie,Nie,a,Podstawowy,1060
49,3,10.12.2021,7087,486,Tak,Nie,Nie,Nie,d,Rozszerzony,18010
50,3,10.12.2021,3147,290,Tak,Nie,Nie,Nie,d,Podstawowy,6260
1,2,09.12.2021,4345,559,Tak,Nie,Nie,Nie,c,Podstawowy,1270
2,2,09.12.2021,5264,596,Tak,Nie,Nie,Nie,a,Podstawowy,570
3,2,09.12.2021,6446,785,Tak,Nie,Nie,Nie,a,Podstawowy,14130
4,2,09.12.2021,8426,1197,Tak,Nie,Nie,Nie,c,Rozszerzony,620
5,2,09.12.2021,5183,587,Tak,Nie,Nie,Nie,a,Podstawowy,29910
6,2,09.12.2021,4930,612,Tak,Nie,Nie,Nie,a,Podstawowy,310
7,2,09.12.2021,8891,1013,Tak,Nie,Nie,Nie,a,Rozszerzony,24000
8,2,09.12.2021,6751,798,Tak,Nie,Nie,Nie,a,Podstawowy,7520
9,2,09.12.2021,5380,533,Tak,Nie,Nie,Nie,a,Rozszerzony,2030
10,2,09.12.2021,5636,613,Tak,Nie,Nie,Nie,a,Podstawowy,3160
11,2,09.12.2021,10423,1381,Tak,Nie,Nie,Nie,a,Rozszerzony,960
12,2,09.12.2021,8191,992,Tak,Nie,Nie,Nie,a,Rozszerzony,1070
14,2,09.12.2021,5514,654,Tak,Nie,Nie,Nie,a,Podstawowy,1300
15,2,09.12.2021,6171,649,Tak,Nie,Nie,Nie,d,Rozszerzony,4110
16,2,09.12.2021,8673,958,Tak,Nie,Nie,Nie,a,Rozszerzony,3270
17,2,09.12.2021,7386,893,Tak,Nie,Nie,Nie,a,Podstawowy,50
18,2,09.12.2021,6787,745,Tak,Nie,Nie,Nie,d,Rozszerzony,13840
19,2,09.12.2021,6358,659,Tak,Nie,Nie,Nie,a,Rozszerzony,3240
21,2,09.12.2021,5345,428,Tak,Nie,Nie,Nie,c,Rozszerzony,550
23,2,09.12.2021,4327,401,Tak,Nie,Nie,Nie,d,Podstawowy,4060
24,2,09.12.2021,10023,867,Tak,Nie,Nie,Nie,a,Rozszerzony,4590
25,2,09.12.2021,9659,1531,Tak,Nie,Nie,Nie,c,Podstawowy,430
26,2,09.12.2021,6149,490,Tak,Nie,Nie,Nie,d,Podstawowy,2300
27,2,09.12.2021,9646,1188,Tak,Nie,Nie,Nie,a,Podstawowy,60
28,2,09.12.2021,4765,535,Tak,Nie,Nie,Nie,a,Podstawowy,1200
29,2,09.12.2021,6150,598,Tak,Nie,Nie,Nie,d,Rozszerzony,2170
30,2,09.12.2021,4787,705,Tak,Nie,Nie,Nie,a,Podstawowy,40
31,2,09.12.2021,5576,510,Tak,Nie,Nie,Nie,d,Rozszerzony,9800
33,2,09.12.2021,7477,783,Tak,Nie,Nie,Nie,a,Rozszerzony,1320
34,2,09.12.2021,7702,995,Tak,Nie,Nie,Nie,c,Podstawowy,2240
35,2,09.12.2021,8898,685,Tak,Nie,Nie,Nie,d,Rozszerzony,7660
37,2,09.12.2021,5668,668,Tak,Nie,Nie,Nie,c,Podstawowy,4230
38,2,09.12.2021,4386,421,Tak,Nie,Nie,Nie,d,Podstawowy,1090
39,2,09.12.2021,4818,594,Tak,Nie,Nie,Nie,a,Podstawowy,260
40,2,09.12.2021,4802,735,Tak,Nie,Nie,Nie,a,Podstawowy,180
42,2,09.12.2021,10180,1129,Tak,Nie,Nie,Nie,a,Rozszerzony,290
43,2,09.12.2021,6661,610,Tak,Nie,Nie,Nie,d,Podstawowy,4880
44,2,09.12.2021,5194,586,Tak,Nie,Nie,Nie,a,Podstawowy,540
45,2,09.12.2021,4366,338,Tak,Nie,Nie,Nie,d,Podstawowy,9710
47,2,09.12.2021,8650,1016,Tak,Nie,Nie,Nie,a,Rozszerzony,270
48,2,09.12.2021,3629,378,Tak,Nie,Nie,Nie,a,Podstawowy,1060
49,2,09.12.2021,6522,455,Tak,Nie,Nie,Nie,d,Rozszerzony,18010
50,2,09.12.2021,2889,296,Tak,Nie,Nie,Nie,d,Podstawowy,6260
1,1,08.12.2021,4884,610,Tak,Nie,Nie,Nie,c,Podstawowy,1270
2,1,08.12.2021,4821,616,Tak,Nie,Nie,Nie,a,Podstawowy,570
3,1,08.12.2021,5792,738,Tak,Nie,Nie,Nie,a,Podstawowy,14130
4,1,08.12.2021,9556,1310,Tak,Nie,Nie,Nie,c,Rozszerzony,620
5,1,08.12.2021,4989,598,Tak,Nie,Nie,Nie,a,Podstawowy,29910
6,1,08.12.2021,5859,641,Tak,Nie,Nie,Nie,a,Podstawowy,310
7,1,08.12.2021,9558,1040,Tak,Nie,Nie,Nie,a,Rozszerzony,24000
8,1,08.12.2021,6852,792,Tak,Nie,Nie,Nie,a,Podstawowy,7520
9,1,08.12.2021,7026,636,Tak,Nie,Nie,Nie,a,Rozszerzony,2030
10,1,08.12.2021,5202,599,Tak,Nie,Nie,Nie,a,Podstawowy,3160
11,1,08.12.2021,9152,1146,Tak,Nie,Nie,Nie,a,Rozszerzony,960
12,1,08.12.2021,7696,949,Tak,Nie,Nie,Nie,a,Rozszerzony,1070
14,1,08.12.2021,5891,753,Tak,Nie,Nie,Nie,a,Podstawowy,1300
15,1,08.12.2021,6200,642,Tak,Nie,Nie,Nie,d,Rozszerzony,4110
16,1,08.12.2021,8488,959,Tak,Nie,Nie,Nie,a,Rozszerzony,3270
17,1,08.12.2021,6574,848,Tak,Nie,Nie,Nie,a,Podstawowy,50
18,1,08.12.2021,7287,822,Tak,Nie,Nie,Nie,d,Rozszerzony,13840
19,1,08.12.2021,7169,699,Tak,Nie,Nie,Nie,a,Rozszerzony,3240
21,1,08.12.2021,4367,446,Tak,Nie,Nie,Nie,c,Rozszerzony,550
23,1,08.12.2021,4453,423,Tak,Nie,Nie,Nie,d,Podstawowy,4060
24,1,08.12.2021,8435,770,Tak,Nie,Nie,Nie,a,Rozszerzony,4590
25,1,08.12.2021,11056,1676,Tak,Nie,Nie,Nie,c,Podstawowy,430
26,1,08.12.2021,5791,527,Tak,Nie,Nie,Nie,d,Podstawowy,2300
27,1,08.12.2021,9451,1117,Tak,Nie,Nie,Nie,a,Podstawowy,60
28,1,08.12.2021,4969,537,Tak,Nie,Nie,Nie,a,Podstawowy,1200
29,1,08.12.2021,6698,633,Tak,Nie,Nie,Nie,d,Rozszerzony,2170
30,1,08.12.2021,4315,676,Tak,Nie,Nie,Nie,a,Podstawowy,40
31,1,08.12.2021,5369,596,Tak,Nie,Nie,Nie,d,Rozszerzony,9800
33,1,08.12.2021,7445,812,Tak,Nie,Nie,Nie,a,Rozszerzony,1320
34,1,08.12.2021,7505,1000,Tak,Nie,Nie,Nie,c,Podstawowy,2240
35,1,08.12.2021,8907,706,Tak,Nie,Nie,Nie,d,Rozszerzony,7660
37,1,08.12.2021,5508,622,Tak,Nie,Nie,Nie,c,Podstawowy,4230
38,1,08.12.2021,3676,411,Tak,Nie,Nie,Nie,d,Podstawowy,1090
39,1,08.12.2021,4532,614,Tak,Nie,Nie,Nie,a,Podstawowy,260
40,1,08.12.2021,5431,814,Tak,Nie,Nie,Nie,a,Podstawowy,180
42,1,08.12.2021,10072,1146,Tak,Nie,Nie,Nie,a,Rozszerzony,290
43,1,08.12.2021,6439,596,Tak,Nie,Nie,Nie,d,Podstawowy,4880
44,1,08.12.2021,4897,609,Tak,Nie,Nie,Nie,a,Podstawowy,540
45,1,08.12.2021,5278,424,Tak,Nie,Nie,Nie,d,Podstawowy,9710
47,1,08.12.2021,7847,1045,Tak,Nie,Nie,Nie,a,Rozszerzony,270
48,1,08.12.2021,3785,433,Tak,Nie,Nie,Nie,a,Podstawowy,1060
49,1,08.12.2021,7187,543,Tak,Nie,Nie,Nie,d,Rozszerzony,18010
50,1,08.12.2021,3600,334,Tak,Nie,Nie,Nie,d,Podstawowy,6260
1,7,07.12.2021,0,0,Nie,Nie,Nie,Nie,c,Podstawowy,1270
2,7,07.12.2021,0,0,Nie,Nie,Nie,Nie,a,Podstawowy,570
3,7,07.12.2021,0,0,Nie,Nie,Nie,Nie,a,Podstawowy,14130
4,7,07.12.2021,0,0,Nie,Nie,Nie,Nie,c,Rozszerzony,620
5,7,07.12.2021,0,0,Nie,Nie,Nie,Nie,a,Podstawowy,29910
6,7,07.12.2021,0,0,Nie,Nie,Nie,Nie,a,Podstawowy,310
7,7,07.12.2021,0,0,Nie,Nie,Nie,Nie,a,Rozszerzony,24000
8,7,07.12.2021,0,0,Nie,Nie,Nie,Nie,a,Podstawowy,7520
9,7,07.12.2021,0,0,Nie,Nie,Nie,Nie,a,Rozszerzony,2030
10,7,07.12.2021,0,0,Nie,Nie,Nie,Nie,a,Podstawowy,3160
11,7,07.12.2021,0,0,Nie,Nie,Nie,Nie,a,Rozszerzony,960
12,7,07.12.2021,0,0,Nie,Nie,Nie,Nie,a,Rozszerzony,1070
14,7,07.12.2021,0,0,Nie,Nie,Nie,Nie,a,Podstawowy,1300
15,7,07.12.2021,0,0,Nie,Nie,Nie,Nie,d,Rozszerzony,4110
16,7,07.12.2021,0,0,Nie,Nie,Nie,Nie,a,Rozszerzony,3270
17,7,07.12.2021,0,0,Nie,Nie,Nie,Nie,a,Podstawowy,50
18,7,07.12.2021,0,0,Nie,Nie,Nie,Nie,d,Rozszerzony,13840
19,7,07.12.2021,0,0,Nie,Nie,Nie,Nie,a,Rozszerzony,3240
21,7,07.12.2021,0,0,Nie,Nie,Nie,Nie,c,Rozszerzony,550
23,7,07.12.2021,0,0,Nie,Nie,Nie,Nie,d,Podstawowy,4060
24,7,07.12.2021,0,0,Nie,Nie,Nie,Nie,a,Rozszerzony,4590
25,7,07.12.2021,0,0,Nie,Nie,Nie,Nie,c,Podstawowy,430
26,7,07.12.2021,0,0,Nie,Nie,Nie,Nie,d,Podstawowy,2300
27,7,07.12.2021,0,0,Nie,Nie,Nie,Nie,a,Podstawowy,60
28,7,07.12.2021,0,0,Nie,Nie,Nie,Nie,a,Podstawowy,1200
29,7,07.12.2021,0,0,Nie,Nie,Nie,Nie,d,Rozszerzony,2170
30,7,07.12.2021,0,0,Nie,Nie,Nie,Nie,a,Podstawowy,40
31,7,07.12.2021,0,0,Nie,Nie,Nie,Nie,d,Rozszerzony,9800
33,7,07.12.2021,0,0,Nie,Nie,Nie,Nie,a,Rozszerzony,1320
34,7,07.12.2021,0,0,Nie,Nie,Nie,Nie,c,Podstawowy,2240
35,7,07.12.2021,0,0,Nie,Nie,Nie,Nie,d,Rozszerzony,7660
37,7,07.12.2021,0,0,Nie,Nie,Nie,Nie,c,Podstawowy,4230
38,7,07.12.2021,0,0,Nie,Nie,Nie,Nie,d,Podstawowy,1090
39,7,07.12.2021,0,0,Nie,Nie,Nie,Nie,a,Podstawowy,260
40,7,07.12.2021,0,0,Nie,Nie,Nie,Nie,a,Podstawowy,180
42,7,07.12.2021,0,0,Nie,Nie,Nie,Nie,a,Rozszerzony,290
43,7,07.12.2021,0,0,Nie,Nie,Nie,Nie,d,Podstawowy,4880
44,7,07.12.2021,0,0,Nie,Nie,Nie,Nie,a,Podstawowy,540
45,7,07.12.2021,0,0,Nie,Nie,Nie,Nie,d,Podstawowy,9710
47,7,07.12.2021,0,0,Nie,Nie,Nie,Nie,a,Rozszerzony,270
48,7,07.12.2021,0,0,Nie,Nie,Nie,Nie,a,Podstawowy,1060
49,7,07.12.2021,0,0,Nie,Nie,Nie,Nie,d,Rozszerzony,18010
50,7,07.12.2021,0,0,Nie,Nie,Nie,Nie,d,Podstawowy,6260
1,6,06.12.2021,6185,746,Tak,Nie,Nie,Nie,c,Podstawowy,1270
2,6,06.12.2021,2914,386,Tak,Nie,Nie,Nie,a,Podstawowy,570
3,6,06.12.2021,7669,947,Tak,Nie,Nie,Nie,a,Podstawowy,14130
4,6,06.12.2021,11624,1556,Tak,Nie,Nie,Nie,c,Rozszerzony,620
5,6,06.12.2021,3054,392,Tak,Nie,Nie,Nie,a,Podstawowy,29910
6,6,06.12.2021,4530,448,Tak,Nie,Nie,Nie,a,Podstawowy,310
7,6,06.12.2021,7000,739,Tak,Nie,Nie,Nie,a,Rozszerzony,24000
8,6,06.12.2021,5486,660,Tak,Nie,Nie,Nie,a,Podstawowy,7520
9,6,06.12.2021,7545,641,Tak,Nie,Nie,Nie,a,Rozszerzony,2030
10,6,06.12.2021,5292,545,Tak,Nie,Nie,Nie,a,Podstawowy,3160
11,6,06.12.2021,10957,1455,Tak,Nie,Nie,Nie,a,Rozszerzony,960
12,6,06.12.2021,8269,1091,Tak,Nie,Nie,Nie,a,Rozszerzony,1070
14,6,06.12.2021,3911,464,Tak,Nie,Nie,Nie,a,Podstawowy,1300
15,6,06.12.2021,5960,640,Tak,Nie,Nie,Nie,d,Rozszerzony,4110
16,6,06.12.2021,6990,708,Tak,Nie,Nie,Nie,a,Rozszerzony,3270
17,6,06.12.2021,4174,541,Tak,Nie,Nie,Nie,a,Podstawowy,50
18,6,06.12.2021,5236,571,Tak,Nie,Nie,Nie,d,Rozszerzony,13840
19,6,06.12.2021,5010,486,Tak,Nie,Nie,Nie,a,Rozszerzony,3240
21,6,06.12.2021,5392,551,Tak,Nie,Nie,Nie,c,Rozszerzony,550
23,6,06.12.2021,5141,494,Tak,Nie,Nie,Nie,d,Podstawowy,4060
24,6,06.12.2021,8707,794,Tak,Nie,Nie,Nie,a,Rozszerzony,4590
25,6,06.12.2021,9766,1331,Tak,Nie,Nie,Nie,c,Podstawowy,430
26,6,06.12.2021,6495,560,Tak,Nie,Nie,Nie,d,Podstawowy,2300
27,6,06.12.2021,9474,1105,Tak,Nie,Nie,Nie,a,Podstawowy,60
28,6,06.12.2021,2947,333,Tak,Nie,Nie,Nie,a,Podstawowy,1200
29,6,06.12.2021,8829,764,Tak,Nie,Nie,Nie,d,Rozszerzony,2170
30,6,06.12.2021,5740,863,Tak,Nie,Nie,Nie,a,Podstawowy,40
31,6,06.12.2021,5963,589,Tak,Nie,Nie,Nie,d,Rozszerzony,9800
33,6,06.12.2021,9553,912,Tak,Nie,Nie,Nie,a,Rozszerzony,1320
34,6,06.12.2021,7954,991,Tak,Nie,Nie,Nie,c,Podstawowy,2240
35,6,06.12.2021,8345,600,Tak,Nie,Nie,Nie,d,Rozszerzony,7660
37,6,06.12.2021,8363,968,Tak,Nie,Nie,Nie,c,Podstawowy,4230
38,6,06.12.2021,6560,628,Tak,Nie,Nie,Nie,d,Podstawowy,1090
39,6,06.12.2021,3523,478,Tak,Nie,Nie,Nie,a,Podstawowy,260
40,6,06.12.2021,7048,971,Tak,Nie,Nie,Nie,a,Podstawowy,180
42,6,06.12.2021,11073,1102,Tak,Nie,Nie,Nie,a,Rozszerzony,290
43,6,06.12.2021,4773,475,Tak,Nie,Nie,Nie,d,Podstawowy,4880
44,6,06.12.2021,4467,523,Tak,Nie,Nie,Nie,a,Podstawowy,540
45,6,06.12.2021,6388,495,Tak,Nie,Nie,Nie,d,Podstawowy,9710
47,6,06.12.2021,6503,892,Tak,Nie,Nie,Nie,a,Rozszerzony,270
48,6,06.12.2021,3636,360,Tak,Nie,Nie,Nie,a,Podstawowy,1060
49,6,06.12.2021,8701,606,Tak,Nie,Nie,Nie,d,Rozszerzony,18010
50,6,06.12.2021,5179,412,Tak,Nie,Nie,Nie,d,Podstawowy,6260
1,5,05.12.2021,6207,712,Tak,Tak,Nie,Nie,c,Podstawowy,1270
2,5,05.12.2021,6385,676,Tak,Tak,Nie,Nie,a,Podstawowy,570
3,5,05.12.2021,10190,1096,Tak,Tak,Nie,Nie,a,Podstawowy,14130
4,5,05.12.2021,11831,1574,Tak,Tak,Nie,Nie,c,Rozszerzony,620
5,5,05.12.2021,7606,744,Tak,Tak,Nie,Nie,a,Podstawowy,29910
6,5,05.12.2021,8320,823,Tak,Tak,Nie,Nie,a,Podstawowy,310
7,5,05.12.2021,15268,1317,Tak,Tak,Nie,Nie,a,Rozszerzony,24000
8,5,05.12.2021,8258,879,Tak,Tak,Nie,Nie,a,Podstawowy,7520
9,5,05.12.2021,8834,723,Tak,Tak,Nie,Nie,a,Rozszerzony,2030
10,5,05.12.2021,7349,726,Tak,Tak,Nie,Nie,a,Podstawowy,3160
11,5,05.12.2021,15072,1758,Tak,Tak,Nie,Nie,a,Rozszerzony,960
12,5,05.12.2021,13388,1315,Tak,Tak,Nie,Nie,a,Rozszerzony,1070
14,5,05.12.2021,7591,825,Tak,Tak,Nie,Nie,a,Podstawowy,1300
15,5,05.12.2021,11490,957,Tak,Tak,Nie,Nie,d,Rozszerzony,4110
16,5,05.12.2021,13029,1163,Tak,Tak,Nie,Nie,a,Rozszerzony,3270
17,5,05.12.2021,9285,1023,Tak,Tak,Nie,Nie,a,Podstawowy,50
18,5,05.12.2021,11416,1050,Tak,Tak,Nie,Nie,d,Rozszerzony,13840
19,5,05.12.2021,9969,867,Tak,Tak,Nie,Nie,a,Rozszerzony,3240
21,5,05.12.2021,7279,636,Tak,Tak,Nie,Nie,c,Rozszerzony,550
23,5,05.12.2021,8048,667,Tak,Tak,Nie,Nie,d,Podstawowy,4060
24,5,05.12.2021,14169,1118,Tak,Tak,Nie,Nie,a,Rozszerzony,4590
25,5,05.12.2021,13342,1733,Tak,Tak,Nie,Nie,c,Podstawowy,430
26,5,05.12.2021,10850,763,Tak,Tak,Nie,Nie,d,Podstawowy,2300
27,5,05.12.2021,14100,1477,Tak,Tak,Nie,Nie,a,Podstawowy,60
28,5,05.12.2021,6956,716,Tak,Tak,Nie,Nie,a,Podstawowy,1200
29,5,05.12.2021,10098,823,Tak,Tak,Nie,Nie,d,Rozszerzony,2170
30,5,05.12.2021,6573,901,Tak,Tak,Nie,Nie,a,Podstawowy,40
31,5,05.12.2021,10725,885,Tak,Tak,Nie,Nie,d,Rozszerzony,9800
33,5,05.12.2021,11029,997,Tak,Tak,Nie,Nie,a,Rozszerzony,1320
34,5,05.12.2021,10936,1234,Tak,Tak,Nie,Nie,c,Podstawowy,2240
35,5,05.12.2021,13768,957,Tak,Tak,Nie,Nie,d,Rozszerzony,7660
37,5,05.12.2021,12521,1144,Tak,Tak,Nie,Nie,c,Podstawowy,4230
38,5,05.12.2021,7104,615,Tak,Tak,Nie,Nie,d,Podstawowy,1090
39,5,05.12.2021,6061,720,Tak,Tak,Nie,Nie,a,Podstawowy,260
40,5,05.12.2021,6491,890,Tak,Tak,Nie,Nie,a,Podstawowy,180
42,5,05.12.2021,15361,1372,Tak,Tak,Nie,Nie,a,Rozszerzony,290
43,5,05.12.2021,8772,794,Tak,Tak,Nie,Nie,d,Podstawowy,4880
44,5,05.12.2021,7927,829,Tak,Tak,Nie,Nie,a,Podstawowy,540
45,5,05.12.2021,8451,570,Tak,Tak,Nie,Nie,d,Podstawowy,9710
47,5,05.12.2021,12401,1317,Tak,Tak,Nie,Nie,a,Rozszerzony,270
48,5,05.12.2021,6155,508,Tak,Tak,Nie,Nie,a,Podstawowy,1060
49,5,05.12.2021,13817,856,Tak,Tak,Nie,Nie,d,Rozszerzony,18010
50,5,05.12.2021,5624,440,Tak,Tak,Nie,Nie,d,Podstawowy,6260
1,4,04.12.2021,7016,681,Tak,Tak,Nie,Nie,c,Podstawowy,1270
2,4,04.12.2021,6661,670,Tak,Tak,Nie,Nie,a,Podstawowy,570
3,4,04.12.2021,8766,935,Tak,Tak,Nie,Nie,a,Podstawowy,14130
4,4,04.12.2021,10657,1350,Tak,Tak,Nie,Nie,c,Rozszerzony,620
5,4,04.12.2021,5792,602,Tak,Tak,Nie,Nie,a,Podstawowy,29910
6,4,04.12.2021,6371,711,Tak,Tak,Nie,Nie,a,Podstawowy,310
7,4,04.12.2021,11994,1069,Tak,Tak,Nie,Nie,a,Rozszerzony,24000
8,4,04.12.2021,8417,896,Tak,Tak,Nie,Nie,a,Podstawowy,7520
9,4,04.12.2021,7665,637,Tak,Tak,Nie,Nie,a,Rozszerzony,2030
10,4,04.12.2021,6665,653,Tak,Tak,Nie,Nie,a,Podstawowy,3160
11,4,04.12.2021,13585,1536,Tak,Tak,Nie,Nie,a,Rozszerzony,960
12,4,04.12.2021,11438,1138,Tak,Tak,Nie,Nie,a,Rozszerzony,1070
14,4,04.12.2021,6552,714,Tak,Tak,Nie,Nie,a,Podstawowy,1300
15,4,04.12.2021,9976,811,Tak,Tak,Nie,Nie,d,Rozszerzony,4110
16,4,04.12.2021,10622,1035,Tak,Tak,Nie,Nie,a,Rozszerzony,3270
17,4,04.12.2021,8093,844,Tak,Tak,Nie,Nie,a,Podstawowy,50
18,4,04.12.2021,9155,828,Tak,Tak,Nie,Nie,d,Rozszerzony,13840
19,4,04.12.2021,9274,765,Tak,Tak,Nie,Nie,a,Rozszerzony,3240
21,4,04.12.2021,7640,582,Tak,Tak,Nie,Nie,c,Rozszerzony,550
23,4,04.12.2021,7056,589,Tak,Tak,Nie,Nie,d,Podstawowy,4060
24,4,04.12.2021,11925,966,Tak,Tak,Nie,Nie,a,Rozszerzony,4590
25,4,04.12.2021,13458,1768,Tak,Tak,Nie,Nie,c,Podstawowy,430
26,4,04.12.2021,8249,588,Tak,Tak,Nie,Nie,d,Podstawowy,2300
27,4,04.12.2021,12038,1284,Tak,Tak,Nie,Nie,a,Podstawowy,60
28,4,04.12.2021,6471,608,Tak,Tak,Nie,Nie,a,Podstawowy,1200
29,4,04.12.2021,10000,778,Tak,Tak,Nie,Nie,d,Rozszerzony,2170
30,4,04.12.2021,6570,883,Tak,Tak,Nie,Nie,a,Podstawowy,40
31,4,04.12.2021,8325,724,Tak,Tak,Nie,Nie,d,Rozszerzony,9800
33,4,04.12.2021,9017,833,Tak,Tak,Nie,Nie,a,Rozszerzony,1320
34,4,04.12.2021,9280,1103,Tak,Tak,Nie,Nie,c,Podstawowy,2240
35,4,04.12.2021,12190,778,Tak,Tak,Nie,Nie,d,Rozszerzony,7660
37,4,04.12.2021,9495,929,Tak,Tak,Nie,Nie,c,Podstawowy,4230
38,4,04.12.2021,6010,574,Tak,Tak,Nie,Nie,d,Podstawowy,1090
39,4,04.12.2021,5859,699,Tak,Tak,Nie,Nie,a,Podstawowy,260
40,4,04.12.2021,6797,826,Tak,Tak,Nie,Nie,a,Podstawowy,180
42,4,04.12.2021,14454,1290,Tak,Tak,Nie,Nie,a,Rozszerzony,290
43,4,04.12.2021,8458,736,Tak,Tak,Nie,Nie,d,Podstawowy,4880
44,4,04.12.2021,8052,752,Tak,Tak,Nie,Nie,a,Podstawowy,540
45,4,04.12.2021,6446,453,Tak,Tak,Nie,Nie,d,Podstawowy,9710
47,4,04.12.2021,10402,1120,Tak,Tak,Nie,Nie,a,Rozszerzony,270
48,4,04.12.2021,4533,460,Tak,Tak,Nie,Nie,a,Podstawowy,1060
49,4,04.12.2021,10680,672,Tak,Tak,Nie,Nie,d,Rozszerzony,18010
50,4,04.12.2021,4615,398,Tak,Tak,Nie,Nie,d,Podstawowy,6260
1,3,03.12.2021,6454,695,Tak,Tak,Nie,Nie,c,Podstawowy,1270
2,3,03.12.2021,7533,769,Tak,Tak,Nie,Nie,a,Podstawowy,570
3,3,03.12.2021,9694,962,Tak,Tak,Nie,Nie,a,Podstawowy,14130
4,3,03.12.2021,11716,1429,Tak,Tak,Nie,Nie,c,Rozszerzony,620
5,3,03.12.2021,6096,652,Tak,Tak,Nie,Nie,a,Podstawowy,29910
6,3,03.12.2021,6906,670,Tak,Tak,Nie,Nie,a,Podstawowy,310
7,3,03.12.2021,10229,914,Tak,Tak,Nie,Nie,a,Rozszerzony,24000
8,3,03.12.2021,7504,751,Tak,Tak,Nie,Nie,a,Podstawowy,7520
9,3,03.12.2021,7785,633,Tak,Tak,Nie,Nie,a,Rozszerzony,2030
10,3,03.12.2021,6532,619,Tak,Tak,Nie,Nie,a,Podstawowy,3160
11,3,03.12.2021,12964,1515,Tak,Tak,Nie,Nie,a,Rozszerzony,960
12,3,03.12.2021,10471,1055,Tak,Tak,Nie,Nie,a,Rozszerzony,1070
14,3,03.12.2021,6691,666,Tak,Tak,Nie,Nie,a,Podstawowy,1300
15,3,03.12.2021,8359,723,Tak,Tak,Nie,Nie,d,Rozszerzony,4110
16,3,03.12.2021,11031,1011,Tak,Tak,Nie,Nie,a,Rozszerzony,3270
17,3,03.12.2021,9056,927,Tak,Tak,Nie,Nie,a,Podstawowy,50
18,3,03.12.2021,8285,802,Tak,Tak,Nie,Nie,d,Rozszerzony,13840
19,3,03.12.2021,7906,708,Tak,Tak,Nie,Nie,a,Rozszerzony,3240
21,3,03.12.2021,6181,539,Tak,Tak,Nie,Nie,c,Rozszerzony,550
23,3,03.12.2021,5813,469,Tak,Tak,Nie,Nie,d,Podstawowy,4060
24,3,03.12.2021,12594,957,Tak,Tak,Nie,Nie,a,Rozszerzony,4590
25,3,03.12.2021,12497,1738,Tak,Tak,Nie,Nie,c,Podstawowy,430
26,3,03.12.2021,7201,528,Tak,Tak,Nie,Nie,d,Podstawowy,2300
27,3,03.12.2021,11932,1276,Tak,Tak,Nie,Nie,a,Podstawowy,60
28,3,03.12.2021,5850,577,Tak,Tak,Nie,Nie,a,Podstawowy,1200
29,3,03.12.2021,8698,680,Tak,Tak,Nie,Nie,d,Rozszerzony,2170
30,3,03.12.2021,5562,711,Tak,Tak,Nie,Nie,a,Podstawowy,40
31,3,03.12.2021,8496,695,Tak,Tak,Nie,Nie,d,Rozszerzony,9800
33,3,03.12.2021,9601,843,Tak,Tak,Nie,Nie,a,Rozszerzony,1320
34,3,03.12.2021,9753,1135,Tak,Tak,Nie,Nie,c,Podstawowy,2240
35,3,03.12.2021,11840,745,Tak,Tak,Nie,Nie,d,Rozszerzony,7660
37,3,03.12.2021,9103,820,Tak,Tak,Nie,Nie,c,Podstawowy,4230
38,3,03.12.2021,6513,538,Tak,Tak,Nie,Nie,d,Podstawowy,1090
39,3,03.12.2021,6777,805,Tak,Tak,Nie,Nie,a,Podstawowy,260
40,3,03.12.2021,5330,754,Tak,Tak,Nie,Nie,a,Podstawowy,180
42,3,03.12.2021,13965,1329,Tak,Tak,Nie,Nie,a,Rozszerzony,290
43,3,03.12.2021,7696,640,Tak,Tak,Nie,Nie,d,Podstawowy,4880
44,3,03.12.2021,6848,720,Tak,Tak,Nie,Nie,a,Podstawowy,540
45,3,03.12.2021,6460,429,Tak,Tak,Nie,Nie,d,Podstawowy,9710
47,3,03.12.2021,10468,1154,Tak,Tak,Nie,Nie,a,Rozszerzony,270
48,3,03.12.2021,4930,432,Tak,Tak,Nie,Nie,a,Podstawowy,1060
49,3,03.12.2021,9286,613,Tak,Tak,Nie,Nie,d,Rozszerzony,18010
50,3,03.12.2021,4829,373,Tak,Tak,Nie,Nie,d,Podstawowy,6260
1,2,02.12.2021,6467,717,Tak,Tak,Nie,Nie,c,Podstawowy,1270
2,2,02.12.2021,7664,751,Tak,Tak,Nie,Nie,a,Podstawowy,570
3,2,02.12.2021,9044,932,Tak,Tak,Nie,Nie,a,Podstawowy,14130
4,2,02.12.2021,11114,1456,Tak,Tak,Nie,Nie,c,Rozszerzony,620
5,2,02.12.2021,7180,688,Tak,Tak,Nie,Nie,a,Podstawowy,29910
6,2,02.12.2021,7092,700,Tak,Tak,Nie,Nie,a,Podstawowy,310
7,2,02.12.2021,13115,1187,Tak,Tak,Nie,Nie,a,Rozszerzony,24000
8,2,02.12.2021,8470,871,Tak,Tak,Nie,Nie,a,Podstawowy,7520
9,2,02.12.2021,8378,684,Tak,Tak,Nie,Nie,a,Rozszerzony,2030
10,2,02.12.2021,7432,700,Tak,Tak,Nie,Nie,a,Podstawowy,3160
11,2,02.12.2021,12880,1473,Tak,Tak,Nie,Nie,a,Rozszerzony,960
12,2,02.12.2021,11623,1123,Tak,Tak,Nie,Nie,a,Rozszerzony,1070
14,2,02.12.2021,8022,844,Tak,Tak,Nie,Nie,a,Podstawowy,1300
15,2,02.12.2021,9850,795,Tak,Tak,Nie,Nie,d,Rozszerzony,4110
16,2,02.12.2021,11217,1099,Tak,Tak,Nie,Nie,a,Rozszerzony,3270
17,2,02.12.2021,11924,1145,Tak,Tak,Nie,Nie,a,Podstawowy,50
18,2,02.12.2021,9319,812,Tak,Tak,Nie,Nie,d,Rozszerzony,13840
19,2,02.12.2021,9471,774,Tak,Tak,Nie,Nie,a,Rozszerzony,3240
21,2,02.12.2021,6445,553,Tak,Tak,Nie,Nie,c,Rozszerzony,550
23,2,02.12.2021,7109,555,Tak,Tak,Nie,Nie,d,Podstawowy,4060
24,2,02.12.2021,12584,1007,Tak,Tak,Nie,Nie,a,Rozszerzony,4590
25,2,02.12.2021,14952,1980,Tak,Tak,Nie,Nie,c,Podstawowy,430
26,2,02.12.2021,9218,622,Tak,Tak,Nie,Nie,d,Podstawowy,2300
27,2,02.12.2021,13580,1355,Tak,Tak,Nie,Nie,a,Podstawowy,60
28,2,02.12.2021,7880,700,Tak,Tak,Nie,Nie,a,Podstawowy,1200
29,2,02.12.2021,9756,780,Tak,Tak,Nie,Nie,d,Rozszerzony,2170
30,2,02.12.2021,6416,882,Tak,Tak,Nie,Nie,a,Podstawowy,40
31,2,02.12.2021,7852,674,Tak,Tak,Nie,Nie,d,Rozszerzony,9800
33,2,02.12.2021,10434,920,Tak,Tak,Nie,Nie,a,Rozszerzony,1320
34,2,02.12.2021,10174,1148,Tak,Tak,Nie,Nie,c,Podstawowy,2240
35,2,02.12.2021,13271,826,Tak,Tak,Nie,Nie,d,Rozszerzony,7660
37,2,02.12.2021,8923,828,Tak,Tak,Nie,Nie,c,Podstawowy,4230
38,2,02.12.2021,7290,619,Tak,Tak,Nie,Nie,d,Podstawowy,1090
39,2,02.12.2021,7688,809,Tak,Tak,Nie,Nie,a,Podstawowy,260
40,2,02.12.2021,6130,860,Tak,Tak,Nie,Nie,a,Podstawowy,180
42,2,02.12.2021,14064,1359,Tak,Tak,Nie,Nie,a,Rozszerzony,290
43,2,02.12.2021,8611,723,Tak,Tak,Nie,Nie,d,Podstawowy,4880
44,2,02.12.2021,6809,715,Tak,Tak,Nie,Nie,a,Podstawowy,540
45,2,02.12.2021,6358,426,Tak,Tak,Nie,Nie,d,Podstawowy,9710
47,2,02.12.2021,10650,1198,Tak,Tak,Nie,Nie,a,Rozszerzony,270
48,2,02.12.2021,4724,420,Tak,Tak,Nie,Nie,a,Podstawowy,1060
49,2,02.12.2021,9377,621,Tak,Tak,Nie,Nie,d,Rozszerzony,18010
50,2,02.12.2021,6145,440,Tak,Tak,Nie,Nie,d,Podstawowy,6260
1,1,01.12.2021,7380,723,Tak,Tak,Nie,Nie,c,Podstawowy,1270
2,1,01.12.2021,8674,783,Tak,Tak,Nie,Nie,a,Podstawowy,570
3,1,01.12.2021,10369,962,Tak,Tak,Nie,Nie,a,Podstawowy,14130
4,1,01.12.2021,12359,1608,Tak,Tak,Nie,Nie,c,Rozszerzony,620
5,1,01.12.2021,8580,783,Tak,Tak,Nie,Nie,a,Podstawowy,29910
6,1,01.12.2021,7638,788,Tak,Tak,Nie,Nie,a,Podstawowy,310
7,1,01.12.2021,14130,1230,Tak,Tak,Nie,Nie,a,Rozszerzony,24000
8,1,01.12.2021,10924,1043,Tak,Tak,Nie,Nie,a,Podstawowy,7520
9,1,01.12.2021,10854,800,Tak,Tak,Nie,Nie,a,Rozszerzony,2030
10,1,01.12.2021,7440,732,Tak,Tak,Nie,Nie,a,Podstawowy,3160
11,1,01.12.2021,14087,1587,Tak,Tak,Nie,Nie,a,Rozszerzony,960
12,1,01.12.2021,13479,1333,Tak,Tak,Nie,Nie,a,Rozszerzony,1070
14,1,01.12.2021,9141,914,Tak,Tak,Nie,Nie,a,Podstawowy,1300
15,1,01.12.2021,11669,950,Tak,Tak,Nie,Nie,d,Rozszerzony,4110
16,1,01.12.2021,12640,1166,Tak,Tak,Nie,Nie,a,Rozszerzony,3270
17,1,01.12.2021,13042,1242,Tak,Tak,Nie,Nie,a,Podstawowy,50
18,1,01.12.2021,11242,958,Tak,Tak,Nie,Nie,d,Rozszerzony,13840
19,1,01.12.2021,8547,797,Tak,Tak,Nie,Nie,a,Rozszerzony,3240
21,1,01.12.2021,7730,623,Tak,Tak,Nie,Nie,c,Rozszerzony,550
23,1,01.12.2021,9415,699,Tak,Tak,Nie,Nie,d,Podstawowy,4060
24,1,01.12.2021,15046,1169,Tak,Tak,Nie,Nie,a,Rozszerzony,4590
25,1,01.12.2021,16037,2049,Tak,Tak,Nie,Nie,c,Podstawowy,430
26,1,01.12.2021,10182,716,Tak,Tak,Nie,Nie,d,Podstawowy,2300
27,1,01.12.2021,15651,1481,Tak,Tak,Nie,Nie,a,Podstawowy,60
28,1,01.12.2021,8636,784,Tak,Tak,Nie,Nie,a,Podstawowy,1200
29,1,01.12.2021,13855,1038,Tak,Tak,Nie,Nie,d,Rozszerzony,2170
30,1,01.12.2021,7647,931,Tak,Tak,Nie,Nie,a,Podstawowy,40
31,1,01.12.2021,8638,737,Tak,Tak,Nie,Nie,d,Rozszerzony,9800
33,1,01.12.2021,12137,1083,Tak,Tak,Nie,Nie,a,Rozszerzony,1320
34,1,01.12.2021,11991,1315,Tak,Tak,Nie,Nie,c,Podstawowy,2240
35,1,01.12.2021,16528,995,Tak,Tak,Nie,Nie,d,Rozszerzony,7660
37,1,01.12.2021,10616,947,Tak,Tak,Nie,Nie,c,Podstawowy,4230
38,1,01.12.2021,9177,716,Tak,Tak,Nie,Nie,d,Podstawowy,1090
39,1,01.12.2021,9484,1001,Tak,Tak,Nie,Nie,a,Podstawowy,260
40,1,01.12.2021,6805,871,Tak,Tak,Nie,Nie,a,Podstawowy,180
42,1,01.12.2021,16433,1480,Tak,Tak,Nie,Nie,a,Rozszerzony,290
43,1,01.12.2021,9834,812,Tak,Tak,Nie,Nie,d,Podstawowy,4880
44,1,01.12.2021,8962,854,Tak,Tak,Nie,Nie,a,Podstawowy,540
45,1,01.12.2021,7606,543,Tak,Tak,Nie,Nie,d,Podstawowy,9710
47,1,01.12.2021,11204,1208,Tak,Tak,Nie,Nie,a,Rozszerzony,270
48,1,01.12.2021,6573,539,Tak,Tak,Nie,Nie,a,Podstawowy,1060
49,1,01.12.2021,11580,737,Tak,Tak,Nie,Nie,d,Rozszerzony,18010
50,1,01.12.2021,7103,510,Tak,Tak,Nie,Nie,d,Podstawowy,6260
1,7,30.11.2021,0,0,Nie,Nie,Nie,Nie,c,Podstawowy,1270
2,7,30.11.2021,0,0,Nie,Nie,Nie,Nie,a,Podstawowy,570
3,7,30.11.2021,0,0,Nie,Nie,Nie,Nie,a,Podstawowy,14130
4,7,30.11.2021,0,0,Nie,Nie,Nie,Nie,c,Rozszerzony,620
5,7,30.11.2021,0,0,Nie,Nie,Nie,Nie,a,Podstawowy,29910
6,7,30.11.2021,0,0,Nie,Nie,Nie,Nie,a,Podstawowy,310
7,7,30.11.2021,0,0,Nie,Nie,Nie,Nie,a,Rozszerzony,24000
8,7,30.11.2021,0,0,Nie,Nie,Nie,Nie,a,Podstawowy,7520
9,7,30.11.2021,0,0,Nie,Nie,Nie,Nie,a,Rozszerzony,2030
10,7,30.11.2021,0,0,Nie,Nie,Nie,Nie,a,Podstawowy,3160
11,7,30.11.2021,0,0,Nie,Nie,Nie,Nie,a,Rozszerzony,960
12,7,30.11.2021,0,0,Nie,Nie,Nie,Nie,a,Rozszerzony,1070
14,7,30.11.2021,0,0,Nie,Nie,Nie,Nie,a,Podstawowy,1300
15,7,30.11.2021,0,0,Nie,Nie,Nie,Nie,d,Rozszerzony,4110
16,7,30.11.2021,0,0,Nie,Nie,Nie,Nie,a,Rozszerzony,3270
17,7,30.11.2021,0,0,Nie,Nie,Nie,Nie,a,Podstawowy,50
18,7,30.11.2021,0,0,Nie,Nie,Nie,Nie,d,Rozszerzony,13840
19,7,30.11.2021,0,0,Nie,Nie,Nie,Nie,a,Rozszerzony,3240
21,7,30.11.2021,0,0,Nie,Nie,Nie,Nie,c,Rozszerzony,550
23,7,30.11.2021,0,0,Nie,Nie,Nie,Nie,d,Podstawowy,4060
24,7,30.11.2021,0,0,Nie,Nie,Nie,Nie,a,Rozszerzony,4590
25,7,30.11.2021,0,0,Nie,Nie,Nie,Nie,c,Podstawowy,430
26,7,30.11.2021,0,0,Nie,Nie,Nie,Nie,d,Podstawowy,2300
27,7,30.11.2021,0,0,Nie,Nie,Nie,Nie,a,Podstawowy,60
28,7,30.11.2021,0,0,Nie,Nie,Nie,Nie,a,Podstawowy,1200
29,7,30.11.2021,0,0,Nie,Nie,Nie,Nie,d,Rozszerzony,2170
30,7,30.11.2021,0,0,Nie,Nie,Nie,Nie,a,Podstawowy,40
31,7,30.11.2021,0,0,Nie,Nie,Nie,Nie,d,Rozszerzony,9800
33,7,30.11.2021,0,0,Nie,Nie,Nie,Nie,a,Rozszerzony,1320
34,7,30.11.2021,0,0,Nie,Nie,Nie,Nie,c,Podstawowy,2240
35,7,30.11.2021,0,0,Nie,Nie,Nie,Nie,d,Rozszerzony,7660
37,7,30.11.2021,0,0,Nie,Nie,Nie,Nie,c,Podstawowy,4230
38,7,30.11.2021,0,0,Nie,Nie,Nie,Nie,d,Podstawowy,1090
39,7,30.11.2021,0,0,Nie,Nie,Nie,Nie,a,Podstawowy,260
40,7,30.11.2021,0,0,Nie,Nie,Nie,Nie,a,Podstawowy,180
42,7,30.11.2021,0,0,Nie,Nie,Nie,Nie,a,Rozszerzony,290
43,7,30.11.2021,0,0,Nie,Nie,Nie,Nie,d,Podstawowy,4880
44,7,30.11.2021,0,0,Nie,Nie,Nie,Nie,a,Podstawowy,540
45,7,30.11.2021,0,0,Nie,Nie,Nie,Nie,d,Podstawowy,9710
47,7,30.11.2021,0,0,Nie,Nie,Nie,Nie,a,Rozszerzony,270
48,7,30.11.2021,0,0,Nie,Nie,Nie,Nie,a,Podstawowy,1060
49,7,30.11.2021,0,0,Nie,Nie,Nie,Nie,d,Rozszerzony,18010
50,7,30.11.2021,0,0,Nie,Nie,Nie,Nie,d,Podstawowy,6260
1,6,29.11.2021,7066,749,Tak,Nie,Nie,Nie,c,Podstawowy,1270
2,6,29.11.2021,3424,372,Tak,Nie,Nie,Nie,a,Podstawowy,570
3,6,29.11.2021,6702,723,Tak,Nie,Nie,Nie,a,Podstawowy,14130
4,6,29.11.2021,14052,1813,Tak,Nie,Nie,Nie,c,Rozszerzony,620
5,6,29.11.2021,2435,270,Tak,Nie,Nie,Nie,a,Podstawowy,29910
6,6,29.11.2021,5105,494,Tak,Nie,Nie,Nie,a,Podstawowy,310
7,6,29.11.2021,8884,791,Tak,Nie,Nie,Nie,a,Rozszerzony,24000
8,6,29.11.2021,5052,542,Tak,Nie,Nie,Nie,a,Podstawowy,7520
9,6,29.11.2021,9096,716,Tak,Nie,Nie,Nie,a,Rozszerzony,2030
10,6,29.11.2021,6517,673,Tak,Nie,Nie,Nie,a,Podstawowy,3160
11,6,29.11.2021,14461,1802,Tak,Nie,Nie,Nie,a,Rozszerzony,960
12,6,29.11.2021,9862,1099,Tak,Nie,Nie,Nie,a,Rozszerzony,1070
14,6,29.11.2021,4524,497,Tak,Nie,Nie,Nie,a,Podstawowy,1300
15,6,29.11.2021,8189,821,Tak,Nie,Nie,Nie,d,Rozszerzony,4110
16,6,29.11.2021,8057,825,Tak,Nie,Nie,Nie,a,Rozszerzony,3270
17,6,29.11.2021,3902,505,Tak,Nie,Nie,Nie,a,Podstawowy,50
18,6,29.11.2021,5953,608,Tak,Nie,Nie,Nie,d,Rozszerzony,13840
19,6,29.11.2021,6595,566,Tak,Nie,Nie,Nie,a,Rozszerzony,3240
21,6,29.11.2021,7140,599,Tak,Nie,Nie,Nie,c,Rozszerzony,550
23,6,29.11.2021,5504,513,Tak,Nie,Nie,Nie,d,Podstawowy,4060
24,6,29.11.2021,10618,862,Tak,Nie,Nie,Nie,a,Rozszerzony,4590
25,6,29.11.2021,10517,1535,Tak,Nie,Nie,Nie,c,Podstawowy,430
26,6,29.11.2021,7349,576,Tak,Nie,Nie,Nie,d,Podstawowy,2300
27,6,29.11.2021,10891,1261,Tak,Nie,Nie,Nie,a,Podstawowy,60
28,6,29.11.2021,2997,305,Tak,Nie,Nie,Nie,a,Podstawowy,1200
29,6,29.11.2021,10257,824,Tak,Nie,Nie,Nie,d,Rozszerzony,2170
30,6,29.11.2021,5700,809,Tak,Nie,Nie,Nie,a,Podstawowy,40
31,6,29.11.2021,7871,753,Tak,Nie,Nie,Nie,d,Rozszerzony,9800
33,6,29.11.2021,10524,970,Tak,Nie,Nie,Nie,a,Rozszerzony,1320
34,6,29.11.2021,9592,1138,Tak,Nie,Nie,Nie,c,Podstawowy,2240
35,6,29.11.2021,9351,691,Tak,Nie,Nie,Nie,d,Rozszerzony,7660
37,6,29.11.2021,8898,1040,Tak,Nie,Nie,Nie,c,Podstawowy,4230
38,6,29.11.2021,7590,643,Tak,Nie,Nie,Nie,d,Podstawowy,1090
39,6,29.11.2021,3958,527,Tak,Nie,Nie,Nie,a,Podstawowy,260
40,6,29.11.2021,8032,1081,Tak,Nie,Nie,Nie,a,Podstawowy,180
42,6,29.11.2021,11255,1187,Tak,Nie,Nie,Nie,a,Rozszerzony,290
43,6,29.11.2021,4754,463,Tak,Nie,Nie,Nie,d,Podstawowy,4880
44,6,29.11.2021,4512,517,Tak,Nie,Nie,Nie,a,Podstawowy,540
45,6,29.11.2021,7075,550,Tak,Nie,Nie,Nie,d,Podstawowy,9710
47,6,29.11.2021,8746,1018,Tak,Nie,Nie,Nie,a,Rozszerzony,270
48,6,29.11.2021,4058,397,Tak,Nie,Nie,Nie,a,Podstawowy,1060
49,6,29.11.2021,9602,664,Tak,Nie,Nie,Nie,d,Rozszerzony,18010
50,6,29.11.2021,6272,533,Tak,Nie,Nie,Nie,d,Podstawowy,6260
1,5,28.11.2021,7195,711,Tak,Tak,Nie,Nie,c,Podstawowy,1270
2,5,28.11.2021,6062,608,Tak,Tak,Nie,Nie,a,Podstawowy,570
3,5,28.11.2021,9700,953,Tak,Tak,Nie,Nie,a,Podstawowy,14130
4,5,28.11.2021,13832,1649,Tak,Tak,Nie,Nie,c,Rozszerzony,620
5,5,28.11.2021,6875,689,Tak,Tak,Nie,Nie,a,Podstawowy,29910
6,5,28.11.2021,7168,757,Tak,Tak,Nie,Nie,a,Podstawowy,310
7,5,28.11.2021,13668,1212,Tak,Tak,Nie,Nie,a,Rozszerzony,24000
8,5,28.11.2021,8094,812,Tak,Tak,Nie,Nie,a,Podstawowy,7520
9,5,28.11.2021,9248,740,Tak,Tak,Nie,Nie,a,Rozszerzony,2030
10,5,28.11.2021,7421,732,Tak,Tak,Nie,Nie,a,Podstawowy,3160
11,5,28.11.2021,12956,1609,Tak,Tak,Nie,Nie,a,Rozszerzony,960
12,5,28.11.2021,10553,1147,Tak,Tak,Nie,Nie,a,Rozszerzony,1070
14,5,28.11.2021,7641,806,Tak,Tak,Nie,Nie,a,Podstawowy,1300
15,5,28.11.2021,9917,850,Tak,Tak,Nie,Nie,d,Rozszerzony,4110
16,5,28.11.2021,11005,1098,Tak,Tak,Nie,Nie,a,Rozszerzony,3270
17,5,28.11.2021,9801,1031,Tak,Tak,Nie,Nie,a,Podstawowy,50
18,5,28.11.2021,10318,1002,Tak,Tak,Nie,Nie,d,Rozszerzony,13840
19,5,28.11.2021,11021,873,Tak,Tak,Nie,Nie,a,Rozszerzony,3240
21,5,28.11.2021,7195,601,Tak,Tak,Nie,Nie,c,Rozszerzony,550
23,5,28.11.2021,7707,603,Tak,Tak,Nie,Nie,d,Podstawowy,4060
24,5,28.11.2021,13463,1048,Tak,Tak,Nie,Nie,a,Rozszerzony,4590
25,5,28.11.2021,14961,1821,Tak,Tak,Nie,Nie,c,Podstawowy,430
26,5,28.11.2021,9668,686,Tak,Tak,Nie,Nie,d,Podstawowy,2300
27,5,28.11.2021,14092,1409,Tak,Tak,Nie,Nie,a,Podstawowy,60
28,5,28.11.2021,6604,641,Tak,Tak,Nie,Nie,a,Podstawowy,1200
29,5,28.11.2021,10399,796,Tak,Tak,Nie,Nie,d,Rozszerzony,2170
30,5,28.11.2021,5903,780,Tak,Tak,Nie,Nie,a,Podstawowy,40
31,5,28.11.2021,8825,766,Tak,Tak,Nie,Nie,d,Rozszerzony,9800
33,5,28.11.2021,11412,996,Tak,Tak,Nie,Nie,a,Rozszerzony,1320
34,5,28.11.2021,10558,1161,Tak,Tak,Nie,Nie,c,Podstawowy,2240
35,5,28.11.2021,12625,852,Tak,Tak,Nie,Nie,d,Rozszerzony,7660
37,5,28.11.2021,9758,939,Tak,Tak,Nie,Nie,c,Podstawowy,4230
38,5,28.11.2021,8181,667,Tak,Tak,Nie,Nie,d,Podstawowy,1090
39,5,28.11.2021,6450,764,Tak,Tak,Nie,Nie,a,Podstawowy,260
40,5,28.11.2021,6845,910,Tak,Tak,Nie,Nie,a,Podstawowy,180
42,5,28.11.2021,15700,1423,Tak,Tak,Nie,Nie,a,Rozszerzony,290
43,5,28.11.2021,8828,748,Tak,Tak,Nie,Nie,d,Podstawowy,4880
44,5,28.11.2021,6260,669,Tak,Tak,Nie,Nie,a,Podstawowy,540
45,5,28.11.2021,7078,492,Tak,Tak,Nie,Nie,d,Podstawowy,9710
47,5,28.11.2021,11284,1158,Tak,Tak,Nie,Nie,a,Rozszerzony,270
48,5,28.11.2021,5105,506,Tak,Tak,Nie,Nie,a,Podstawowy,1060
49,5,28.11.2021,11126,682,Tak,Tak,Nie,Nie,d,Rozszerzony,18010
50,5,28.11.2021,6050,450,Tak,Tak,Nie,Nie,d,Podstawowy,6260
1,4,27.11.2021,6144,668,Tak,Tak,Nie,Nie,c,Podstawowy,1270
2,4,27.11.2021,6119,644,Tak,Tak,Nie,Nie,a,Podstawowy,570
3,4,27.11.2021,8508,896,Tak,Tak,Nie,Nie,a,Podstawowy,14130
4,4,27.11.2021,10512,1344,Tak,Tak,Nie,Nie,c,Rozszerzony,620
5,4,27.11.2021,5670,589,Tak,Tak,Nie,Nie,a,Podstawowy,29910
6,4,27.11.2021,6392,670,Tak,Tak,Nie,Nie,a,Podstawowy,310
7,4,27.11.2021,10409,1064,Tak,Tak,Nie,Nie,a,Rozszerzony,24000
8,4,27.11.2021,9182,956,Tak,Tak,Nie,Nie,a,Podstawowy,7520
9,4,27.11.2021,7656,666,Tak,Tak,Nie,Nie,a,Rozszerzony,2030
10,4,27.11.2021,7212,684,Tak,Tak,Nie,Nie,a,Podstawowy,3160
11,4,27.11.2021,11347,1354,Tak,Tak,Nie,Nie,a,Rozszerzony,960
12,4,27.11.2021,9680,1078,Tak,Tak,Nie,Nie,a,Rozszerzony,1070
14,4,27.11.2021,6613,737,Tak,Tak,Nie,Nie,a,Podstawowy,1300
15,4,27.11.2021,9128,808,Tak,Tak,Nie,Nie,d,Rozszerzony,4110
16,4,27.11.2021,10042,1015,Tak,Tak,Nie,Nie,a,Rozszerzony,3270
17,4,27.11.2021,8058,909,Tak,Tak,Nie,Nie,a,Podstawowy,50
18,4,27.11.2021,7734,727,Tak,Tak,Nie,Nie,d,Rozszerzony,13840
19,4,27.11.2021,9844,818,Tak,Tak,Nie,Nie,a,Rozszerzony,3240
21,4,27.11.2021,7069,562,Tak,Tak,Nie,Nie,c,Rozszerzony,550
23,4,27.11.2021,7316,581,Tak,Tak,Nie,Nie,d,Podstawowy,4060
24,4,27.11.2021,10690,899,Tak,Tak,Nie,Nie,a,Rozszerzony,4590
25,4,27.11.2021,12323,1721,Tak,Tak,Nie,Nie,c,Podstawowy,430
26,4,27.11.2021,9326,685,Tak,Tak,Nie,Nie,d,Podstawowy,2300
27,4,27.11.2021,10983,1229,Tak,Tak,Nie,Nie,a,Podstawowy,60
28,4,27.11.2021,5743,627,Tak,Tak,Nie,Nie,a,Podstawowy,1200
29,4,27.11.2021,8524,701,Tak,Tak,Nie,Nie,d,Rozszerzony,2170
30,4,27.11.2021,6374,811,Tak,Tak,Nie,Nie,a,Podstawowy,40
31,4,27.11.2021,7748,709,Tak,Tak,Nie,Nie,d,Rozszerzony,9800
33,4,27.11.2021,9729,871,Tak,Tak,Nie,Nie,a,Rozszerzony,1320
34,4,27.11.2021,9048,1041,Tak,Tak,Nie,Nie,c,Podstawowy,2240
35,4,27.11.2021,11604,784,Tak,Tak,Nie,Nie,d,Rozszerzony,7660
37,4,27.11.2021,8170,833,Tak,Tak,Nie,Nie,c,Podstawowy,4230
38,4,27.11.2021,6440,535,Tak,Tak,Nie,Nie,d,Podstawowy,1090
39,4,27.11.2021,6106,669,Tak,Tak,Nie,Nie,a,Podstawowy,260
40,4,27.11.2021,5088,791,Tak,Tak,Nie,Nie,a,Podstawowy,180
42,4,27.11.2021,12096,1225,Tak,Tak,Nie,Nie,a,Rozszerzony,290
43,4,27.11.2021,7162,645,Tak,Tak,Nie,Nie,d,Podstawowy,4880
44,4,27.11.2021,5982,670,Tak,Tak,Nie,Nie,a,Podstawowy,540
45,4,27.11.2021,6556,475,Tak,Tak,Nie,Nie,d,Podstawowy,9710
47,4,27.11.2021,9978,1134,Tak,Tak,Nie,Nie,a,Rozszerzony,270
48,4,27.11.2021,4349,460,Tak,Tak,Nie,Nie,a,Podstawowy,1060
49,4,27.11.2021,8450,557,Tak,Tak,Nie,Nie,d,Rozszerzony,18010
50,4,27.11.2021,4411,362,Tak,Tak,Nie,Nie,d,Podstawowy,6260
1,3,26.11.2021,5328,611,Tak,Tak,Nie,Nie,c,Podstawowy,1270
2,3,26.11.2021,7588,828,Tak,Tak,Nie,Nie,a,Podstawowy,570
3,3,26.11.2021,8397,837,Tak,Tak,Nie,Nie,a,Podstawowy,14130
4,3,26.11.2021,10083,1291,Tak,Tak,Nie,Nie,c,Rozszerzony,620
5,3,26.11.2021,6187,688,Tak,Tak,Nie,Nie,a,Podstawowy,29910
6,3,26.11.2021,5855,630,Tak,Tak,Nie,Nie,a,Podstawowy,310
7,3,26.11.2021,10756,1002,Tak,Tak,Nie,Nie,a,Rozszerzony,24000
8,3,26.11.2021,8065,839,Tak,Tak,Nie,Nie,a,Podstawowy,7520
9,3,26.11.2021,7164,587,Tak,Tak,Nie,Nie,a,Rozszerzony,2030
10,3,26.11.2021,6882,655,Tak,Tak,Nie,Nie,a,Podstawowy,3160
11,3,26.11.2021,11103,1428,Tak,Tak,Nie,Nie,a,Rozszerzony,960
12,3,26.11.2021,10070,1107,Tak,Tak,Nie,Nie,a,Rozszerzony,1070
14,3,26.11.2021,6416,664,Tak,Tak,Nie,Nie,a,Podstawowy,1300
15,3,26.11.2021,7828,719,Tak,Tak,Nie,Nie,d,Rozszerzony,4110
16,3,26.11.2021,9246,995,Tak,Tak,Nie,Nie,a,Rozszerzony,3270
17,3,26.11.2021,7646,853,Tak,Tak,Nie,Nie,a,Podstawowy,50
18,3,26.11.2021,8298,839,Tak,Tak,Nie,Nie,d,Rozszerzony,13840
19,3,26.11.2021,8502,700,Tak,Tak,Nie,Nie,a,Rozszerzony,3240
21,3,26.11.2021,6293,543,Tak,Tak,Nie,Nie,c,Rozszerzony,550
23,3,26.11.2021,6210,517,Tak,Tak,Nie,Nie,d,Podstawowy,4060
24,3,26.11.2021,10490,913,Tak,Tak,Nie,Nie,a,Rozszerzony,4590
25,3,26.11.2021,11513,1559,Tak,Tak,Nie,Nie,c,Podstawowy,430
26,3,26.11.2021,8322,591,Tak,Tak,Nie,Nie,d,Podstawowy,2300
27,3,26.11.2021,10936,1142,Tak,Tak,Nie,Nie,a,Podstawowy,60
28,3,26.11.2021,4794,544,Tak,Tak,Nie,Nie,a,Podstawowy,1200
29,3,26.11.2021,8117,704,Tak,Tak,Nie,Nie,d,Rozszerzony,2170
30,3,26.11.2021,5219,666,Tak,Tak,Nie,Nie,a,Podstawowy,40
31,3,26.11.2021,8377,748,Tak,Tak,Nie,Nie,d,Rozszerzony,9800
33,3,26.11.2021,8678,789,Tak,Tak,Nie,Nie,a,Rozszerzony,1320
34,3,26.11.2021,9218,1043,Tak,Tak,Nie,Nie,c,Podstawowy,2240
35,3,26.11.2021,10470,719,Tak,Tak,Nie,Nie,d,Rozszerzony,7660
37,3,26.11.2021,6820,704,Tak,Tak,Nie,Nie,c,Podstawowy,4230
38,3,26.11.2021,6362,553,Tak,Tak,Nie,Nie,d,Podstawowy,1090
39,3,26.11.2021,5051,665,Tak,Tak,Nie,Nie,a,Podstawowy,260
40,3,26.11.2021,5471,775,Tak,Tak,Nie,Nie,a,Podstawowy,180
42,3,26.11.2021,12310,1290,Tak,Tak,Nie,Nie,a,Rozszerzony,290
43,3,26.11.2021,7036,573,Tak,Tak,Nie,Nie,d,Podstawowy,4880
44,3,26.11.2021,6624,756,Tak,Tak,Nie,Nie,a,Podstawowy,540
45,3,26.11.2021,6658,431,Tak,Tak,Nie,Nie,d,Podstawowy,9710
47,3,26.11.2021,10679,1172,Tak,Tak,Nie,Nie,a,Rozszerzony,270
48,3,26.11.2021,4987,463,Tak,Tak,Nie,Nie,a,Podstawowy,1060
49,3,26.11.2021,8237,568,Tak,Tak,Nie,Nie,d,Rozszerzony,18010
50,3,26.11.2021,4947,369,Tak,Tak,Nie,Nie,d,Podstawowy,6260
1,2,25.11.2021,5815,610,Tak,Tak,Nie,Nie,c,Podstawowy,1270
2,2,25.11.2021,6511,632,Tak,Tak,Nie,Nie,a,Podstawowy,570
3,2,25.11.2021,8577,875,Tak,Tak,Nie,Nie,a,Podstawowy,14130
4,2,25.11.2021,11402,1430,Tak,Tak,Nie,Nie,c,Rozszerzony,620
5,2,25.11.2021,6338,641,Tak,Tak,Nie,Nie,a,Podstawowy,29910
6,2,25.11.2021,6974,731,Tak,Tak,Nie,Nie,a,Podstawowy,310
7,2,25.11.2021,11391,1143,Tak,Tak,Nie,Nie,a,Rozszerzony,24000
8,2,25.11.2021,7840,853,Tak,Tak,Nie,Nie,a,Podstawowy,7520
9,2,25.11.2021,7689,678,Tak,Tak,Nie,Nie,a,Rozszerzony,2030
10,2,25.11.2021,6454,657,Tak,Tak,Nie,Nie,a,Podstawowy,3160
11,2,25.11.2021,10568,1366,Tak,Tak,Nie,Nie,a,Rozszerzony,960
12,2,25.11.2021,10692,1098,Tak,Tak,Nie,Nie,a,Rozszerzony,1070
14,2,25.11.2021,6732,733,Tak,Tak,Nie,Nie,a,Podstawowy,1300
15,2,25.11.2021,7760,694,Tak,Tak,Nie,Nie,d,Rozszerzony,4110
16,2,25.11.2021,9932,990,Tak,Tak,Nie,Nie,a,Rozszerzony,3270
17,2,25.11.2021,9463,1027,Tak,Tak,Nie,Nie,a,Podstawowy,50
18,2,25.11.2021,7934,783,Tak,Tak,Nie,Nie,d,Rozszerzony,13840
19,2,25.11.2021,8324,743,Tak,Tak,Nie,Nie,a,Rozszerzony,3240
21,2,25.11.2021,7095,561,Tak,Tak,Nie,Nie,c,Rozszerzony,550
23,2,25.11.2021,6550,510,Tak,Tak,Nie,Nie,d,Podstawowy,4060
24,2,25.11.2021,10142,870,Tak,Tak,Nie,Nie,a,Rozszerzony,4590
25,2,25.11.2021,12547,1751,Tak,Tak,Nie,Nie,c,Podstawowy,430
26,2,25.11.2021,8343,607,Tak,Tak,Nie,Nie,d,Podstawowy,2300
27,2,25.11.2021,12049,1309,Tak,Tak,Nie,Nie,a,Podstawowy,60
28,2,25.11.2021,5577,611,Tak,Tak,Nie,Nie,a,Podstawowy,1200
29,2,25.11.2021,8597,719,Tak,Tak,Nie,Nie,d,Rozszerzony,2170
30,2,25.11.2021,6575,864,Tak,Tak,Nie,Nie,a,Podstawowy,40
31,2,25.11.2021,7652,667,Tak,Tak,Nie,Nie,d,Rozszerzony,9800
33,2,25.11.2021,8439,806,Tak,Tak,Nie,Nie,a,Rozszerzony,1320
34,2,25.11.2021,9397,1040,Tak,Tak,Nie,Nie,c,Podstawowy,2240
35,2,25.11.2021,10448,748,Tak,Tak,Nie,Nie,d,Rozszerzony,7660
37,2,25.11.2021,6998,690,Tak,Tak,Nie,Nie,c,Podstawowy,4230
38,2,25.11.2021,6309,528,Tak,Tak,Nie,Nie,d,Podstawowy,1090
39,2,25.11.2021,6189,712,Tak,Tak,Nie,Nie,a,Podstawowy,260
40,2,25.11.2021,5340,794,Tak,Tak,Nie,Nie,a,Podstawowy,180
42,2,25.11.2021,12723,1302,Tak,Tak,Nie,Nie,a,Rozszerzony,290
43,2,25.11.2021,7160,618,Tak,Tak,Nie,Nie,d,Podstawowy,4880
44,2,25.11.2021,7898,823,Tak,Tak,Nie,Nie,a,Podstawowy,540
45,2,25.11.2021,5671,429,Tak,Tak,Nie,Nie,d,Podstawowy,9710
47,2,25.11.2021,9119,1083,Tak,Tak,Nie,Nie,a,Rozszerzony,270
48,2,25.11.2021,5209,469,Tak,Tak,Nie,Nie,a,Podstawowy,1060
49,2,25.11.2021,8270,597,Tak,Tak,Nie,Nie,d,Rozszerzony,18010
50,2,25.11.2021,4767,359,Tak,Tak,Nie,Nie,d,Podstawowy,6260
1,1,24.11.2021,6527,694,Tak,Tak,Nie,Nie,c,Podstawowy,1270
2,1,24.11.2021,7038,696,Tak,Tak,Nie,Nie,a,Podstawowy,570
3,1,24.11.2021,8886,855,Tak,Tak,Nie,Nie,a,Podstawowy,14130
4,1,24.11.2021,12053,1541,Tak,Tak,Nie,Nie,c,Rozszerzony,620
5,1,24.11.2021,7528,737,Tak,Tak,Nie,Nie,a,Podstawowy,29910
6,1,24.11.2021,7877,779,Tak,Tak,Nie,Nie,a,Podstawowy,310
7,1,24.11.2021,11482,1134,Tak,Tak,Nie,Nie,a,Rozszerzony,24000
8,1,24.11.2021,9339,966,Tak,Tak,Nie,Nie,a,Podstawowy,7520
9,1,24.11.2021,9911,800,Tak,Tak,Nie,Nie,a,Rozszerzony,2030
10,1,24.11.2021,7774,737,Tak,Tak,Nie,Nie,a,Podstawowy,3160
11,1,24.11.2021,11548,1407,Tak,Tak,Nie,Nie,a,Rozszerzony,960
12,1,24.11.2021,10882,1147,Tak,Tak,Nie,Nie,a,Rozszerzony,1070
14,1,24.11.2021,8407,889,Tak,Tak,Nie,Nie,a,Podstawowy,1300
15,1,24.11.2021,9015,788,Tak,Tak,Nie,Nie,d,Rozszerzony,4110
16,1,24.11.2021,9855,1064,Tak,Tak,Nie,Nie,a,Rozszerzony,3270
17,1,24.11.2021,10899,1064,Tak,Tak,Nie,Nie,a,Podstawowy,50
18,1,24.11.2021,9177,871,Tak,Tak,Nie,Nie,d,Rozszerzony,13840
19,1,24.11.2021,10304,845,Tak,Tak,Nie,Nie,a,Rozszerzony,3240
21,1,24.11.2021,7987,648,Tak,Tak,Nie,Nie,c,Rozszerzony,550
23,1,24.11.2021,7809,593,Tak,Tak,Nie,Nie,d,Podstawowy,4060
24,1,24.11.2021,12540,1016,Tak,Tak,Nie,Nie,a,Rozszerzony,4590
25,1,24.11.2021,12472,1767,Tak,Tak,Nie,Nie,c,Podstawowy,430
26,1,24.11.2021,10253,695,Tak,Tak,Nie,Nie,d,Podstawowy,2300
27,1,24.11.2021,13600,1402,Tak,Tak,Nie,Nie,a,Podstawowy,60
28,1,24.11.2021,6907,690,Tak,Tak,Nie,Nie,a,Podstawowy,1200
29,1,24.11.2021,12523,950,Tak,Tak,Nie,Nie,d,Rozszerzony,2170
30,1,24.11.2021,6039,839,Tak,Tak,Nie,Nie,a,Podstawowy,40
31,1,24.11.2021,8434,718,Tak,Tak,Nie,Nie,d,Rozszerzony,9800
33,1,24.11.2021,9676,942,Tak,Tak,Nie,Nie,a,Rozszerzony,1320
34,1,24.11.2021,9538,1093,Tak,Tak,Nie,Nie,c,Podstawowy,2240
35,1,24.11.2021,13991,943,Tak,Tak,Nie,Nie,d,Rozszerzony,7660
37,1,24.11.2021,7967,773,Tak,Tak,Nie,Nie,c,Podstawowy,4230
38,1,24.11.2021,9047,696,Tak,Tak,Nie,Nie,d,Podstawowy,1090
39,1,24.11.2021,7484,821,Tak,Tak,Nie,Nie,a,Podstawowy,260
40,1,24.11.2021,6678,838,Tak,Tak,Nie,Nie,a,Podstawowy,180
42,1,24.11.2021,13864,1338,Tak,Tak,Nie,Nie,a,Rozszerzony,290
43,1,24.11.2021,8101,671,Tak,Tak,Nie,Nie,d,Podstawowy,4880
44,1,24.11.2021,8111,798,Tak,Tak,Nie,Nie,a,Podstawowy,540
45,1,24.11.2021,7328,522,Tak,Tak,Nie,Nie,d,Podstawowy,9710
47,1,24.11.2021,9577,1152,Tak,Tak,Nie,Nie,a,Rozszerzony,270
48,1,24.11.2021,5140,501,Tak,Tak,Nie,Nie,a,Podstawowy,1060
49,1,24.11.2021,10104,664,Tak,Tak,Nie,Nie,d,Rozszerzony,18010
50,1,24.11.2021,5786,457,Tak,Tak,Nie,Nie,d,Podstawowy,6260
1,7,23.11.2021,0,0,Nie,Nie,Nie,Nie,c,Podstawowy,1270
2,7,23.11.2021,0,0,Nie,Nie,Nie,Nie,a,Podstawowy,570
3,7,23.11.2021,0,0,Nie,Nie,Nie,Nie,a,Podstawowy,14130
4,7,23.11.2021,0,0,Nie,Nie,Nie,Nie,c,Rozszerzony,620
5,7,23.11.2021,0,0,Nie,Nie,Nie,Nie,a,Podstawowy,29910
6,7,23.11.2021,0,0,Nie,Nie,Nie,Nie,a,Podstawowy,310
7,7,23.11.2021,0,0,Nie,Nie,Nie,Nie,a,Rozszerzony,24000
8,7,23.11.2021,0,0,Nie,Nie,Nie,Nie,a,Podstawowy,7520
9,7,23.11.2021,0,0,Nie,Nie,Nie,Nie,a,Rozszerzony,2030
10,7,23.11.2021,0,0,Nie,Nie,Nie,Nie,a,Podstawowy,3160
11,7,23.11.2021,0,0,Nie,Nie,Nie,Nie,a,Rozszerzony,960
12,7,23.11.2021,0,0,Nie,Nie,Nie,Nie,a,Rozszerzony,1070
14,7,23.11.2021,0,0,Nie,Nie,Nie,Nie,a,Podstawowy,1300
15,7,23.11.2021,0,0,Nie,Nie,Nie,Nie,d,Rozszerzony,4110
16,7,23.11.2021,0,0,Nie,Nie,Nie,Nie,a,Rozszerzony,3270
17,7,23.11.2021,0,0,Nie,Nie,Nie,Nie,a,Podstawowy,50
18,7,23.11.2021,0,0,Nie,Nie,Nie,Nie,d,Rozszerzony,13840
19,7,23.11.2021,0,0,Nie,Nie,Nie,Nie,a,Rozszerzony,3240
21,7,23.11.2021,0,0,Nie,Nie,Nie,Nie,c,Rozszerzony,550
23,7,23.11.2021,0,0,Nie,Nie,Nie,Nie,d,Podstawowy,4060
24,7,23.11.2021,0,0,Nie,Nie,Nie,Nie,a,Rozszerzony,4590
25,7,23.11.2021,0,0,Nie,Nie,Nie,Nie,c,Podstawowy,430
26,7,23.11.2021,0,0,Nie,Nie,Nie,Nie,d,Podstawowy,2300
27,7,23.11.2021,0,0,Nie,Nie,Nie,Nie,a,Podstawowy,60
28,7,23.11.2021,0,0,Nie,Nie,Nie,Nie,a,Podstawowy,1200
29,7,23.11.2021,0,0,Nie,Nie,Nie,Nie,d,Rozszerzony,2170
30,7,23.11.2021,0,0,Nie,Nie,Nie,Nie,a,Podstawowy,40
31,7,23.11.2021,0,0,Nie,Nie,Nie,Nie,d,Rozszerzony,9800
33,7,23.11.2021,0,0,Nie,Nie,Nie,Nie,a,Rozszerzony,1320
34,7,23.11.2021,0,0,Nie,Nie,Nie,Nie,c,Podstawowy,2240
35,7,23.11.2021,0,0,Nie,Nie,Nie,Nie,d,Rozszerzony,7660
37,7,23.11.2021,0,0,Nie,Nie,Nie,Nie,c,Podstawowy,4230
38,7,23.11.2021,0,0,Nie,Nie,Nie,Nie,d,Podstawowy,1090
39,7,23.11.2021,0,0,Nie,Nie,Nie,Nie,a,Podstawowy,260
40,7,23.11.2021,0,0,Nie,Nie,Nie,Nie,a,Podstawowy,180
42,7,23.11.2021,0,0,Nie,Nie,Nie,Nie,a,Rozszerzony,290
43,7,23.11.2021,0,0,Nie,Nie,Nie,Nie,d,Podstawowy,4880
44,7,23.11.2021,0,0,Nie,Nie,Nie,Nie,a,Podstawowy,540
45,7,23.11.2021,0,0,Nie,Nie,Nie,Nie,d,Podstawowy,9710
47,7,23.11.2021,0,0,Nie,Nie,Nie,Nie,a,Rozszerzony,270
48,7,23.11.2021,0,0,Nie,Nie,Nie,Nie,a,Podstawowy,1060
49,7,23.11.2021,0,0,Nie,Nie,Nie,Nie,d,Rozszerzony,18010
50,7,23.11.2021,0,0,Nie,Nie,Nie,Nie,d,Podstawowy,6260
1,6,22.11.2021,5849,678,Tak,Nie,Nie,Nie,c,Podstawowy,1270
2,6,22.11.2021,3085,367,Tak,Nie,Nie,Nie,a,Podstawowy,570
3,6,22.11.2021,3989,467,Tak,Nie,Nie,Nie,a,Podstawowy,14130
4,6,22.11.2021,10552,1509,Tak,Nie,Nie,Nie,c,Rozszerzony,620
5,6,22.11.2021,2225,223,Tak,Nie,Nie,Nie,a,Podstawowy,29910
6,6,22.11.2021,3562,418,Tak,Nie,Nie,Nie,a,Podstawowy,310
7,6,22.11.2021,6059,611,Tak,Nie,Nie,Nie,a,Rozszerzony,24000
8,6,22.11.2021,3591,418,Tak,Nie,Nie,Nie,a,Podstawowy,7520
9,6,22.11.2021,6619,606,Tak,Nie,Nie,Nie,a,Rozszerzony,2030
10,6,22.11.2021,5337,525,Tak,Nie,Nie,Nie,a,Podstawowy,3160
11,6,22.11.2021,7482,929,Tak,Nie,Nie,Nie,a,Rozszerzony,960
12,6,22.11.2021,7308,823,Tak,Nie,Nie,Nie,a,Rozszerzony,1070
14,6,22.11.2021,3385,416,Tak,Nie,Nie,Nie,a,Podstawowy,1300
15,6,22.11.2021,5098,573,Tak,Nie,Nie,Nie,d,Rozszerzony,4110
16,6,22.11.2021,5258,610,Tak,Nie,Nie,Nie,a,Rozszerzony,3270
17,6,22.11.2021,3045,399,Tak,Nie,Nie,Nie,a,Podstawowy,50
18,6,22.11.2021,4621,524,Tak,Nie,Nie,Nie,d,Rozszerzony,13840
19,6,22.11.2021,4073,403,Tak,Nie,Nie,Nie,a,Rozszerzony,3240
21,6,22.11.2021,4898,504,Tak,Nie,Nie,Nie,c,Rozszerzony,550
23,6,22.11.2021,4247,419,Tak,Nie,Nie,Nie,d,Podstawowy,4060
24,6,22.11.2021,6699,678,Tak,Nie,Nie,Nie,a,Rozszerzony,4590
25,6,22.11.2021,8541,1247,Tak,Nie,Nie,Nie,c,Podstawowy,430
26,6,22.11.2021,5416,501,Tak,Nie,Nie,Nie,d,Podstawowy,2300
27,6,22.11.2021,7739,910,Tak,Nie,Nie,Nie,a,Podstawowy,60
28,6,22.11.2021,2000,231,Tak,Nie,Nie,Nie,a,Podstawowy,1200
29,6,22.11.2021,7665,680,Tak,Nie,Nie,Nie,d,Rozszerzony,2170
30,6,22.11.2021,4254,690,Tak,Nie,Nie,Nie,a,Podstawowy,40
31,6,22.11.2021,5419,560,Tak,Nie,Nie,Nie,d,Rozszerzony,9800
33,6,22.11.2021,9125,903,Tak,Nie,Nie,Nie,a,Rozszerzony,1320
34,6,22.11.2021,7309,935,Tak,Nie,Nie,Nie,c,Podstawowy,2240
35,6,22.11.2021,7731,628,Tak,Nie,Nie,Nie,d,Rozszerzony,7660
37,6,22.11.2021,7559,914,Tak,Nie,Nie,Nie,c,Podstawowy,4230
38,6,22.11.2021,6108,586,Tak,Nie,Nie,Nie,d,Podstawowy,1090
39,6,22.11.2021,3085,437,Tak,Nie,Nie,Nie,a,Podstawowy,260
40,6,22.11.2021,6683,962,Tak,Nie,Nie,Nie,a,Podstawowy,180
42,6,22.11.2021,8929,991,Tak,Nie,Nie,Nie,a,Rozszerzony,290
43,6,22.11.2021,4226,395,Tak,Nie,Nie,Nie,d,Podstawowy,4880
44,6,22.11.2021,4383,506,Tak,Nie,Nie,Nie,a,Podstawowy,540
45,6,22.11.2021,5512,441,Tak,Nie,Nie,Nie,d,Podstawowy,9710
47,6,22.11.2021,6109,830,Tak,Nie,Nie,Nie,a,Rozszerzony,270
48,6,22.11.2021,2767,287,Tak,Nie,Nie,Nie,a,Podstawowy,1060
49,6,22.11.2021,7776,597,Tak,Nie,Nie,Nie,d,Rozszerzony,18010
50,6,22.11.2021,3817,371,Tak,Nie,Nie,Nie,d,Podstawowy,6260
1,5,21.11.2021,4594,570,Tak,Nie,Nie,Nie,c,Podstawowy,1270
2,5,21.11.2021,3978,472,Tak,Nie,Nie,Nie,a,Podstawowy,570
3,5,21.11.2021,5865,737,Tak,Nie,Nie,Nie,a,Podstawowy,14130
4,5,21.11.2021,8319,1217,Tak,Nie,Nie,Nie,c,Rozszerzony,620
5,5,21.11.2021,4456,539,Tak,Nie,Nie,Nie,a,Podstawowy,29910
6,5,21.11.2021,4561,574,Tak,Nie,Nie,Nie,a,Podstawowy,310
7,5,21.11.2021,7806,926,Tak,Nie,Nie,Nie,a,Rozszerzony,24000
8,5,21.11.2021,4958,620,Tak,Nie,Nie,Nie,a,Podstawowy,7520
9,5,21.11.2021,6359,596,Tak,Nie,Nie,Nie,a,Rozszerzony,2030
10,5,21.11.2021,5577,586,Tak,Nie,Nie,Nie,a,Podstawowy,3160
11,5,21.11.2021,7816,1062,Tak,Nie,Nie,Nie,a,Rozszerzony,960
12,5,21.11.2021,6740,839,Tak,Nie,Nie,Nie,a,Rozszerzony,1070
14,5,21.11.2021,5438,676,Tak,Nie,Nie,Nie,a,Podstawowy,1300
15,5,21.11.2021,6023,635,Tak,Nie,Nie,Nie,d,Rozszerzony,4110
16,5,21.11.2021,7459,843,Tak,Nie,Nie,Nie,a,Rozszerzony,3270
17,5,21.11.2021,5177,723,Tak,Nie,Nie,Nie,a,Podstawowy,50
18,5,21.11.2021,6644,783,Tak,Nie,Nie,Nie,d,Rozszerzony,13840
19,5,21.11.2021,5823,618,Tak,Nie,Nie,Nie,a,Rozszerzony,3240
21,5,21.11.2021,3956,422,Tak,Nie,Nie,Nie,c,Rozszerzony,550
23,5,21.11.2021,4413,410,Tak,Nie,Nie,Nie,d,Podstawowy,4060
24,5,21.11.2021,8276,759,Tak,Nie,Nie,Nie,a,Rozszerzony,4590
25,5,21.11.2021,9102,1417,Tak,Nie,Nie,Nie,c,Podstawowy,430
26,5,21.11.2021,6506,552,Tak,Nie,Nie,Nie,d,Podstawowy,2300
27,5,21.11.2021,7777,972,Tak,Nie,Nie,Nie,a,Podstawowy,60
28,5,21.11.2021,3387,420,Tak,Nie,Nie,Nie,a,Podstawowy,1200
29,5,21.11.2021,6170,581,Tak,Nie,Nie,Nie,d,Rozszerzony,2170
30,5,21.11.2021,3270,514,Tak,Nie,Nie,Nie,a,Podstawowy,40
31,5,21.11.2021,5734,609,Tak,Nie,Nie,Nie,d,Rozszerzony,9800
33,5,21.11.2021,6666,735,Tak,Nie,Nie,Nie,a,Rozszerzony,1320
34,5,21.11.2021,6948,903,Tak,Nie,Nie,Nie,c,Podstawowy,2240
35,5,21.11.2021,7911,668,Tak,Nie,Nie,Nie,d,Rozszerzony,7660
37,5,21.11.2021,6870,810,Tak,Nie,Nie,Nie,c,Podstawowy,4230
38,5,21.11.2021,4071,405,Tak,Nie,Nie,Nie,d,Podstawowy,1090
39,5,21.11.2021,3239,484,Tak,Nie,Nie,Nie,a,Podstawowy,260
40,5,21.11.2021,4247,667,Tak,Nie,Nie,Nie,a,Podstawowy,180
42,5,21.11.2021,9578,1065,Tak,Nie,Nie,Nie,a,Rozszerzony,290
43,5,21.11.2021,6135,607,Tak,Nie,Nie,Nie,d,Podstawowy,4880
44,5,21.11.2021,4953,659,Tak,Nie,Nie,Nie,a,Podstawowy,540
45,5,21.11.2021,4021,339,Tak,Nie,Nie,Nie,d,Podstawowy,9710
47,5,21.11.2021,6596,822,Tak,Nie,Nie,Nie,a,Rozszerzony,270
48,5,21.11.2021,3890,391,Tak,Nie,Nie,Nie,a,Podstawowy,1060
49,5,21.11.2021,6177,475,Tak,Nie,Nie,Nie,d,Rozszerzony,18010
50,5,21.11.2021,2944,288,Tak,Nie,Nie,Nie,d,Podstawowy,6260
1,4,20.11.2021,4963,635,Tak,Nie,Nie,Nie,c,Podstawowy,1270
2,4,20.11.2021,4527,535,Tak,Nie,Nie,Nie,a,Podstawowy,570
3,4,20.11.2021,6019,734,Tak,Nie,Nie,Nie,a,Podstawowy,14130
4,4,20.11.2021,7866,1184,Tak,Nie,Nie,Nie,c,Rozszerzony,620
5,4,20.11.2021,5291,624,Tak,Nie,Nie,Nie,a,Podstawowy,29910
6,4,20.11.2021,5616,652,Tak,Nie,Nie,Nie,a,Podstawowy,310
7,4,20.11.2021,7272,834,Tak,Nie,Nie,Nie,a,Rozszerzony,24000
8,4,20.11.2021,5759,796,Tak,Nie,Nie,Nie,a,Podstawowy,7520
9,4,20.11.2021,5561,520,Tak,Nie,Nie,Nie,a,Rozszerzony,2030
10,4,20.11.2021,4753,567,Tak,Nie,Nie,Nie,a,Podstawowy,3160
11,4,20.11.2021,7396,1106,Tak,Nie,Nie,Nie,a,Rozszerzony,960
12,4,20.11.2021,6108,815,Tak,Nie,Nie,Nie,a,Rozszerzony,1070
14,4,20.11.2021,4838,592,Tak,Nie,Nie,Nie,a,Podstawowy,1300
15,4,20.11.2021,5497,606,Tak,Nie,Nie,Nie,d,Rozszerzony,4110
16,4,20.11.2021,7058,864,Tak,Nie,Nie,Nie,a,Rozszerzony,3270
17,4,20.11.2021,5570,718,Tak,Nie,Nie,Nie,a,Podstawowy,50
18,4,20.11.2021,5538,657,Tak,Nie,Nie,Nie,d,Rozszerzony,13840
19,4,20.11.2021,5968,609,Tak,Nie,Nie,Nie,a,Rozszerzony,3240
21,4,20.11.2021,3286,367,Tak,Nie,Nie,Nie,c,Rozszerzony,550
23,4,20.11.2021,3976,381,Tak,Nie,Nie,Nie,d,Podstawowy,4060
24,4,20.11.2021,6976,704,Tak,Nie,Nie,Nie,a,Rozszerzony,4590
25,4,20.11.2021,9763,1423,Tak,Nie,Nie,Nie,c,Podstawowy,430
26,4,20.11.2021,5437,491,Tak,Nie,Nie,Nie,d,Podstawowy,2300
27,4,20.11.2021,7456,920,Tak,Nie,Nie,Nie,a,Podstawowy,60
28,4,20.11.2021,3482,447,Tak,Nie,Nie,Nie,a,Podstawowy,1200
29,4,20.11.2021,5951,541,Tak,Nie,Nie,Nie,d,Rozszerzony,2170
30,4,20.11.2021,3679,618,Tak,Nie,Nie,Nie,a,Podstawowy,40
31,4,20.11.2021,4898,539,Tak,Nie,Nie,Nie,d,Rozszerzony,9800
33,4,20.11.2021,5846,650,Tak,Nie,Nie,Nie,a,Rozszerzony,1320
34,4,20.11.2021,6887,881,Tak,Nie,Nie,Nie,c,Podstawowy,2240
35,4,20.11.2021,7375,635,Tak,Nie,Nie,Nie,d,Rozszerzony,7660
37,4,20.11.2021,5515,667,Tak,Nie,Nie,Nie,c,Podstawowy,4230
38,4,20.11.2021,4962,432,Tak,Nie,Nie,Nie,d,Podstawowy,1090
39,4,20.11.2021,3565,476,Tak,Nie,Nie,Nie,a,Podstawowy,260
40,4,20.11.2021,4051,566,Tak,Nie,Nie,Nie,a,Podstawowy,180
42,4,20.11.2021,8613,1018,Tak,Nie,Nie,Nie,a,Rozszerzony,290
43,4,20.11.2021,5920,584,Tak,Nie,Nie,Nie,d,Podstawowy,4880
44,4,20.11.2021,4753,594,Tak,Nie,Nie,Nie,a,Podstawowy,540
45,4,20.11.2021,3802,346,Tak,Nie,Nie,Nie,d,Podstawowy,9710
47,4,20.11.2021,6669,906,Tak,Nie,Nie,Nie,a,Rozszerzony,270
48,4,20.11.2021,3774,399,Tak,Nie,Nie,Nie,a,Podstawowy,1060
49,4,20.11.2021,5548,461,Tak,Nie,Nie,Nie,d,Rozszerzony,18010
50,4,20.11.2021,3187,303,Tak,Nie,Nie,Nie,d,Podstawowy,6260
1,3,19.11.2021,3894,494,Tak,Nie,Nie,Nie,c,Podstawowy,1270
2,3,19.11.2021,5091,674,Tak,Nie,Nie,Nie,a,Podstawowy,570
3,3,19.11.2021,5490,684,Tak,Nie,Nie,Nie,a,Podstawowy,14130
4,3,19.11.2021,7898,1161,Tak,Nie,Nie,Nie,c,Rozszerzony,620
5,3,19.11.2021,0,0,Nie,Nie,Narodowe,Nie,a,Podstawowy,29910
6,3,19.11.2021,0,0,Nie,Nie,Narodowe,Nie,a,Podstawowy,310
7,3,19.11.2021,7300,822,Tak,Nie,Nie,Nie,a,Rozszerzony,24000
8,3,19.11.2021,5376,684,Tak,Nie,Nie,Nie,a,Podstawowy,7520
9,3,19.11.2021,6112,584,Tak,Nie,Nie,Nie,a,Rozszerzony,2030
10,3,19.11.2021,5340,625,Tak,Nie,Nie,Nie,a,Podstawowy,3160
11,3,19.11.2021,7829,1120,Tak,Nie,Nie,Nie,a,Rozszerzony,960
12,3,19.11.2021,6055,840,Tak,Nie,Nie,Nie,a,Rozszerzony,1070
14,3,19.11.2021,4777,600,Tak,Nie,Nie,Nie,a,Podstawowy,1300
15,3,19.11.2021,5544,578,Tak,Nie,Nie,Nie,d,Rozszerzony,4110
16,3,19.11.2021,6997,855,Tak,Nie,Nie,Nie,a,Rozszerzony,3270
17,3,19.11.2021,5367,767,Tak,Nie,Nie,Nie,a,Podstawowy,50
18,3,19.11.2021,7132,739,Tak,Nie,Nie,Nie,d,Rozszerzony,13840
19,3,19.11.2021,5930,613,Tak,Nie,Nie,Nie,a,Rozszerzony,3240
21,3,19.11.2021,3477,401,Tak,Nie,Nie,Nie,c,Rozszerzony,550
23,3,19.11.2021,3598,362,Tak,Nie,Nie,Nie,d,Podstawowy,4060
24,3,19.11.2021,7509,751,Tak,Nie,Nie,Nie,a,Rozszerzony,4590
25,3,19.11.2021,8793,1345,Tak,Nie,Nie,Nie,c,Podstawowy,430
26,3,19.11.2021,4721,438,Tak,Nie,Nie,Nie,d,Podstawowy,2300
27,3,19.11.2021,7018,893,Tak,Nie,Nie,Nie,a,Podstawowy,60
28,3,19.11.2021,3172,405,Tak,Nie,Nie,Nie,a,Podstawowy,1200
29,3,19.11.2021,6138,593,Tak,Nie,Nie,Nie,d,Rozszerzony,2170
30,3,19.11.2021,3103,504,Tak,Nie,Nie,Nie,a,Podstawowy,40
31,3,19.11.2021,4641,529,Tak,Nie,Nie,Nie,d,Rozszerzony,9800
33,3,19.11.2021,6557,723,Tak,Nie,Nie,Nie,a,Rozszerzony,1320
34,3,19.11.2021,6950,936,Tak,Nie,Nie,Nie,c,Podstawowy,2240
35,3,19.11.2021,7119,587,Tak,Nie,Nie,Nie,d,Rozszerzony,7660
37,3,19.11.2021,5173,576,Tak,Nie,Nie,Nie,c,Podstawowy,4230
38,3,19.11.2021,3995,425,Tak,Nie,Nie,Nie,d,Podstawowy,1090
39,3,19.11.2021,3774,550,Tak,Nie,Nie,Nie,a,Podstawowy,260
40,3,19.11.2021,3444,533,Tak,Nie,Nie,Nie,a,Podstawowy,180
42,3,19.11.2021,9258,1081,Tak,Nie,Nie,Nie,a,Rozszerzony,290
43,3,19.11.2021,5261,545,Tak,Nie,Nie,Nie,d,Podstawowy,4880
44,3,19.11.2021,4546,560,Tak,Nie,Nie,Nie,a,Podstawowy,540
45,3,19.11.2021,3893,309,Tak,Nie,Nie,Nie,d,Podstawowy,9710
47,3,19.11.2021,6521,913,Tak,Nie,Nie,Nie,a,Rozszerzony,270
48,3,19.11.2021,3435,373,Tak,Nie,Nie,Nie,a,Podstawowy,1060
49,3,19.11.2021,6408,461,Tak,Nie,Nie,Nie,d,Rozszerzony,18010
50,3,19.11.2021,2928,247,Tak,Nie,Nie,Nie,d,Podstawowy,6260
1,2,18.11.2021,3890,529,Tak,Nie,Nie,Nie,c,Podstawowy,1270
2,2,18.11.2021,3468,411,Tak,Nie,Nie,Nie,a,Podstawowy,570
3,2,18.11.2021,5195,659,Tak,Nie,Nie,Nie,a,Podstawowy,14130
4,2,18.11.2021,8331,1155,Tak,Nie,Nie,Nie,c,Rozszerzony,620
5,2,18.11.2021,4530,586,Tak,Nie,Nie,Nie,a,Podstawowy,29910
6,2,18.11.2021,4747,605,Tak,Nie,Nie,Nie,a,Podstawowy,310
7,2,18.11.2021,8339,946,Tak,Nie,Nie,Nie,a,Rozszerzony,24000
8,2,18.11.2021,5834,766,Tak,Nie,Nie,Nie,a,Podstawowy,7520
9,2,18.11.2021,6167,579,Tak,Nie,Nie,Nie,a,Rozszerzony,2030
10,2,18.11.2021,5290,630,Tak,Nie,Nie,Nie,a,Podstawowy,3160
11,2,18.11.2021,6829,1000,Tak,Nie,Nie,Nie,a,Rozszerzony,960
12,2,18.11.2021,6416,828,Tak,Nie,Nie,Nie,a,Rozszerzony,1070
14,2,18.11.2021,4688,579,Tak,Nie,Nie,Nie,a,Podstawowy,1300
15,2,18.11.2021,5248,548,Tak,Nie,Nie,Nie,d,Rozszerzony,4110
16,2,18.11.2021,6908,844,Tak,Nie,Nie,Nie,a,Rozszerzony,3270
17,2,18.11.2021,4992,695,Tak,Nie,Nie,Nie,a,Podstawowy,50
18,2,18.11.2021,5604,614,Tak,Nie,Nie,Nie,d,Rozszerzony,13840
19,2,18.11.2021,5640,592,Tak,Nie,Nie,Nie,a,Rozszerzony,3240
21,2,18.11.2021,4132,398,Tak,Nie,Nie,Nie,c,Rozszerzony,550
23,2,18.11.2021,3091,307,Tak,Nie,Nie,Nie,d,Podstawowy,4060
24,2,18.11.2021,7153,698,Tak,Nie,Nie,Nie,a,Rozszerzony,4590
25,2,18.11.2021,8741,1444,Tak,Nie,Nie,Nie,c,Podstawowy,430
26,2,18.11.2021,4158,366,Tak,Nie,Nie,Nie,d,Podstawowy,2300
27,2,18.11.2021,7010,931,Tak,Nie,Nie,Nie,a,Podstawowy,60
28,2,18.11.2021,3330,435,Tak,Nie,Nie,Nie,a,Podstawowy,1200
29,2,18.11.2021,6307,598,Tak,Nie,Nie,Nie,d,Rozszerzony,2170
30,2,18.11.2021,3824,632,Tak,Nie,Nie,Nie,a,Podstawowy,40
31,2,18.11.2021,4721,496,Tak,Nie,Nie,Nie,d,Rozszerzony,9800
33,2,18.11.2021,6224,700,Tak,Nie,Nie,Nie,a,Rozszerzony,1320
34,2,18.11.2021,7929,893,Tak,Nie,Nie,Nie,c,Podstawowy,2240
35,2,18.11.2021,7396,631,Tak,Nie,Nie,Nie,d,Rozszerzony,7660
37,2,18.11.2021,4400,520,Tak,Nie,Nie,Nie,c,Podstawowy,4230
38,2,18.11.2021,4412,431,Tak,Nie,Nie,Nie,d,Podstawowy,1090
39,2,18.11.2021,4007,544,Tak,Nie,Nie,Nie,a,Podstawowy,260
40,2,18.11.2021,4252,551,Tak,Nie,Nie,Nie,a,Podstawowy,180
42,2,18.11.2021,8295,961,Tak,Nie,Nie,Nie,a,Rozszerzony,290
43,2,18.11.2021,5322,553,Tak,Nie,Nie,Nie,d,Podstawowy,4880
44,2,18.11.2021,4813,572,Tak,Nie,Nie,Nie,a,Podstawowy,540
45,2,18.11.2021,3202,281,Tak,Nie,Nie,Nie,d,Podstawowy,9710
47,2,18.11.2021,6355,866,Tak,Nie,Nie,Nie,a,Rozszerzony,270
48,2,18.11.2021,3233,404,Tak,Nie,Nie,Nie,a,Podstawowy,1060
49,2,18.11.2021,5943,482,Tak,Nie,Nie,Nie,d,Rozszerzony,18010
50,2,18.11.2021,2840,276,Tak,Nie,Nie,Nie,d,Podstawowy,6260
1,1,17.11.2021,3582,491,Tak,Nie,Nie,Nie,c,Podstawowy,1270
2,1,17.11.2021,4157,552,Tak,Nie,Nie,Nie,a,Podstawowy,570
3,1,17.11.2021,5935,718,Tak,Nie,Nie,Nie,a,Podstawowy,14130
4,1,17.11.2021,9376,1299,Tak,Nie,Nie,Nie,c,Rozszerzony,620
5,1,17.11.2021,4564,594,Tak,Nie,Nie,Nie,a,Podstawowy,29910
6,1,17.11.2021,5220,613,Tak,Nie,Nie,Nie,a,Podstawowy,310
7,1,17.11.2021,8561,958,Tak,Nie,Nie,Nie,a,Rozszerzony,24000
8,1,17.11.2021,6416,812,Tak,Nie,Nie,Nie,a,Podstawowy,7520
9,1,17.11.2021,6184,616,Tak,Nie,Nie,Nie,a,Rozszerzony,2030
10,1,17.11.2021,5346,613,Tak,Nie,Nie,Nie,a,Podstawowy,3160
11,1,17.11.2021,7171,1130,Tak,Nie,Nie,Nie,a,Rozszerzony,960
12,1,17.11.2021,6870,924,Tak,Nie,Nie,Nie,a,Rozszerzony,1070
14,1,17.11.2021,6045,719,Tak,Nie,Nie,Nie,a,Podstawowy,1300
15,1,17.11.2021,5298,612,Tak,Nie,Nie,Nie,d,Rozszerzony,4110
16,1,17.11.2021,7647,919,Tak,Nie,Nie,Nie,a,Rozszerzony,3270
17,1,17.11.2021,6160,807,Tak,Nie,Nie,Nie,a,Podstawowy,50
18,1,17.11.2021,5922,721,Tak,Nie,Nie,Nie,d,Rozszerzony,13840
19,1,17.11.2021,6336,691,Tak,Nie,Nie,Nie,a,Rozszerzony,3240
21,1,17.11.2021,3301,400,Tak,Nie,Nie,Nie,c,Rozszerzony,550
23,1,17.11.2021,3980,370,Tak,Nie,Nie,Nie,d,Podstawowy,4060
24,1,17.11.2021,8110,769,Tak,Nie,Nie,Nie,a,Rozszerzony,4590
25,1,17.11.2021,10238,1587,Tak,Nie,Nie,Nie,c,Podstawowy,430
26,1,17.11.2021,5546,447,Tak,Nie,Nie,Nie,d,Podstawowy,2300
27,1,17.11.2021,7764,1015,Tak,Nie,Nie,Nie,a,Podstawowy,60
28,1,17.11.2021,4317,507,Tak,Nie,Nie,Nie,a,Podstawowy,1200
29,1,17.11.2021,6451,650,Tak,Nie,Nie,Nie,d,Rozszerzony,2170
30,1,17.11.2021,3807,628,Tak,Nie,Nie,Nie,a,Podstawowy,40
31,1,17.11.2021,5041,538,Tak,Nie,Nie,Nie,d,Rozszerzony,9800
33,1,17.11.2021,7975,877,Tak,Nie,Nie,Nie,a,Rozszerzony,1320
34,1,17.11.2021,9781,1027,Tak,Nie,Nie,Nie,c,Podstawowy,2240
35,1,17.11.2021,7558,644,Tak,Nie,Nie,Nie,d,Rozszerzony,7660
37,1,17.11.2021,5233,592,Tak,Nie,Nie,Nie,c,Podstawowy,4230
38,1,17.11.2021,4209,453,Tak,Nie,Nie,Nie,d,Podstawowy,1090
39,1,17.11.2021,3753,575,Tak,Nie,Nie,Nie,a,Podstawowy,260
40,1,17.11.2021,3447,546,Tak,Nie,Nie,Nie,a,Podstawowy,180
42,1,17.11.2021,9967,1123,Tak,Nie,Nie,Nie,a,Rozszerzony,290
43,1,17.11.2021,5143,560,Tak,Nie,Nie,Nie,d,Podstawowy,4880
44,1,17.11.2021,5335,683,Tak,Nie,Nie,Nie,a,Podstawowy,540
45,1,17.11.2021,3849,350,Tak,Nie,Nie,Nie,d,Podstawowy,9710
47,1,17.11.2021,7888,978,Tak,Nie,Nie,Nie,a,Rozszerzony,270
48,1,17.11.2021,4193,453,Tak,Nie,Nie,Nie,a,Podstawowy,1060
49,1,17.11.2021,6084,469,Tak,Nie,Nie,Nie,d,Rozszerzony,18010
50,1,17.11.2021,3366,312,Tak,Nie,Nie,Nie,d,Podstawowy,6260
1,7,16.11.2021,0,0,Nie,Nie,Nie,Nie,c,Podstawowy,1270
2,7,16.11.2021,0,0,Nie,Nie,Nie,Nie,a,Podstawowy,570
3,7,16.11.2021,0,0,Nie,Nie,Nie,Nie,a,Podstawowy,14130
4,7,16.11.2021,0,0,Nie,Nie,Nie,Nie,c,Rozszerzony,620
5,7,16.11.2021,0,0,Nie,Nie,Nie,Nie,a,Podstawowy,29910
6,7,16.11.2021,0,0,Nie,Nie,Nie,Nie,a,Podstawowy,310
7,7,16.11.2021,0,0,Nie,Nie,Nie,Nie,a,Rozszerzony,24000
8,7,16.11.2021,0,0,Nie,Nie,Nie,Nie,a,Podstawowy,7520
9,7,16.11.2021,0,0,Nie,Nie,Nie,Nie,a,Rozszerzony,2030
10,7,16.11.2021,0,0,Nie,Nie,Nie,Nie,a,Podstawowy,3160
11,7,16.11.2021,0,0,Nie,Nie,Nie,Nie,a,Rozszerzony,960
12,7,16.11.2021,0,0,Nie,Nie,Nie,Nie,a,Rozszerzony,1070
14,7,16.11.2021,0,0,Nie,Nie,Nie,Nie,a,Podstawowy,1300
15,7,16.11.2021,0,0,Nie,Nie,Nie,Nie,d,Rozszerzony,4110
16,7,16.11.2021,0,0,Nie,Nie,Nie,Nie,a,Rozszerzony,3270
17,7,16.11.2021,0,0,Nie,Nie,Nie,Nie,a,Podstawowy,50
18,7,16.11.2021,0,0,Nie,Nie,Nie,Nie,d,Rozszerzony,13840
19,7,16.11.2021,0,0,Nie,Nie,Nie,Nie,a,Rozszerzony,3240
21,7,16.11.2021,0,0,Nie,Nie,Nie,Nie,c,Rozszerzony,550
23,7,16.11.2021,0,0,Nie,Nie,Nie,Nie,d,Podstawowy,4060
24,7,16.11.2021,0,0,Nie,Nie,Nie,Nie,a,Rozszerzony,4590
25,7,16.11.2021,0,0,Nie,Nie,Nie,Nie,c,Podstawowy,430
26,7,16.11.2021,0,0,Nie,Nie,Nie,Nie,d,Podstawowy,2300
27,7,16.11.2021,0,0,Nie,Nie,Nie,Nie,a,Podstawowy,60
28,7,16.11.2021,0,0,Nie,Nie,Nie,Nie,a,Podstawowy,1200
29,7,16.11.2021,0,0,Nie,Nie,Nie,Nie,d,Rozszerzony,2170
30,7,16.11.2021,0,0,Nie,Nie,Nie,Nie,a,Podstawowy,40
31,7,16.11.2021,0,0,Nie,Nie,Nie,Nie,d,Rozszerzony,9800
33,7,16.11.2021,0,0,Nie,Nie,Nie,Nie,a,Rozszerzony,1320
34,7,16.11.2021,0,0,Nie,Nie,Nie,Nie,c,Podstawowy,2240
35,7,16.11.2021,0,0,Nie,Nie,Nie,Nie,d,Rozszerzony,7660
37,7,16.11.2021,0,0,Nie,Nie,Nie,Nie,c,Podstawowy,4230
38,7,16.11.2021,0,0,Nie,Nie,Nie,Nie,d,Podstawowy,1090
39,7,16.11.2021,0,0,Nie,Nie,Nie,Nie,a,Podstawowy,260
40,7,16.11.2021,0,0,Nie,Nie,Nie,Nie,a,Podstawowy,180
42,7,16.11.2021,0,0,Nie,Nie,Nie,Nie,a,Rozszerzony,290
43,7,16.11.2021,0,0,Nie,Nie,Nie,Nie,d,Podstawowy,4880
44,7,16.11.2021,0,0,Nie,Nie,Nie,Nie,a,Podstawowy,540
45,7,16.11.2021,0,0,Nie,Nie,Nie,Nie,d,Podstawowy,9710
47,7,16.11.2021,0,0,Nie,Nie,Nie,Nie,a,Rozszerzony,270
48,7,16.11.2021,0,0,Nie,Nie,Nie,Nie,a,Podstawowy,1060
49,7,16.11.2021,0,0,Nie,Nie,Nie,Nie,d,Rozszerzony,18010
50,7,16.11.2021,0,0,Nie,Nie,Nie,Nie,d,Podstawowy,6260
1,6,15.11.2021,4967,614,Tak,Nie,Nie,Nie,c,Podstawowy,1270
2,6,15.11.2021,2979,373,Tak,Nie,Nie,Nie,a,Podstawowy,570
3,6,15.11.2021,4397,515,Tak,Nie,Nie,Nie,a,Podstawowy,14130
4,6,15.11.2021,11185,1512,Tak,Nie,Nie,Nie,c,Rozszerzony,620
5,6,15.11.2021,2146,259,Tak,Nie,Nie,Nie,a,Podstawowy,29910
6,6,15.11.2021,3460,442,Tak,Nie,Nie,Nie,a,Podstawowy,310
7,6,15.11.2021,6225,650,Tak,Nie,Nie,Nie,a,Rozszerzony,24000
8,6,15.11.2021,3583,445,Tak,Nie,Nie,Nie,a,Podstawowy,7520
9,6,15.11.2021,6430,570,Tak,Nie,Nie,Nie,a,Rozszerzony,2030
10,6,15.11.2021,4895,542,Tak,Nie,Nie,Nie,a,Podstawowy,3160
11,6,15.11.2021,6696,873,Tak,Nie,Nie,Nie,a,Rozszerzony,960
12,6,15.11.2021,7340,831,Tak,Nie,Nie,Nie,a,Rozszerzony,1070
14,6,15.11.2021,3533,426,Tak,Nie,Nie,Nie,a,Podstawowy,1300
15,6,15.11.2021,5487,604,Tak,Nie,Nie,Nie,d,Rozszerzony,4110
16,6,15.11.2021,6345,618,Tak,Nie,Nie,Nie,a,Rozszerzony,3270
17,6,15.11.2021,3346,405,Tak,Nie,Nie,Nie,a,Podstawowy,50
18,6,15.11.2021,5134,520,Tak,Nie,Nie,Nie,d,Rozszerzony,13840
19,6,15.11.2021,4318,408,Tak,Nie,Nie,Nie,a,Rozszerzony,3240
21,6,15.11.2021,5919,543,Tak,Nie,Nie,Nie,c,Rozszerzony,550
23,6,15.11.2021,5252,467,Tak,Nie,Nie,Nie,d,Podstawowy,4060
24,6,15.11.2021,7211,713,Tak,Nie,Nie,Nie,a,Rozszerzony,4590
25,6,15.11.2021,8265,1287,Tak,Nie,Nie,Nie,c,Podstawowy,430
26,6,15.11.2021,6355,530,Tak,Nie,Nie,Nie,d,Podstawowy,2300
27,6,15.11.2021,7523,900,Tak,Nie,Nie,Nie,a,Podstawowy,60
28,6,15.11.2021,1934,239,Tak,Nie,Nie,Nie,a,Podstawowy,1200
29,6,15.11.2021,7807,690,Tak,Nie,Nie,Nie,d,Rozszerzony,2170
30,6,15.11.2021,4196,675,Tak,Nie,Nie,Nie,a,Podstawowy,40
31,6,15.11.2021,6107,621,Tak,Nie,Nie,Nie,d,Rozszerzony,9800
33,6,15.11.2021,8939,832,Tak,Nie,Nie,Nie,a,Rozszerzony,1320
34,6,15.11.2021,8211,956,Tak,Nie,Nie,Nie,c,Podstawowy,2240
35,6,15.11.2021,7832,609,Tak,Nie,Nie,Nie,d,Rozszerzony,7660
37,6,15.11.2021,7913,954,Tak,Nie,Nie,Nie,c,Podstawowy,4230
38,6,15.11.2021,6884,641,Tak,Nie,Nie,Nie,d,Podstawowy,1090
39,6,15.11.2021,3099,437,Tak,Nie,Nie,Nie,a,Podstawowy,260
40,6,15.11.2021,4691,668,Tak,Nie,Nie,Nie,a,Podstawowy,180
42,6,15.11.2021,8730,955,Tak,Nie,Nie,Nie,a,Rozszerzony,290
43,6,15.11.2021,4558,425,Tak,Nie,Nie,Nie,d,Podstawowy,4880
44,6,15.11.2021,4117,498,Tak,Nie,Nie,Nie,a,Podstawowy,540
45,6,15.11.2021,4996,443,Tak,Nie,Nie,Nie,d,Podstawowy,9710
47,6,15.11.2021,6265,857,Tak,Nie,Nie,Nie,a,Rozszerzony,270
48,6,15.11.2021,3359,332,Tak,Nie,Nie,Nie,a,Podstawowy,1060
49,6,15.11.2021,8424,586,Tak,Nie,Nie,Nie,d,Rozszerzony,18010
50,6,15.11.2021,4694,409,Tak,Nie,Nie,Nie,d,Podstawowy,6260
1,5,14.11.2021,5334,603,Tak,Tak,Nie,Nie,c,Podstawowy,1270
2,5,14.11.2021,4655,560,Tak,Tak,Nie,Nie,a,Podstawowy,570
3,5,14.11.2021,7836,778,Tak,Tak,Nie,Nie,a,Podstawowy,14130
4,5,14.11.2021,9790,1337,Tak,Tak,Nie,Nie,c,Rozszerzony,620
5,5,14.11.2021,5199,568,Tak,Tak,Nie,Nie,a,Podstawowy,29910
6,5,14.11.2021,5662,673,Tak,Tak,Nie,Nie,a,Podstawowy,310
7,5,14.11.2021,9936,1022,Tak,Tak,Nie,Nie,a,Rozszerzony,24000
8,5,14.11.2021,5749,724,Tak,Tak,Nie,Nie,a,Podstawowy,7520
9,5,14.11.2021,8325,660,Tak,Tak,Nie,Nie,a,Rozszerzony,2030
10,5,14.11.2021,6239,635,Tak,Tak,Nie,Nie,a,Podstawowy,3160
11,5,14.11.2021,8002,1180,Tak,Tak,Nie,Nie,a,Rozszerzony,960
12,5,14.11.2021,7711,906,Tak,Tak,Nie,Nie,a,Rozszerzony,1070
14,5,14.11.2021,5778,690,Tak,Tak,Nie,Nie,a,Podstawowy,1300
15,5,14.11.2021,6538,668,Tak,Tak,Nie,Nie,d,Rozszerzony,4110
16,5,14.11.2021,9035,973,Tak,Tak,Nie,Nie,a,Rozszerzony,3270
17,5,14.11.2021,7595,877,Tak,Tak,Nie,Nie,a,Podstawowy,50
18,5,14.11.2021,7366,786,Tak,Tak,Nie,Nie,d,Rozszerzony,13840
19,5,14.11.2021,7266,704,Tak,Tak,Nie,Nie,a,Rozszerzony,3240
21,5,14.11.2021,6138,560,Tak,Tak,Nie,Nie,c,Rozszerzony,550
23,5,14.11.2021,6547,562,Tak,Tak,Nie,Nie,d,Podstawowy,4060
24,5,14.11.2021,10284,888,Tak,Tak,Nie,Nie,a,Rozszerzony,4590
25,5,14.11.2021,10877,1536,Tak,Tak,Nie,Nie,c,Podstawowy,430
26,5,14.11.2021,7185,589,Tak,Tak,Nie,Nie,d,Podstawowy,2300
27,5,14.11.2021,10059,1108,Tak,Tak,Nie,Nie,a,Podstawowy,60
28,5,14.11.2021,4339,525,Tak,Tak,Nie,Nie,a,Podstawowy,1200
29,5,14.11.2021,7843,733,Tak,Tak,Nie,Nie,d,Rozszerzony,2170
30,5,14.11.2021,4464,627,Tak,Tak,Nie,Nie,a,Podstawowy,40
31,5,14.11.2021,6968,642,Tak,Tak,Nie,Nie,d,Rozszerzony,9800
33,5,14.11.2021,8554,860,Tak,Tak,Nie,Nie,a,Rozszerzony,1320
34,5,14.11.2021,7849,1020,Tak,Tak,Nie,Nie,c,Podstawowy,2240
35,5,14.11.2021,10722,764,Tak,Tak,Nie,Nie,d,Rozszerzony,7660
37,5,14.11.2021,7604,818,Tak,Tak,Nie,Nie,c,Podstawowy,4230
38,5,14.11.2021,6708,604,Tak,Tak,Nie,Nie,d,Podstawowy,1090
39,5,14.11.2021,4724,632,Tak,Tak,Nie,Nie,a,Podstawowy,260
40,5,14.11.2021,4309,587,Tak,Tak,Nie,Nie,a,Podstawowy,180
42,5,14.11.2021,10948,1155,Tak,Tak,Nie,Nie,a,Rozszerzony,290
43,5,14.11.2021,7344,640,Tak,Tak,Nie,Nie,d,Podstawowy,4880
44,5,14.11.2021,5763,673,Tak,Tak,Nie,Nie,a,Podstawowy,540
45,5,14.11.2021,6440,453,Tak,Tak,Nie,Nie,d,Podstawowy,9710
47,5,14.11.2021,7500,944,Tak,Tak,Nie,Nie,a,Rozszerzony,270
48,5,14.11.2021,4277,402,Tak,Tak,Nie,Nie,a,Podstawowy,1060
49,5,14.11.2021,7979,572,Tak,Tak,Nie,Nie,d,Rozszerzony,18010
50,5,14.11.2021,4502,393,Tak,Tak,Nie,Nie,d,Podstawowy,6260
1,4,13.11.2021,3869,471,Tak,Tak,Nie,Nie,c,Podstawowy,1270
2,4,13.11.2021,5009,624,Tak,Tak,Nie,Nie,a,Podstawowy,570
3,4,13.11.2021,7560,800,Tak,Tak,Nie,Nie,a,Podstawowy,14130
4,4,13.11.2021,10102,1355,Tak,Tak,Nie,Nie,c,Rozszerzony,620
5,4,13.11.2021,5013,576,Tak,Tak,Nie,Nie,a,Podstawowy,29910
6,4,13.11.2021,5424,623,Tak,Tak,Nie,Nie,a,Podstawowy,310
7,4,13.11.2021,7935,880,Tak,Tak,Nie,Nie,a,Rozszerzony,24000
8,4,13.11.2021,7844,954,Tak,Tak,Nie,Nie,a,Podstawowy,7520
9,4,13.11.2021,7101,625,Tak,Tak,Nie,Nie,a,Rozszerzony,2030
10,4,13.11.2021,5766,609,Tak,Tak,Nie,Nie,a,Podstawowy,3160
11,4,13.11.2021,7930,1137,Tak,Tak,Nie,Nie,a,Rozszerzony,960
12,4,13.11.2021,8051,909,Tak,Tak,Nie,Nie,a,Rozszerzony,1070
14,4,13.11.2021,5680,660,Tak,Tak,Nie,Nie,a,Podstawowy,1300
15,4,13.11.2021,6939,646,Tak,Tak,Nie,Nie,d,Rozszerzony,4110
16,4,13.11.2021,8364,947,Tak,Tak,Nie,Nie,a,Rozszerzony,3270
17,4,13.11.2021,7378,847,Tak,Tak,Nie,Nie,a,Podstawowy,50
18,4,13.11.2021,6983,737,Tak,Tak,Nie,Nie,d,Rozszerzony,13840
19,4,13.11.2021,6438,663,Tak,Tak,Nie,Nie,a,Rozszerzony,3240
21,4,13.11.2021,5531,524,Tak,Tak,Nie,Nie,c,Rozszerzony,550
23,4,13.11.2021,5669,513,Tak,Tak,Nie,Nie,d,Podstawowy,4060
24,4,13.11.2021,10251,886,Tak,Tak,Nie,Nie,a,Rozszerzony,4590
25,4,13.11.2021,11968,1660,Tak,Tak,Nie,Nie,c,Podstawowy,430
26,4,13.11.2021,7196,579,Tak,Tak,Nie,Nie,d,Podstawowy,2300
27,4,13.11.2021,9423,1107,Tak,Tak,Nie,Nie,a,Podstawowy,60
28,4,13.11.2021,4567,529,Tak,Tak,Nie,Nie,a,Podstawowy,1200
29,4,13.11.2021,7933,684,Tak,Tak,Nie,Nie,d,Rozszerzony,2170
30,4,13.11.2021,5329,754,Tak,Tak,Nie,Nie,a,Podstawowy,40
31,4,13.11.2021,6218,576,Tak,Tak,Nie,Nie,d,Rozszerzony,9800
33,4,13.11.2021,8426,786,Tak,Tak,Nie,Nie,a,Rozszerzony,1320
34,4,13.11.2021,7733,936,Tak,Tak,Nie,Nie,c,Podstawowy,2240
35,4,13.11.2021,11194,784,Tak,Tak,Nie,Nie,d,Rozszerzony,7660
37,4,13.11.2021,7199,797,Tak,Tak,Nie,Nie,c,Podstawowy,4230
38,4,13.11.2021,6378,521,Tak,Tak,Nie,Nie,d,Podstawowy,1090
39,4,13.11.2021,5643,708,Tak,Tak,Nie,Nie,a,Podstawowy,260
40,4,13.11.2021,4623,592,Tak,Tak,Nie,Nie,a,Podstawowy,180
42,4,13.11.2021,10518,1172,Tak,Tak,Nie,Nie,a,Rozszerzony,290
43,4,13.11.2021,6717,603,Tak,Tak,Nie,Nie,d,Podstawowy,4880
44,4,13.11.2021,5687,678,Tak,Tak,Nie,Nie,a,Podstawowy,540
45,4,13.11.2021,5884,438,Tak,Tak,Nie,Nie,d,Podstawowy,9710
47,4,13.11.2021,8392,981,Tak,Tak,Nie,Nie,a,Rozszerzony,270
48,4,13.11.2021,4198,431,Tak,Tak,Nie,Nie,a,Podstawowy,1060
49,4,13.11.2021,7709,550,Tak,Tak,Nie,Nie,d,Rozszerzony,18010
50,4,13.11.2021,4743,375,Tak,Tak,Nie,Nie,d,Podstawowy,6260
1,3,12.11.2021,4677,533,Tak,Tak,Nie,Nie,c,Podstawowy,1270
2,3,12.11.2021,6818,776,Tak,Tak,Nie,Nie,a,Podstawowy,570
3,3,12.11.2021,7839,809,Tak,Tak,Nie,Nie,a,Podstawowy,14130
4,3,12.11.2021,9340,1306,Tak,Tak,Nie,Nie,c,Rozszerzony,620
5,3,12.11.2021,5903,711,Tak,Tak,Nie,Nie,a,Podstawowy,29910
6,3,12.11.2021,5621,619,Tak,Tak,Nie,Nie,a,Podstawowy,310
7,3,12.11.2021,8169,857,Tak,Tak,Nie,Nie,a,Rozszerzony,24000
8,3,12.11.2021,7146,773,Tak,Tak,Nie,Nie,a,Podstawowy,7520
9,3,12.11.2021,6758,587,Tak,Tak,Nie,Nie,a,Rozszerzony,2030
10,3,12.11.2021,6226,639,Tak,Tak,Nie,Nie,a,Podstawowy,3160
11,3,12.11.2021,9164,1267,Tak,Tak,Nie,Nie,a,Rozszerzony,960
12,3,12.11.2021,8323,903,Tak,Tak,Nie,Nie,a,Rozszerzony,1070
14,3,12.11.2021,6161,647,Tak,Tak,Nie,Nie,a,Podstawowy,1300
15,3,12.11.2021,6155,602,Tak,Tak,Nie,Nie,d,Rozszerzony,4110
16,3,12.11.2021,7888,891,Tak,Tak,Nie,Nie,a,Rozszerzony,3270
17,3,12.11.2021,7933,869,Tak,Tak,Nie,Nie,a,Podstawowy,50
18,3,12.11.2021,6981,795,Tak,Tak,Nie,Nie,d,Rozszerzony,13840
19,3,12.11.2021,6561,661,Tak,Tak,Nie,Nie,a,Rozszerzony,3240
21,3,12.11.2021,5168,463,Tak,Tak,Nie,Nie,c,Rozszerzony,550
23,3,12.11.2021,5451,493,Tak,Tak,Nie,Nie,d,Podstawowy,4060
24,3,12.11.2021,9819,884,Tak,Tak,Nie,Nie,a,Rozszerzony,4590
25,3,12.11.2021,10584,1547,Tak,Tak,Nie,Nie,c,Podstawowy,430
26,3,12.11.2021,7129,565,Tak,Tak,Nie,Nie,d,Podstawowy,2300
27,3,12.11.2021,9505,1073,Tak,Tak,Nie,Nie,a,Podstawowy,60
28,3,12.11.2021,3756,454,Tak,Tak,Nie,Nie,a,Podstawowy,1200
29,3,12.11.2021,7329,668,Tak,Tak,Nie,Nie,d,Rozszerzony,2170
30,3,12.11.2021,4447,618,Tak,Tak,Nie,Nie,a,Podstawowy,40
31,3,12.11.2021,6818,590,Tak,Tak,Nie,Nie,d,Rozszerzony,9800
33,3,12.11.2021,8032,797,Tak,Tak,Nie,Nie,a,Rozszerzony,1320
34,3,12.11.2021,7514,952,Tak,Tak,Nie,Nie,c,Podstawowy,2240
35,3,12.11.2021,9994,725,Tak,Tak,Nie,Nie,d,Rozszerzony,7660
37,3,12.11.2021,5953,650,Tak,Tak,Nie,Nie,c,Podstawowy,4230
38,3,12.11.2021,6613,541,Tak,Tak,Nie,Nie,d,Podstawowy,1090
39,3,12.11.2021,5279,753,Tak,Tak,Nie,Nie,a,Podstawowy,260
40,3,12.11.2021,4056,555,Tak,Tak,Nie,Nie,a,Podstawowy,180
42,3,12.11.2021,11401,1198,Tak,Tak,Nie,Nie,a,Rozszerzony,290
43,3,12.11.2021,6746,592,Tak,Tak,Nie,Nie,d,Podstawowy,4880
44,3,12.11.2021,5742,687,Tak,Tak,Nie,Nie,a,Podstawowy,540
45,3,12.11.2021,4918,369,Tak,Tak,Nie,Nie,d,Podstawowy,9710
47,3,12.11.2021,7869,1016,Tak,Tak,Nie,Nie,a,Rozszerzony,270
48,3,12.11.2021,3739,403,Tak,Tak,Nie,Nie,a,Podstawowy,1060
49,3,12.11.2021,8073,530,Tak,Tak,Nie,Nie,d,Rozszerzony,18010
50,3,12.11.2021,3866,336,Tak,Tak,Nie,Nie,d,Podstawowy,6260
1,2,11.11.2021,4479,555,Tak,Tak,Nie,Nie,c,Podstawowy,1270
2,2,11.11.2021,5651,601,Tak,Tak,Nie,Nie,a,Podstawowy,570
3,2,11.11.2021,8708,879,Tak,Tak,Nie,Nie,a,Podstawowy,14130
4,2,11.11.2021,8794,1296,Tak,Tak,Nie,Nie,c,Rozszerzony,620
5,2,11.11.2021,5736,623,Tak,Tak,Nie,Nie,a,Podstawowy,29910
6,2,11.11.2021,6272,658,Tak,Tak,Nie,Nie,a,Podstawowy,310
7,2,11.11.2021,9776,1048,Tak,Tak,Nie,Nie,a,Rozszerzony,24000
8,2,11.11.2021,7782,875,Tak,Tak,Nie,Nie,a,Podstawowy,7520
9,2,11.11.2021,7003,603,Tak,Tak,Nie,Nie,a,Rozszerzony,2030
10,2,11.11.2021,7009,670,Tak,Tak,Nie,Nie,a,Podstawowy,3160
11,2,11.11.2021,8761,1194,Tak,Tak,Nie,Nie,a,Rozszerzony,960
12,2,11.11.2021,8735,967,Tak,Tak,Nie,Nie,a,Rozszerzony,1070
14,2,11.11.2021,6262,703,Tak,Tak,Nie,Nie,a,Podstawowy,1300
15,2,11.11.2021,7587,674,Tak,Tak,Nie,Nie,d,Rozszerzony,4110
16,2,11.11.2021,9677,1031,Tak,Tak,Nie,Nie,a,Rozszerzony,3270
17,2,11.11.2021,8297,984,Tak,Tak,Nie,Nie,a,Podstawowy,50
18,2,11.11.2021,6846,715,Tak,Tak,Nie,Nie,d,Rozszerzony,13840
19,2,11.11.2021,7700,750,Tak,Tak,Nie,Nie,a,Rozszerzony,3240
21,2,11.11.2021,6949,546,Tak,Tak,Nie,Nie,c,Rozszerzony,550
23,2,11.11.2021,5728,502,Tak,Tak,Nie,Nie,d,Podstawowy,4060
24,2,11.11.2021,10221,866,Tak,Tak,Nie,Nie,a,Rozszerzony,4590
25,2,11.11.2021,11152,1627,Tak,Tak,Nie,Nie,c,Podstawowy,430
26,2,11.11.2021,7219,543,Tak,Tak,Nie,Nie,d,Podstawowy,2300
27,2,11.11.2021,10773,1230,Tak,Tak,Nie,Nie,a,Podstawowy,60
28,2,11.11.2021,4849,566,Tak,Tak,Nie,Nie,a,Podstawowy,1200
29,2,11.11.2021,8193,707,Tak,Tak,Nie,Nie,d,Rozszerzony,2170
30,2,11.11.2021,5108,740,Tak,Tak,Nie,Nie,a,Podstawowy,40
31,2,11.11.2021,6335,592,Tak,Tak,Nie,Nie,d,Rozszerzony,9800
33,2,11.11.2021,8426,815,Tak,Tak,Nie,Nie,a,Rozszerzony,1320
34,2,11.11.2021,8006,991,Tak,Tak,Nie,Nie,c,Podstawowy,2240
35,2,11.11.2021,10313,745,Tak,Tak,Nie,Nie,d,Rozszerzony,7660
37,2,11.11.2021,6117,623,Tak,Tak,Nie,Nie,c,Podstawowy,4230
38,2,11.11.2021,6333,548,Tak,Tak,Nie,Nie,d,Podstawowy,1090
39,2,11.11.2021,5567,657,Tak,Tak,Nie,Nie,a,Podstawowy,260
40,2,11.11.2021,6014,713,Tak,Tak,Nie,Nie,a,Podstawowy,180
42,2,11.11.2021,10668,1107,Tak,Tak,Nie,Nie,a,Rozszerzony,290
43,2,11.11.2021,7502,635,Tak,Tak,Nie,Nie,d,Podstawowy,4880
44,2,11.11.2021,5562,683,Tak,Tak,Nie,Nie,a,Podstawowy,540
45,2,11.11.2021,4924,405,Tak,Tak,Nie,Nie,d,Podstawowy,9710
47,2,11.11.2021,8892,1067,Tak,Tak,Nie,Nie,a,Rozszerzony,270
48,2,11.11.2021,4430,446,Tak,Tak,Nie,Nie,a,Podstawowy,1060
49,2,11.11.2021,7554,562,Tak,Tak,Nie,Nie,d,Rozszerzony,18010
50,2,11.11.2021,3989,354,Tak,Tak,Nie,Nie,d,Podstawowy,6260
1,1,10.11.2021,5474,578,Tak,Tak,Nie,Nie,c,Podstawowy,1270
2,1,10.11.2021,6423,690,Tak,Tak,Nie,Nie,a,Podstawowy,570
3,1,10.11.2021,8533,831,Tak,Tak,Nie,Nie,a,Podstawowy,14130
4,1,10.11.2021,10593,1442,Tak,Tak,Nie,Nie,c,Rozszerzony,620
5,1,10.11.2021,6540,689,Tak,Tak,Nie,Nie,a,Podstawowy,29910
6,1,10.11.2021,6107,677,Tak,Tak,Nie,Nie,a,Podstawowy,310
7,1,10.11.2021,10223,1011,Tak,Tak,Nie,Nie,a,Rozszerzony,24000
8,1,10.11.2021,8504,913,Tak,Tak,Nie,Nie,a,Podstawowy,7520
9,1,10.11.2021,9128,736,Tak,Tak,Nie,Nie,a,Rozszerzony,2030
10,1,10.11.2021,6811,713,Tak,Tak,Nie,Nie,a,Podstawowy,3160
11,1,10.11.2021,8219,1141,Tak,Tak,Nie,Nie,a,Rozszerzony,960
12,1,10.11.2021,9042,983,Tak,Tak,Nie,Nie,a,Rozszerzony,1070
14,1,10.11.2021,7571,827,Tak,Tak,Nie,Nie,a,Podstawowy,1300
15,1,10.11.2021,8386,748,Tak,Tak,Nie,Nie,d,Rozszerzony,4110
16,1,10.11.2021,9619,1045,Tak,Tak,Nie,Nie,a,Rozszerzony,3270
17,1,10.11.2021,8794,1003,Tak,Tak,Nie,Nie,a,Podstawowy,50
18,1,10.11.2021,8239,825,Tak,Tak,Nie,Nie,d,Rozszerzony,13840
19,1,10.11.2021,9106,868,Tak,Tak,Nie,Nie,a,Rozszerzony,3240
21,1,10.11.2021,6137,542,Tak,Tak,Nie,Nie,c,Rozszerzony,550
23,1,10.11.2021,6925,589,Tak,Tak,Nie,Nie,d,Podstawowy,4060
24,1,10.11.2021,11374,957,Tak,Tak,Nie,Nie,a,Rozszerzony,4590
25,1,10.11.2021,13007,1830,Tak,Tak,Nie,Nie,c,Podstawowy,430
26,1,10.11.2021,9005,641,Tak,Tak,Nie,Nie,d,Podstawowy,2300
27,1,10.11.2021,11801,1295,Tak,Tak,Nie,Nie,a,Podstawowy,60
28,1,10.11.2021,5413,614,Tak,Tak,Nie,Nie,a,Podstawowy,1200
29,1,10.11.2021,11977,966,Tak,Tak,Nie,Nie,d,Rozszerzony,2170
30,1,10.11.2021,5935,767,Tak,Tak,Nie,Nie,a,Podstawowy,40
31,1,10.11.2021,6956,641,Tak,Tak,Nie,Nie,d,Rozszerzony,9800
33,1,10.11.2021,9704,929,Tak,Tak,Nie,Nie,a,Rozszerzony,1320
34,1,10.11.2021,8481,1046,Tak,Tak,Nie,Nie,c,Podstawowy,2240
35,1,10.11.2021,12400,859,Tak,Tak,Nie,Nie,d,Rozszerzony,7660
37,1,10.11.2021,7527,756,Tak,Tak,Nie,Nie,c,Podstawowy,4230
38,1,10.11.2021,8205,673,Tak,Tak,Nie,Nie,d,Podstawowy,1090
39,1,10.11.2021,7388,888,Tak,Tak,Nie,Nie,a,Podstawowy,260
40,1,10.11.2021,4919,677,Tak,Tak,Nie,Nie,a,Podstawowy,180
42,1,10.11.2021,12500,1237,Tak,Tak,Nie,Nie,a,Rozszerzony,290
43,1,10.11.2021,9090,734,Tak,Tak,Nie,Nie,d,Podstawowy,4880
44,1,10.11.2021,7271,789,Tak,Tak,Nie,Nie,a,Podstawowy,540
45,1,10.11.2021,6483,488,Tak,Tak,Nie,Nie,d,Podstawowy,9710
47,1,10.11.2021,9302,1108,Tak,Tak,Nie,Nie,a,Rozszerzony,270
48,1,10.11.2021,4821,464,Tak,Tak,Nie,Nie,a,Podstawowy,1060
49,1,10.11.2021,9136,618,Tak,Tak,Nie,Nie,d,Rozszerzony,18010
50,1,10.11.2021,4711,384,Tak,Tak,Nie,Nie,d,Podstawowy,6260
1,7,09.11.2021,0,0,Nie,Nie,Nie,Nie,c,Podstawowy,1270
2,7,09.11.2021,0,0,Nie,Nie,Nie,Nie,a,Podstawowy,570
3,7,09.11.2021,0,0,Nie,Nie,Nie,Nie,a,Podstawowy,14130
4,7,09.11.2021,0,0,Nie,Nie,Nie,Nie,c,Rozszerzony,620
5,7,09.11.2021,0,0,Nie,Nie,Nie,Nie,a,Podstawowy,29910
6,7,09.11.2021,0,0,Nie,Nie,Nie,Nie,a,Podstawowy,310
7,7,09.11.2021,0,0,Nie,Nie,Nie,Nie,a,Rozszerzony,24000
8,7,09.11.2021,0,0,Nie,Nie,Nie,Nie,a,Podstawowy,7520
9,7,09.11.2021,0,0,Nie,Nie,Nie,Nie,a,Rozszerzony,2030
10,7,09.11.2021,0,0,Nie,Nie,Nie,Nie,a,Podstawowy,3160
11,7,09.11.2021,0,0,Nie,Nie,Nie,Nie,a,Rozszerzony,960
12,7,09.11.2021,0,0,Nie,Nie,Nie,Nie,a,Rozszerzony,1070
14,7,09.11.2021,0,0,Nie,Nie,Nie,Nie,a,Podstawowy,1300
15,7,09.11.2021,0,0,Nie,Nie,Nie,Nie,d,Rozszerzony,4110
16,7,09.11.2021,0,0,Nie,Nie,Nie,Nie,a,Rozszerzony,3270
17,7,09.11.2021,0,0,Nie,Nie,Nie,Nie,a,Podstawowy,50
18,7,09.11.2021,0,0,Nie,Nie,Nie,Nie,d,Rozszerzony,13840
19,7,09.11.2021,0,0,Nie,Nie,Nie,Nie,a,Rozszerzony,3240
21,7,09.11.2021,0,0,Nie,Nie,Nie,Nie,c,Rozszerzony,550
23,7,09.11.2021,0,0,Nie,Nie,Nie,Nie,d,Podstawowy,4060
24,7,09.11.2021,0,0,Nie,Nie,Nie,Nie,a,Rozszerzony,4590
25,7,09.11.2021,0,0,Nie,Nie,Nie,Nie,c,Podstawowy,430
26,7,09.11.2021,0,0,Nie,Nie,Nie,Nie,d,Podstawowy,2300
27,7,09.11.2021,0,0,Nie,Nie,Nie,Nie,a,Podstawowy,60
28,7,09.11.2021,0,0,Nie,Nie,Nie,Nie,a,Podstawowy,1200
29,7,09.11.2021,0,0,Nie,Nie,Nie,Nie,d,Rozszerzony,2170
30,7,09.11.2021,0,0,Nie,Nie,Nie,Nie,a,Podstawowy,40
31,7,09.11.2021,0,0,Nie,Nie,Nie,Nie,d,Rozszerzony,9800
33,7,09.11.2021,0,0,Nie,Nie,Nie,Nie,a,Rozszerzony,1320
34,7,09.11.2021,0,0,Nie,Nie,Nie,Nie,c,Podstawowy,2240
35,7,09.11.2021,0,0,Nie,Nie,Nie,Nie,d,Rozszerzony,7660
37,7,09.11.2021,0,0,Nie,Nie,Nie,Nie,c,Podstawowy,4230
38,7,09.11.2021,0,0,Nie,Nie,Nie,Nie,d,Podstawowy,1090
39,7,09.11.2021,0,0,Nie,Nie,Nie,Nie,a,Podstawowy,260
40,7,09.11.2021,0,0,Nie,Nie,Nie,Nie,a,Podstawowy,180
42,7,09.11.2021,0,0,Nie,Nie,Nie,Nie,a,Rozszerzony,290
43,7,09.11.2021,0,0,Nie,Nie,Nie,Nie,d,Podstawowy,4880
44,7,09.11.2021,0,0,Nie,Nie,Nie,Nie,a,Podstawowy,540
45,7,09.11.2021,0,0,Nie,Nie,Nie,Nie,d,Podstawowy,9710
47,7,09.11.2021,0,0,Nie,Nie,Nie,Nie,a,Rozszerzony,270
48,7,09.11.2021,0,0,Nie,Nie,Nie,Nie,a,Podstawowy,1060
49,7,09.11.2021,0,0,Nie,Nie,Nie,Nie,d,Rozszerzony,18010
50,7,09.11.2021,0,0,Nie,Nie,Nie,Nie,d,Podstawowy,6260
1,6,08.11.2021,4720,546,Tak,Nie,Nie,Nie,c,Podstawowy,1270
2,6,08.11.2021,3311,368,Tak,Nie,Nie,Nie,a,Podstawowy,570
3,6,08.11.2021,4055,477,Tak,Nie,Nie,Nie,a,Podstawowy,14130
4,6,08.11.2021,10208,1409,Tak,Nie,Nie,Nie,c,Rozszerzony,620
5,6,08.11.2021,2280,244,Tak,Nie,Nie,Nie,a,Podstawowy,29910
6,6,08.11.2021,3750,399,Tak,Nie,Nie,Nie,a,Podstawowy,310
7,6,08.11.2021,6506,709,Tak,Nie,Nie,Nie,a,Rozszerzony,24000
8,6,08.11.2021,3274,445,Tak,Nie,Nie,Nie,a,Podstawowy,7520
9,6,08.11.2021,7459,633,Tak,Nie,Nie,Nie,a,Rozszerzony,2030
10,6,08.11.2021,5561,533,Tak,Nie,Nie,Nie,a,Podstawowy,3160
11,6,08.11.2021,7141,965,Tak,Nie,Nie,Nie,a,Rozszerzony,960
12,6,08.11.2021,7384,873,Tak,Nie,Nie,Nie,a,Rozszerzony,1070
14,6,08.11.2021,3894,457,Tak,Nie,Nie,Nie,a,Podstawowy,1300
15,6,08.11.2021,5973,639,Tak,Nie,Nie,Nie,d,Rozszerzony,4110
16,6,08.11.2021,6579,614,Tak,Nie,Nie,Nie,a,Rozszerzony,3270
17,6,08.11.2021,3122,450,Tak,Nie,Nie,Nie,a,Podstawowy,50
18,6,08.11.2021,4842,524,Tak,Nie,Nie,Nie,d,Rozszerzony,13840
19,6,08.11.2021,4602,441,Tak,Nie,Nie,Nie,a,Rozszerzony,3240
21,6,08.11.2021,6008,540,Tak,Nie,Nie,Nie,c,Rozszerzony,550
23,6,08.11.2021,4607,432,Tak,Nie,Nie,Nie,d,Podstawowy,4060
24,6,08.11.2021,7484,736,Tak,Nie,Nie,Nie,a,Rozszerzony,4590
25,6,08.11.2021,9362,1359,Tak,Nie,Nie,Nie,c,Podstawowy,430
26,6,08.11.2021,6498,583,Tak,Nie,Nie,Nie,d,Podstawowy,2300
27,6,08.11.2021,8546,938,Tak,Nie,Nie,Nie,a,Podstawowy,60
28,6,08.11.2021,1942,251,Tak,Nie,Nie,Nie,a,Podstawowy,1200
29,6,08.11.2021,7610,707,Tak,Nie,Nie,Nie,d,Rozszerzony,2170
30,6,08.11.2021,5640,958,Tak,Nie,Nie,Nie,a,Podstawowy,40
31,6,08.11.2021,6042,598,Tak,Nie,Nie,Nie,d,Rozszerzony,9800
33,6,08.11.2021,9201,891,Tak,Nie,Nie,Nie,a,Rozszerzony,1320
34,6,08.11.2021,8133,964,Tak,Nie,Nie,Nie,c,Podstawowy,2240
35,6,08.11.2021,8350,662,Tak,Nie,Nie,Nie,d,Rozszerzony,7660
37,6,08.11.2021,8039,953,Tak,Nie,Nie,Nie,c,Podstawowy,4230
38,6,08.11.2021,6161,580,Tak,Nie,Nie,Nie,d,Podstawowy,1090
39,6,08.11.2021,3089,426,Tak,Nie,Nie,Nie,a,Podstawowy,260
40,6,08.11.2021,6413,809,Tak,Nie,Nie,Nie,a,Podstawowy,180
42,6,08.11.2021,10005,1164,Tak,Nie,Nie,Nie,a,Rozszerzony,290
43,6,08.11.2021,4691,443,Tak,Nie,Nie,Nie,d,Podstawowy,4880
44,6,08.11.2021,4119,498,Tak,Nie,Nie,Nie,a,Podstawowy,540
45,6,08.11.2021,6235,479,Tak,Nie,Nie,Nie,d,Podstawowy,9710
47,6,08.11.2021,6614,835,Tak,Nie,Nie,Nie,a,Rozszerzony,270
48,6,08.11.2021,2829,276,Tak,Nie,Nie,Nie,a,Podstawowy,1060
49,6,08.11.2021,7846,583,Tak,Nie,Nie,Nie,d,Rozszerzony,18010
50,6,08.11.2021,4357,396,Tak,Nie,Nie,Nie,d,Podstawowy,6260
1,5,07.11.2021,5220,582,Tak,Tak,Nie,Nie,c,Podstawowy,1270
2,5,07.11.2021,5445,590,Tak,Tak,Nie,Nie,a,Podstawowy,570
3,5,07.11.2021,8091,840,Tak,Tak,Nie,Nie,a,Podstawowy,14130
4,5,07.11.2021,11209,1458,Tak,Tak,Nie,Nie,c,Rozszerzony,620
5,5,07.11.2021,5284,592,Tak,Tak,Nie,Nie,a,Podstawowy,29910
6,5,07.11.2021,5642,612,Tak,Tak,Nie,Nie,a,Podstawowy,310
7,5,07.11.2021,10087,1023,Tak,Tak,Nie,Nie,a,Rozszerzony,24000
8,5,07.11.2021,7069,811,Tak,Tak,Nie,Nie,a,Podstawowy,7520
9,5,07.11.2021,7416,652,Tak,Tak,Nie,Nie,a,Rozszerzony,2030
10,5,07.11.2021,6498,630,Tak,Tak,Nie,Tak,a,Podstawowy,3160
11,5,07.11.2021,9024,1217,Tak,Tak,Nie,Nie,a,Rozszerzony,960
12,5,07.11.2021,8891,984,Tak,Tak,Nie,Nie,a,Rozszerzony,1070
14,5,07.11.2021,6399,724,Tak,Tak,Nie,Nie,a,Podstawowy,1300
15,5,07.11.2021,7990,770,Tak,Tak,Nie,Nie,d,Rozszerzony,4110
16,5,07.11.2021,9271,988,Tak,Tak,Nie,Nie,a,Rozszerzony,3270
17,5,07.11.2021,7695,932,Tak,Tak,Nie,Nie,a,Podstawowy,50
18,5,07.11.2021,9268,879,Tak,Tak,Nie,Nie,d,Rozszerzony,13840
19,5,07.11.2021,8357,732,Tak,Tak,Nie,Nie,a,Rozszerzony,3240
21,5,07.11.2021,7079,594,Tak,Tak,Nie,Nie,c,Rozszerzony,550
23,5,07.11.2021,6444,552,Tak,Tak,Nie,Nie,d,Podstawowy,4060
24,5,07.11.2021,10695,898,Tak,Tak,Nie,Nie,a,Rozszerzony,4590
25,5,07.11.2021,11756,1657,Tak,Tak,Nie,Nie,c,Podstawowy,430
26,5,07.11.2021,8216,639,Tak,Tak,Nie,Nie,d,Podstawowy,2300
27,5,07.11.2021,10515,1158,Tak,Tak,Nie,Nie,a,Podstawowy,60
28,5,07.11.2021,4840,529,Tak,Tak,Nie,Nie,a,Podstawowy,1200
29,5,07.11.2021,8527,737,Tak,Tak,Nie,Nie,d,Rozszerzony,2170
30,5,07.11.2021,4417,649,Tak,Tak,Nie,Nie,a,Podstawowy,40
31,5,07.11.2021,7521,655,Tak,Tak,Nie,Nie,d,Rozszerzony,9800
33,5,07.11.2021,8864,856,Tak,Tak,Nie,Nie,a,Rozszerzony,1320
34,5,07.11.2021,8479,992,Tak,Tak,Nie,Nie,c,Podstawowy,2240
35,5,07.11.2021,11555,819,Tak,Tak,Nie,Nie,d,Rozszerzony,7660
37,5,07.11.2021,8351,887,Tak,Tak,Nie,Nie,c,Podstawowy,4230
38,5,07.11.2021,6299,555,Tak,Tak,Nie,Nie,d,Podstawowy,1090
39,5,07.11.2021,4974,620,Tak,Tak,Nie,Nie,a,Podstawowy,260
40,5,07.11.2021,5208,670,Tak,Tak,Nie,Nie,a,Podstawowy,180
42,5,07.11.2021,10793,1165,Tak,Tak,Nie,Nie,a,Rozszerzony,290
43,5,07.11.2021,7794,689,Tak,Tak,Nie,Nie,d,Podstawowy,4880
44,5,07.11.2021,6891,815,Tak,Tak,Nie,Nie,a,Podstawowy,540
45,5,07.11.2021,6052,465,Tak,Tak,Nie,Nie,d,Podstawowy,9710
47,5,07.11.2021,8526,1011,Tak,Tak,Nie,Nie,a,Rozszerzony,270
48,5,07.11.2021,4480,430,Tak,Tak,Nie,Nie,a,Podstawowy,1060
49,5,07.11.2021,8060,569,Tak,Tak,Nie,Nie,d,Rozszerzony,18010
50,5,07.11.2021,4755,392,Tak,Tak,Nie,Nie,d,Podstawowy,6260
1,4,06.11.2021,4785,527,Tak,Tak,Nie,Nie,c,Podstawowy,1270
2,4,06.11.2021,6307,630,Tak,Tak,Nie,Nie,a,Podstawowy,570
3,4,06.11.2021,8072,832,Tak,Tak,Nie,Nie,a,Podstawowy,14130
4,4,06.11.2021,9461,1329,Tak,Tak,Nie,Nie,c,Rozszerzony,620
5,4,06.11.2021,5264,540,Tak,Tak,Nie,Nie,a,Podstawowy,29910
6,4,06.11.2021,5599,597,Tak,Tak,Nie,Nie,a,Podstawowy,310
7,4,06.11.2021,9743,1068,Tak,Tak,Nie,Nie,a,Rozszerzony,24000
8,4,06.11.2021,7378,935,Tak,Tak,Nie,Nie,a,Podstawowy,7520
9,4,06.11.2021,7437,667,Tak,Tak,Nie,Nie,a,Rozszerzony,2030
10,4,06.11.2021,5907,591,Tak,Tak,Nie,Tak,a,Podstawowy,3160
11,4,06.11.2021,8944,1170,Tak,Tak,Nie,Nie,a,Rozszerzony,960
12,4,06.11.2021,8948,978,Tak,Tak,Nie,Nie,a,Rozszerzony,1070
14,4,06.11.2021,6469,724,Tak,Tak,Nie,Nie,a,Podstawowy,1300
15,4,06.11.2021,7758,716,Tak,Tak,Nie,Nie,d,Rozszerzony,4110
16,4,06.11.2021,9363,1004,Tak,Tak,Nie,Nie,a,Rozszerzony,3270
17,4,06.11.2021,8243,940,Tak,Tak,Nie,Nie,a,Podstawowy,50
18,4,06.11.2021,7576,764,Tak,Tak,Nie,Nie,d,Rozszerzony,13840
19,4,06.11.2021,8291,692,Tak,Tak,Nie,Nie,a,Rozszerzony,3240
21,4,06.11.2021,7108,619,Tak,Tak,Nie,Nie,c,Rozszerzony,550
23,4,06.11.2021,6688,566,Tak,Tak,Nie,Nie,d,Podstawowy,4060
24,4,06.11.2021,9869,864,Tak,Tak,Nie,Nie,a,Rozszerzony,4590
25,4,06.11.2021,12480,1721,Tak,Tak,Nie,Nie,c,Podstawowy,430
26,4,06.11.2021,7835,663,Tak,Tak,Nie,Nie,d,Podstawowy,2300
27,4,06.11.2021,10901,1202,Tak,Tak,Nie,Nie,a,Podstawowy,60
28,4,06.11.2021,4659,538,Tak,Tak,Nie,Nie,a,Podstawowy,1200
29,4,06.11.2021,8654,738,Tak,Tak,Nie,Nie,d,Rozszerzony,2170
30,4,06.11.2021,6144,838,Tak,Tak,Nie,Nie,a,Podstawowy,40
31,4,06.11.2021,6605,605,Tak,Tak,Nie,Nie,d,Rozszerzony,9800
33,4,06.11.2021,8827,863,Tak,Tak,Nie,Nie,a,Rozszerzony,1320
34,4,06.11.2021,8094,957,Tak,Tak,Nie,Nie,c,Podstawowy,2240
35,4,06.11.2021,11748,804,Tak,Tak,Nie,Nie,d,Rozszerzony,7660
37,4,06.11.2021,7316,783,Tak,Tak,Nie,Nie,c,Podstawowy,4230
38,4,06.11.2021,6678,560,Tak,Tak,Nie,Nie,d,Podstawowy,1090
39,4,06.11.2021,5640,679,Tak,Tak,Nie,Nie,a,Podstawowy,260
40,4,06.11.2021,6410,825,Tak,Tak,Nie,Nie,a,Podstawowy,180
42,4,06.11.2021,11847,1214,Tak,Tak,Nie,Nie,a,Rozszerzony,290
43,4,06.11.2021,7749,694,Tak,Tak,Nie,Nie,d,Podstawowy,4880
44,4,06.11.2021,6538,744,Tak,Tak,Nie,Nie,a,Podstawowy,540
45,4,06.11.2021,5900,437,Tak,Tak,Nie,Nie,d,Podstawowy,9710
47,4,06.11.2021,8317,1014,Tak,Tak,Nie,Nie,a,Rozszerzony,270
48,4,06.11.2021,4088,451,Tak,Tak,Nie,Nie,a,Podstawowy,1060
49,4,06.11.2021,6799,512,Tak,Tak,Nie,Nie,d,Rozszerzony,18010
50,4,06.11.2021,4135,375,Tak,Tak,Nie,Nie,d,Podstawowy,6260
1,3,05.11.2021,4838,539,Tak,Tak,Nie,Nie,c,Podstawowy,1270
2,3,05.11.2021,7142,797,Tak,Tak,Nie,Nie,a,Podstawowy,570
3,3,05.11.2021,9172,892,Tak,Tak,Nie,Nie,a,Podstawowy,14130
4,3,05.11.2021,11232,1426,Tak,Tak,Nie,Nie,c,Rozszerzony,620
5,3,05.11.2021,5913,674,Tak,Tak,Nie,Nie,a,Podstawowy,29910
6,3,05.11.2021,6742,694,Tak,Tak,Nie,Nie,a,Podstawowy,310
7,3,05.11.2021,8842,868,Tak,Tak,Nie,Nie,a,Rozszerzony,24000
8,3,05.11.2021,6603,756,Tak,Tak,Nie,Nie,a,Podstawowy,7520
9,3,05.11.2021,8249,700,Tak,Tak,Nie,Nie,a,Rozszerzony,2030
10,3,05.11.2021,4965,550,Tak,Tak,Nie,Tak,a,Podstawowy,3160
11,3,05.11.2021,8358,1139,Tak,Tak,Nie,Nie,a,Rozszerzony,960
12,3,05.11.2021,9417,889,Tak,Tak,Nie,Nie,a,Rozszerzony,1070
14,3,05.11.2021,6623,709,Tak,Tak,Nie,Nie,a,Podstawowy,1300
15,3,05.11.2021,7455,686,Tak,Tak,Nie,Nie,d,Rozszerzony,4110
16,3,05.11.2021,7956,841,Tak,Tak,Nie,Nie,a,Rozszerzony,3270
17,3,05.11.2021,8062,873,Tak,Tak,Nie,Nie,a,Podstawowy,50
18,3,05.11.2021,8749,831,Tak,Tak,Nie,Nie,d,Rozszerzony,13840
19,3,05.11.2021,8335,735,Tak,Tak,Nie,Nie,a,Rozszerzony,3240
21,3,05.11.2021,5652,491,Tak,Tak,Nie,Nie,c,Rozszerzony,550
23,3,05.11.2021,6452,514,Tak,Tak,Nie,Nie,d,Podstawowy,4060
24,3,05.11.2021,11034,968,Tak,Tak,Nie,Nie,a,Rozszerzony,4590
25,3,05.11.2021,12259,1697,Tak,Tak,Nie,Nie,c,Podstawowy,430
26,3,05.11.2021,7519,550,Tak,Tak,Nie,Nie,d,Podstawowy,2300
27,3,05.11.2021,13452,1294,Tak,Tak,Nie,Nie,a,Podstawowy,60
28,3,05.11.2021,4550,534,Tak,Tak,Nie,Nie,a,Podstawowy,1200
29,3,05.11.2021,9736,820,Tak,Tak,Nie,Nie,d,Rozszerzony,2170
30,3,05.11.2021,5674,789,Tak,Tak,Nie,Nie,a,Podstawowy,40
31,3,05.11.2021,7276,635,Tak,Tak,Nie,Nie,d,Rozszerzony,9800
33,3,05.11.2021,10205,942,Tak,Tak,Nie,Nie,a,Rozszerzony,1320
34,3,05.11.2021,9036,1080,Tak,Tak,Nie,Nie,c,Podstawowy,2240
35,3,05.11.2021,12786,844,Tak,Tak,Nie,Nie,d,Rozszerzony,7660
37,3,05.11.2021,6728,684,Tak,Tak,Nie,Nie,c,Podstawowy,4230
38,3,05.11.2021,7632,600,Tak,Tak,Nie,Nie,d,Podstawowy,1090
39,3,05.11.2021,6968,799,Tak,Tak,Nie,Nie,a,Podstawowy,260
40,3,05.11.2021,5568,722,Tak,Tak,Nie,Nie,a,Podstawowy,180
42,3,05.11.2021,13653,1338,Tak,Tak,Nie,Nie,a,Rozszerzony,290
43,3,05.11.2021,7662,697,Tak,Tak,Nie,Nie,d,Podstawowy,4880
44,3,05.11.2021,6514,686,Tak,Tak,Nie,Nie,a,Podstawowy,540
45,3,05.11.2021,5469,378,Tak,Tak,Nie,Nie,d,Podstawowy,9710
47,3,05.11.2021,8637,1038,Tak,Tak,Nie,Nie,a,Rozszerzony,270
48,3,05.11.2021,3274,371,Tak,Tak,Nie,Nie,a,Podstawowy,1060
49,3,05.11.2021,6880,464,Tak,Tak,Nie,Nie,d,Rozszerzony,18010
50,3,05.11.2021,4736,363,Tak,Tak,Nie,Nie,d,Podstawowy,6260
1,2,04.11.2021,5253,586,Tak,Tak,Nie,Nie,c,Podstawowy,1270
2,2,04.11.2021,7015,724,Tak,Tak,Nie,Nie,a,Podstawowy,570
3,2,04.11.2021,9863,940,Tak,Tak,Nie,Nie,a,Podstawowy,14130
4,2,04.11.2021,11285,1533,Tak,Tak,Nie,Nie,c,Rozszerzony,620
5,2,04.11.2021,6836,708,Tak,Tak,Nie,Nie,a,Podstawowy,29910
6,2,04.11.2021,6367,711,Tak,Tak,Nie,Nie,a,Podstawowy,310
7,2,04.11.2021,11121,1097,Tak,Tak,Nie,Nie,a,Rozszerzony,24000
8,2,04.11.2021,7805,880,Tak,Tak,Nie,Nie,a,Podstawowy,7520
9,2,04.11.2021,8544,695,Tak,Tak,Nie,Nie,a,Rozszerzony,2030
10,2,04.11.2021,6331,610,Tak,Tak,Nie,Tak,a,Podstawowy,3160
11,2,04.11.2021,9089,1193,Tak,Tak,Nie,Nie,a,Rozszerzony,960
12,2,04.11.2021,9382,1009,Tak,Tak,Nie,Nie,a,Rozszerzony,1070
14,2,04.11.2021,7047,711,Tak,Tak,Nie,Nie,a,Podstawowy,1300
15,2,04.11.2021,8729,770,Tak,Tak,Nie,Nie,d,Rozszerzony,4110
16,2,04.11.2021,11329,1142,Tak,Tak,Nie,Nie,a,Rozszerzony,3270
17,2,04.11.2021,10200,1113,Tak,Tak,Nie,Nie,a,Podstawowy,50
18,2,04.11.2021,8559,827,Tak,Tak,Nie,Nie,d,Rozszerzony,13840
19,2,04.11.2021,9458,824,Tak,Tak,Nie,Nie,a,Rozszerzony,3240
21,2,04.11.2021,9313,686,Tak,Tak,Nie,Nie,c,Rozszerzony,550
23,2,04.11.2021,7044,572,Tak,Tak,Nie,Nie,d,Podstawowy,4060
24,2,04.11.2021,11989,984,Tak,Tak,Nie,Nie,a,Rozszerzony,4590
25,2,04.11.2021,13133,1831,Tak,Tak,Nie,Nie,c,Podstawowy,430
26,2,04.11.2021,9065,673,Tak,Tak,Nie,Nie,d,Podstawowy,2300
27,2,04.11.2021,13926,1322,Tak,Tak,Nie,Nie,a,Podstawowy,60
28,2,04.11.2021,5036,564,Tak,Tak,Nie,Nie,a,Podstawowy,1200
29,2,04.11.2021,10651,823,Tak,Tak,Nie,Nie,d,Rozszerzony,2170
30,2,04.11.2021,6468,835,Tak,Tak,Nie,Nie,a,Podstawowy,40
31,2,04.11.2021,6900,617,Tak,Tak,Nie,Nie,d,Rozszerzony,9800
33,2,04.11.2021,9890,853,Tak,Tak,Nie,Nie,a,Rozszerzony,1320
34,2,04.11.2021,9131,1102,Tak,Tak,Nie,Nie,c,Podstawowy,2240
35,2,04.11.2021,13657,875,Tak,Tak,Nie,Nie,d,Rozszerzony,7660
37,2,04.11.2021,7316,722,Tak,Tak,Nie,Nie,c,Podstawowy,4230
38,2,04.11.2021,7351,621,Tak,Tak,Nie,Nie,d,Podstawowy,1090
39,2,04.11.2021,6835,769,Tak,Tak,Nie,Nie,a,Podstawowy,260
40,2,04.11.2021,5733,729,Tak,Tak,Nie,Nie,a,Podstawowy,180
42,2,04.11.2021,13024,1262,Tak,Tak,Nie,Nie,a,Rozszerzony,290
43,2,04.11.2021,9044,676,Tak,Tak,Nie,Nie,d,Podstawowy,4880
44,2,04.11.2021,7037,752,Tak,Tak,Nie,Nie,a,Podstawowy,540
45,2,04.11.2021,6259,428,Tak,Tak,Nie,Nie,d,Podstawowy,9710
47,2,04.11.2021,9036,1079,Tak,Tak,Nie,Nie,a,Rozszerzony,270
48,2,04.11.2021,4328,418,Tak,Tak,Nie,Nie,a,Podstawowy,1060
49,2,04.11.2021,7835,505,Tak,Tak,Nie,Nie,d,Rozszerzony,18010
50,2,04.11.2021,4855,380,Tak,Tak,Nie,Nie,d,Podstawowy,6260
1,1,03.11.2021,5857,625,Tak,Tak,Nie,Nie,c,Podstawowy,1270
2,1,03.11.2021,7549,783,Tak,Tak,Nie,Nie,a,Podstawowy,570
3,1,03.11.2021,10855,1005,Tak,Tak,Nie,Nie,a,Podstawowy,14130
4,1,03.11.2021,13095,1656,Tak,Tak,Nie,Nie,c,Rozszerzony,620
5,1,03.11.2021,8274,792,Tak,Tak,Nie,Nie,a,Podstawowy,29910
6,1,03.11.2021,7869,819,Tak,Tak,Nie,Nie,a,Podstawowy,310
7,1,03.11.2021,12623,1220,Tak,Tak,Nie,Nie,a,Rozszerzony,24000
8,1,03.11.2021,9844,1019,Tak,Tak,Nie,Nie,a,Podstawowy,7520
9,1,03.11.2021,11562,894,Tak,Tak,Nie,Nie,a,Rozszerzony,2030
10,1,03.11.2021,7438,709,Tak,Tak,Nie,Tak,a,Podstawowy,3160
11,1,03.11.2021,10344,1329,Tak,Tak,Nie,Nie,a,Rozszerzony,960
12,1,03.11.2021,11373,1172,Tak,Tak,Nie,Nie,a,Rozszerzony,1070
14,1,03.11.2021,7753,834,Tak,Tak,Nie,Nie,a,Podstawowy,1300
15,1,03.11.2021,8696,798,Tak,Tak,Nie,Nie,d,Rozszerzony,4110
16,1,03.11.2021,12427,1204,Tak,Tak,Nie,Nie,a,Rozszerzony,3270
17,1,03.11.2021,12062,1232,Tak,Tak,Nie,Nie,a,Podstawowy,50
18,1,03.11.2021,10101,958,Tak,Tak,Nie,Nie,d,Rozszerzony,13840
19,1,03.11.2021,12214,968,Tak,Tak,Nie,Nie,a,Rozszerzony,3240
21,1,03.11.2021,9777,748,Tak,Tak,Nie,Nie,c,Rozszerzony,550
23,1,03.11.2021,10067,745,Tak,Tak,Nie,Nie,d,Podstawowy,4060
24,1,03.11.2021,15372,1243,Tak,Tak,Nie,Nie,a,Rozszerzony,4590
25,1,03.11.2021,16941,2101,Tak,Tak,Nie,Nie,c,Podstawowy,430
26,1,03.11.2021,11422,809,Tak,Tak,Nie,Nie,d,Podstawowy,2300
27,1,03.11.2021,16745,1566,Tak,Tak,Nie,Nie,a,Podstawowy,60
28,1,03.11.2021,7046,712,Tak,Tak,Nie,Nie,a,Podstawowy,1200
29,1,03.11.2021,14427,1084,Tak,Tak,Nie,Nie,d,Rozszerzony,2170
30,1,03.11.2021,8271,1000,Tak,Tak,Nie,Nie,a,Podstawowy,40
31,1,03.11.2021,7849,695,Tak,Tak,Nie,Nie,d,Rozszerzony,9800
33,1,03.11.2021,13214,1159,Tak,Tak,Nie,Nie,a,Rozszerzony,1320
34,1,03.11.2021,10893,1221,Tak,Tak,Nie,Nie,c,Podstawowy,2240
35,1,03.11.2021,18583,1145,Tak,Tak,Nie,Nie,d,Rozszerzony,7660
37,1,03.11.2021,9338,844,Tak,Tak,Nie,Nie,c,Podstawowy,4230
38,1,03.11.2021,11037,830,Tak,Tak,Nie,Nie,d,Podstawowy,1090
39,1,03.11.2021,9316,1038,Tak,Tak,Nie,Nie,a,Podstawowy,260
40,1,03.11.2021,5632,701,Tak,Tak,Nie,Nie,a,Podstawowy,180
42,1,03.11.2021,15470,1482,Tak,Tak,Nie,Nie,a,Rozszerzony,290
43,1,03.11.2021,10995,838,Tak,Tak,Nie,Nie,d,Podstawowy,4880
44,1,03.11.2021,7632,848,Tak,Tak,Nie,Nie,a,Podstawowy,540
45,1,03.11.2021,8505,588,Tak,Tak,Nie,Nie,d,Podstawowy,9710
47,1,03.11.2021,9540,1113,Tak,Tak,Nie,Nie,a,Rozszerzony,270
48,1,03.11.2021,4953,520,Tak,Tak,Nie,Nie,a,Podstawowy,1060
49,1,03.11.2021,7780,554,Tak,Tak,Nie,Nie,d,Rozszerzony,18010
50,1,03.11.2021,7529,579,Tak,Tak,Nie,Nie,d,Podstawowy,6260
1,7,02.11.2021,0,0,Nie,Nie,Nie,Nie,c,Podstawowy,1270
2,7,02.11.2021,0,0,Nie,Nie,Nie,Nie,a,Podstawowy,570
3,7,02.11.2021,0,0,Nie,Nie,Nie,Nie,a,Podstawowy,14130
4,7,02.11.2021,0,0,Nie,Nie,Nie,Nie,c,Rozszerzony,620
5,7,02.11.2021,0,0,Nie,Nie,Nie,Nie,a,Podstawowy,29910
6,7,02.11.2021,0,0,Nie,Nie,Nie,Nie,a,Podstawowy,310
7,7,02.11.2021,0,0,Nie,Nie,Nie,Nie,a,Rozszerzony,24000
8,7,02.11.2021,0,0,Nie,Nie,Nie,Nie,a,Podstawowy,7520
9,7,02.11.2021,0,0,Nie,Nie,Nie,Nie,a,Rozszerzony,2030
10,7,02.11.2021,0,0,Nie,Nie,Nie,Nie,a,Podstawowy,3160
11,7,02.11.2021,0,0,Nie,Nie,Nie,Nie,a,Rozszerzony,960
12,7,02.11.2021,0,0,Nie,Nie,Nie,Nie,a,Rozszerzony,1070
14,7,02.11.2021,0,0,Nie,Nie,Nie,Nie,a,Podstawowy,1300
15,7,02.11.2021,0,0,Nie,Nie,Nie,Nie,d,Rozszerzony,4110
16,7,02.11.2021,0,0,Nie,Nie,Nie,Nie,a,Rozszerzony,3270
17,7,02.11.2021,0,0,Nie,Nie,Nie,Nie,a,Podstawowy,50
18,7,02.11.2021,0,0,Nie,Nie,Nie,Nie,d,Rozszerzony,13840
19,7,02.11.2021,0,0,Nie,Nie,Nie,Nie,a,Rozszerzony,3240
21,7,02.11.2021,0,0,Nie,Nie,Nie,Nie,c,Rozszerzony,550
23,7,02.11.2021,0,0,Nie,Nie,Nie,Nie,d,Podstawowy,4060
24,7,02.11.2021,0,0,Nie,Nie,Nie,Nie,a,Rozszerzony,4590
25,7,02.11.2021,0,0,Nie,Nie,Nie,Nie,c,Podstawowy,430
26,7,02.11.2021,0,0,Nie,Nie,Nie,Nie,d,Podstawowy,2300
27,7,02.11.2021,0,0,Nie,Nie,Nie,Nie,a,Podstawowy,60
28,7,02.11.2021,0,0,Nie,Nie,Nie,Nie,a,Podstawowy,1200
29,7,02.11.2021,0,0,Nie,Nie,Nie,Nie,d,Rozszerzony,2170
30,7,02.11.2021,0,0,Nie,Nie,Nie,Nie,a,Podstawowy,40
31,7,02.11.2021,0,0,Nie,Nie,Nie,Nie,d,Rozszerzony,9800
33,7,02.11.2021,0,0,Nie,Nie,Nie,Nie,a,Rozszerzony,1320
34,7,02.11.2021,0,0,Nie,Nie,Nie,Nie,c,Podstawowy,2240
35,7,02.11.2021,0,0,Nie,Nie,Nie,Nie,d,Rozszerzony,7660
37,7,02.11.2021,0,0,Nie,Nie,Nie,Nie,c,Podstawowy,4230
38,7,02.11.2021,0,0,Nie,Nie,Nie,Nie,d,Podstawowy,1090
39,7,02.11.2021,0,0,Nie,Nie,Nie,Nie,a,Podstawowy,260
40,7,02.11.2021,0,0,Nie,Nie,Nie,Nie,a,Podstawowy,180
42,7,02.11.2021,0,0,Nie,Nie,Nie,Nie,a,Rozszerzony,290
43,7,02.11.2021,0,0,Nie,Nie,Nie,Nie,d,Podstawowy,4880
44,7,02.11.2021,0,0,Nie,Nie,Nie,Nie,a,Podstawowy,540
45,7,02.11.2021,0,0,Nie,Nie,Nie,Nie,d,Podstawowy,9710
47,7,02.11.2021,0,0,Nie,Nie,Nie,Nie,a,Rozszerzony,270
48,7,02.11.2021,0,0,Nie,Nie,Nie,Nie,a,Podstawowy,1060
49,7,02.11.2021,0,0,Nie,Nie,Nie,Nie,d,Rozszerzony,18010
50,7,02.11.2021,0,0,Nie,Nie,Nie,Nie,d,Podstawowy,6260
1,6,01.11.2021,6532,731,Tak,Nie,Nie,Nie,c,Podstawowy,1270
2,6,01.11.2021,3305,448,Tak,Nie,Nie,Nie,a,Podstawowy,570
3,6,01.11.2021,0,0,Nie,Nie,Narodowe,Nie,a,Podstawowy,14130
4,6,01.11.2021,10834,1467,Tak,Nie,Nie,Nie,c,Rozszerzony,620
5,6,01.11.2021,2817,314,Tak,Nie,Nie,Nie,a,Podstawowy,29910
6,6,01.11.2021,3899,448,Tak,Nie,Nie,Nie,a,Podstawowy,310
7,6,01.11.2021,6093,656,Tak,Nie,Nie,Nie,a,Rozszerzony,24000
8,6,01.11.2021,3903,491,Tak,Nie,Nie,Nie,a,Podstawowy,7520
9,6,01.11.2021,0,0,Nie,Nie,Narodowe,Nie,a,Rozszerzony,2030
10,6,01.11.2021,4349,475,Tak,Nie,Nie,Nie,a,Podstawowy,3160
11,6,01.11.2021,7025,957,Tak,Nie,Nie,Nie,a,Rozszerzony,960
12,6,01.11.2021,6871,876,Tak,Nie,Nie,Nie,a,Rozszerzony,1070
14,6,01.11.2021,0,0,Nie,Nie,Narodowe,Nie,a,Podstawowy,1300
15,6,01.11.2021,5868,645,Tak,Nie,Nie,Nie,d,Rozszerzony,4110
16,6,01.11.2021,0,0,Nie,Nie,Narodowe,Nie,a,Rozszerzony,3270
17,6,01.11.2021,4348,572,Tak,Nie,Nie,Nie,a,Podstawowy,50
18,6,01.11.2021,6145,660,Tak,Nie,Nie,Nie,d,Rozszerzony,13840
19,6,01.11.2021,0,0,Nie,Nie,Narodowe,Nie,a,Rozszerzony,3240
21,6,01.11.2021,0,0,Nie,Nie,Narodowe,Nie,c,Rozszerzony,550
23,6,01.11.2021,0,0,Nie,Nie,Narodowe,Nie,d,Podstawowy,4060
24,6,01.11.2021,0,0,Nie,Nie,Narodowe,Nie,a,Rozszerzony,4590
25,6,01.11.2021,0,0,Nie,Nie,Narodowe,Nie,c,Podstawowy,430
26,6,01.11.2021,8332,709,Tak,Nie,Nie,Nie,d,Podstawowy,2300
27,6,01.11.2021,0,0,Nie,Nie,Narodowe,Nie,a,Podstawowy,60
28,6,01.11.2021,2289,306,Tak,Nie,Nie,Nie,a,Podstawowy,1200
29,6,01.11.2021,0,0,Nie,Nie,Narodowe,Nie,d,Rozszerzony,2170
30,6,01.11.2021,0,0,Nie,Nie,Narodowe,Nie,a,Podstawowy,40
31,6,01.11.2021,5812,614,Tak,Nie,Nie,Nie,d,Rozszerzony,9800
33,6,01.11.2021,0,0,Nie,Nie,Narodowe,Nie,a,Rozszerzony,1320
34,6,01.11.2021,8041,1001,Tak,Nie,Nie,Nie,c,Podstawowy,2240
35,6,01.11.2021,0,0,Nie,Nie,Narodowe,Nie,d,Rozszerzony,7660
37,6,01.11.2021,10120,1176,Tak,Nie,Nie,Nie,c,Podstawowy,4230
38,6,01.11.2021,0,0,Nie,Nie,Narodowe,Nie,d,Podstawowy,1090
39,6,01.11.2021,0,0,Nie,Nie,Narodowe,Nie,a,Podstawowy,260
40,6,01.11.2021,0,0,Nie,Nie,Narodowe,Nie,a,Podstawowy,180
42,6,01.11.2021,0,0,Nie,Nie,Narodowe,Nie,a,Rozszerzony,290
43,6,01.11.2021,0,0,Nie,Nie,Narodowe,Nie,d,Podstawowy,4880
44,6,01.11.2021,3886,475,Tak,Nie,Nie,Nie,a,Podstawowy,540
45,6,01.11.2021,0,0,Nie,Nie,Narodowe,Nie,d,Podstawowy,9710
47,6,01.11.2021,6300,877,Tak,Nie,Nie,Nie,a,Rozszerzony,270
48,6,01.11.2021,2787,299,Tak,Nie,Nie,Nie,a,Podstawowy,1060
49,6,01.11.2021,0,0,Nie,Nie,Narodowe,Nie,d,Rozszerzony,18010
50,6,01.11.2021,0,0,Nie,Nie,Narodowe,Nie,d,Podstawowy,6260
1,5,31.10.2021,4161,512,Tak,Nie,Nie,Tak,c,Podstawowy,1270
2,5,31.10.2021,0,0,Nie,Nie,Narodowe,Nie,a,Podstawowy,570
3,5,31.10.2021,6788,823,Tak,Nie,Nie,Nie,a,Podstawowy,14130
4,5,31.10.2021,9839,1453,Tak,Nie,Nie,Tak,c,Rozszerzony,620
5,5,31.10.2021,0,0,Nie,Nie,Narodowe,Tak,a,Podstawowy,29910
6,5,31.10.2021,0,0,Nie,Nie,Narodowe,Tak,a,Podstawowy,310
7,5,31.10.2021,10213,1111,Tak,Nie,Nie,Nie,a,Rozszerzony,24000
8,5,31.10.2021,6223,780,Tak,Nie,Nie,Nie,a,Podstawowy,7520
9,5,31.10.2021,8383,763,Tak,Nie,Nie,Nie,a,Rozszerzony,2030
10,5,31.10.2021,5597,553,Tak,Nie,Nie,Tak,a,Podstawowy,3160
11,5,31.10.2021,8357,1172,Tak,Nie,Nie,Nie,a,Rozszerzony,960
12,5,31.10.2021,7461,940,Tak,Nie,Nie,Nie,a,Rozszerzony,1070
14,5,31.10.2021,7017,855,Tak,Nie,Nie,Nie,a,Podstawowy,1300
15,5,31.10.2021,6718,706,Tak,Nie,Nie,Nie,d,Rozszerzony,4110
16,5,31.10.2021,8969,1031,Tak,Nie,Nie,Nie,a,Rozszerzony,3270
17,5,31.10.2021,0,0,Nie,Nie,Narodowe,Nie,a,Podstawowy,50
18,5,31.10.2021,0,0,Nie,Nie,Narodowe,Nie,d,Rozszerzony,13840
19,5,31.10.2021,7822,862,Tak,Nie,Nie,Nie,a,Rozszerzony,3240
21,5,31.10.2021,6233,662,Tak,Nie,Nie,Nie,c,Rozszerzony,550
23,5,31.10.2021,5864,591,Tak,Nie,Nie,Tak,d,Podstawowy,4060
24,5,31.10.2021,11551,1094,Tak,Nie,Nie,Nie,a,Rozszerzony,4590
25,5,31.10.2021,14107,1924,Tak,Nie,Nie,Nie,c,Podstawowy,430
26,5,31.10.2021,0,0,Nie,Nie,Narodowe,Nie,d,Podstawowy,2300
27,5,31.10.2021,10420,1232,Tak,Nie,Nie,Nie,a,Podstawowy,60
28,5,31.10.2021,0,0,Nie,Nie,Narodowe,Tak,a,Podstawowy,1200
29,5,31.10.2021,9941,880,Tak,Nie,Nie,Nie,d,Rozszerzony,2170
30,5,31.10.2021,4983,735,Tak,Nie,Nie,Nie,a,Podstawowy,40
31,5,31.10.2021,6650,667,Tak,Nie,Nie,Nie,d,Rozszerzony,9800
33,5,31.10.2021,10502,1048,Tak,Nie,Nie,Nie,a,Rozszerzony,1320
34,5,31.10.2021,8533,1027,Tak,Nie,Nie,Tak,c,Podstawowy,2240
35,5,31.10.2021,10751,835,Tak,Nie,Nie,Nie,d,Rozszerzony,7660
37,5,31.10.2021,0,0,Nie,Nie,Narodowe,Tak,c,Podstawowy,4230
38,5,31.10.2021,8021,700,Tak,Nie,Nie,Nie,d,Podstawowy,1090
39,5,31.10.2021,7119,893,Tak,Nie,Nie,Nie,a,Podstawowy,260
40,5,31.10.2021,5901,780,Tak,Nie,Nie,Nie,a,Podstawowy,180
42,5,31.10.2021,12408,1373,Tak,Nie,Nie,Nie,a,Rozszerzony,290
43,5,31.10.2021,7409,725,Tak,Nie,Nie,Nie,d,Podstawowy,4880
44,5,31.10.2021,5396,694,Tak,Nie,Nie,Tak,a,Podstawowy,540
45,5,31.10.2021,6648,559,Tak,Nie,Nie,Tak,d,Podstawowy,9710
47,5,31.10.2021,8454,1085,Tak,Nie,Nie,Nie,a,Rozszerzony,270
48,5,31.10.2021,4310,480,Tak,Nie,Nie,Nie,a,Podstawowy,1060
49,5,31.10.2021,9612,705,Tak,Nie,Nie,Nie,d,Rozszerzony,18010
50,5,31.10.2021,4615,427,Tak,Nie,Nie,Tak,d,Podstawowy,6260
1,4,30.10.2021,4042,492,Tak,Nie,Nie,Tak,c,Podstawowy,1270
2,4,30.10.2021,5394,653,Tak,Nie,Nie,Nie,a,Podstawowy,570
3,4,30.10.2021,5357,711,Tak,Nie,Nie,Nie,a,Podstawowy,14130
4,4,30.10.2021,9677,1337,Tak,Nie,Nie,Tak,c,Rozszerzony,620
5,4,30.10.2021,5141,633,Tak,Nie,Nie,Tak,a,Podstawowy,29910
6,4,30.10.2021,5656,660,Tak,Nie,Nie,Tak,a,Podstawowy,310
7,4,30.10.2021,8530,967,Tak,Nie,Nie,Nie,a,Rozszerzony,24000
8,4,30.10.2021,6677,838,Tak,Nie,Nie,Nie,a,Podstawowy,7520
9,4,30.10.2021,6034,597,Tak,Nie,Nie,Nie,a,Rozszerzony,2030
10,4,30.10.2021,5090,560,Tak,Nie,Nie,Tak,a,Podstawowy,3160
11,4,30.10.2021,7323,1043,Tak,Nie,Nie,Nie,a,Rozszerzony,960
12,4,30.10.2021,6674,874,Tak,Nie,Nie,Nie,a,Rozszerzony,1070
14,4,30.10.2021,5111,654,Tak,Nie,Nie,Nie,a,Podstawowy,1300
15,4,30.10.2021,6355,649,Tak,Nie,Nie,Nie,d,Rozszerzony,4110
16,4,30.10.2021,7122,847,Tak,Nie,Nie,Tak,a,Rozszerzony,3270
17,4,30.10.2021,6849,912,Tak,Nie,Nie,Nie,a,Podstawowy,50
18,4,30.10.2021,8910,927,Tak,Nie,Nie,Nie,d,Rozszerzony,13840
19,4,30.10.2021,7651,716,Tak,Nie,Nie,Nie,a,Rozszerzony,3240
21,4,30.10.2021,4784,442,Tak,Nie,Nie,Tak,c,Rozszerzony,550
23,4,30.10.2021,5440,485,Tak,Nie,Nie,Tak,d,Podstawowy,4060
24,4,30.10.2021,9403,821,Tak,Nie,Nie,Nie,a,Rozszerzony,4590
25,4,30.10.2021,11556,1663,Tak,Nie,Nie,Nie,c,Podstawowy,430
26,4,30.10.2021,7052,651,Tak,Nie,Nie,Nie,d,Podstawowy,2300
27,4,30.10.2021,7928,942,Tak,Nie,Nie,Nie,a,Podstawowy,60
28,4,30.10.2021,4003,492,Tak,Nie,Nie,Tak,a,Podstawowy,1200
29,4,30.10.2021,7319,635,Tak,Nie,Nie,Nie,d,Rozszerzony,2170
30,4,30.10.2021,4475,682,Tak,Nie,Nie,Nie,a,Podstawowy,40
31,4,30.10.2021,5326,581,Tak,Nie,Nie,Nie,d,Rozszerzony,9800
33,4,30.10.2021,8084,824,Tak,Nie,Nie,Nie,a,Rozszerzony,1320
34,4,30.10.2021,6318,853,Tak,Nie,Nie,Tak,c,Podstawowy,2240
35,4,30.10.2021,8482,694,Tak,Nie,Nie,Nie,d,Rozszerzony,7660
37,4,30.10.2021,7485,903,Tak,Nie,Nie,Tak,c,Podstawowy,4230
38,4,30.10.2021,5087,487,Tak,Nie,Nie,Nie,d,Podstawowy,1090
39,4,30.10.2021,5586,699,Tak,Nie,Nie,Nie,a,Podstawowy,260
40,4,30.10.2021,5573,727,Tak,Nie,Nie,Nie,a,Podstawowy,180
42,4,30.10.2021,9384,1130,Tak,Nie,Nie,Nie,a,Rozszerzony,290
43,4,30.10.2021,5712,593,Tak,Nie,Nie,Nie,d,Podstawowy,4880
44,4,30.10.2021,4828,574,Tak,Nie,Nie,Tak,a,Podstawowy,540
45,4,30.10.2021,4489,400,Tak,Nie,Nie,Tak,d,Podstawowy,9710
47,4,30.10.2021,7103,903,Tak,Nie,Nie,Nie,a,Rozszerzony,270
48,4,30.10.2021,3464,405,Tak,Nie,Nie,Nie,a,Podstawowy,1060
49,4,30.10.2021,6811,497,Tak,Nie,Nie,Tak,d,Rozszerzony,18010
50,4,30.10.2021,3311,310,Tak,Nie,Nie,Tak,d,Podstawowy,6260
1,3,29.10.2021,3761,449,Tak,Nie,Nie,Tak,c,Podstawowy,1270
2,3,29.10.2021,4986,668,Tak,Nie,Nie,Nie,a,Podstawowy,570
3,3,29.10.2021,4716,597,Tak,Nie,Nie,Nie,a,Podstawowy,14130
4,3,29.10.2021,7810,1144,Tak,Nie,Nie,Tak,c,Rozszerzony,620
5,3,29.10.2021,3944,546,Tak,Nie,Nie,Tak,a,Podstawowy,29910
6,3,29.10.2021,4411,554,Tak,Nie,Nie,Tak,a,Podstawowy,310
7,3,29.10.2021,6747,729,Tak,Nie,Nie,Nie,a,Rozszerzony,24000
8,3,29.10.2021,5042,612,Tak,Nie,Nie,Nie,a,Podstawowy,7520
9,3,29.10.2021,5615,513,Tak,Nie,Nie,Nie,a,Rozszerzony,2030
10,3,29.10.2021,4402,493,Tak,Nie,Nie,Tak,a,Podstawowy,3160
11,3,29.10.2021,7136,1054,Tak,Nie,Nie,Nie,a,Rozszerzony,960
12,3,29.10.2021,6156,778,Tak,Nie,Nie,Nie,a,Rozszerzony,1070
14,3,29.10.2021,4409,549,Tak,Nie,Nie,Nie,a,Podstawowy,1300
15,3,29.10.2021,5538,578,Tak,Nie,Nie,Nie,d,Rozszerzony,4110
16,3,29.10.2021,7011,839,Tak,Nie,Nie,Tak,a,Rozszerzony,3270
17,3,29.10.2021,5394,755,Tak,Nie,Nie,Nie,a,Podstawowy,50
18,3,29.10.2021,6084,732,Tak,Nie,Nie,Nie,d,Rozszerzony,13840
19,3,29.10.2021,5179,576,Tak,Nie,Nie,Nie,a,Rozszerzony,3240
21,3,29.10.2021,3179,348,Tak,Nie,Nie,Tak,c,Rozszerzony,550
23,3,29.10.2021,3838,404,Tak,Nie,Nie,Tak,d,Podstawowy,4060
24,3,29.10.2021,7726,721,Tak,Nie,Nie,Nie,a,Rozszerzony,4590
25,3,29.10.2021,8312,1275,Tak,Nie,Nie,Nie,c,Podstawowy,430
26,3,29.10.2021,4997,465,Tak,Nie,Nie,Nie,d,Podstawowy,2300
27,3,29.10.2021,5955,786,Tak,Nie,Nie,Nie,a,Podstawowy,60
28,3,29.10.2021,2976,402,Tak,Nie,Nie,Tak,a,Podstawowy,1200
29,3,29.10.2021,5445,532,Tak,Nie,Nie,Nie,d,Rozszerzony,2170
30,3,29.10.2021,3407,526,Tak,Nie,Nie,Nie,a,Podstawowy,40
31,3,29.10.2021,4865,505,Tak,Nie,Nie,Nie,d,Rozszerzony,9800
33,3,29.10.2021,6328,693,Tak,Nie,Nie,Nie,a,Rozszerzony,1320
34,3,29.10.2021,6423,895,Tak,Nie,Nie,Tak,c,Podstawowy,2240
35,3,29.10.2021,6751,570,Tak,Nie,Nie,Nie,d,Rozszerzony,7660
37,3,29.10.2021,5259,617,Tak,Nie,Nie,Tak,c,Podstawowy,4230
38,3,29.10.2021,4397,410,Tak,Nie,Nie,Nie,d,Podstawowy,1090
39,3,29.10.2021,3937,584,Tak,Nie,Nie,Nie,a,Podstawowy,260
40,3,29.10.2021,4063,590,Tak,Nie,Nie,Nie,a,Podstawowy,180
42,3,29.10.2021,8767,1031,Tak,Nie,Nie,Nie,a,Rozszerzony,290
43,3,29.10.2021,4813,502,Tak,Nie,Nie,Nie,d,Podstawowy,4880
44,3,29.10.2021,4513,599,Tak,Nie,Nie,Tak,a,Podstawowy,540
45,3,29.10.2021,3614,306,Tak,Nie,Nie,Tak,d,Podstawowy,9710
47,3,29.10.2021,5901,838,Tak,Nie,Nie,Nie,a,Rozszerzony,270
48,3,29.10.2021,2706,346,Tak,Nie,Nie,Nie,a,Podstawowy,1060
49,3,29.10.2021,6274,461,Tak,Nie,Nie,Tak,d,Rozszerzony,18010
50,3,29.10.2021,3123,282,Tak,Nie,Nie,Tak,d,Podstawowy,6260
1,2,28.10.2021,3364,439,Tak,Nie,Nie,Tak,c,Podstawowy,1270
2,2,28.10.2021,3849,523,Tak,Nie,Nie,Nie,a,Podstawowy,570
3,2,28.10.2021,4745,636,Tak,Nie,Nie,Nie,a,Podstawowy,14130
4,2,28.10.2021,7543,1134,Tak,Nie,Nie,Tak,c,Rozszerzony,620
5,2,28.10.2021,3504,458,Tak,Nie,Nie,Tak,a,Podstawowy,29910
6,2,28.10.2021,4225,517,Tak,Nie,Nie,Tak,a,Podstawowy,310
7,2,28.10.2021,7681,897,Tak,Nie,Nie,Nie,a,Rozszerzony,24000
8,2,28.10.2021,5477,717,Tak,Nie,Nie,Nie,a,Podstawowy,7520
9,2,28.10.2021,5272,533,Tak,Nie,Nie,Nie,a,Rozszerzony,2030
10,2,28.10.2021,4910,528,Tak,Nie,Nie,Tak,a,Podstawowy,3160
11,2,28.10.2021,6191,995,Tak,Nie,Nie,Nie,a,Rozszerzony,960
12,2,28.10.2021,6506,826,Tak,Nie,Nie,Nie,a,Rozszerzony,1070
14,2,28.10.2021,4548,598,Tak,Nie,Nie,Nie,a,Podstawowy,1300
15,2,28.10.2021,4989,538,Tak,Nie,Nie,Nie,d,Rozszerzony,4110
16,2,28.10.2021,7421,880,Tak,Nie,Nie,Tak,a,Rozszerzony,3270
17,2,28.10.2021,5598,783,Tak,Nie,Nie,Nie,a,Podstawowy,50
18,2,28.10.2021,5613,617,Tak,Nie,Nie,Nie,d,Rozszerzony,13840
19,2,28.10.2021,5577,587,Tak,Nie,Nie,Nie,a,Rozszerzony,3240
21,2,28.10.2021,4019,394,Tak,Nie,Nie,Tak,c,Rozszerzony,550
23,2,28.10.2021,3559,362,Tak,Nie,Nie,Tak,d,Podstawowy,4060
24,2,28.10.2021,6531,673,Tak,Nie,Nie,Nie,a,Rozszerzony,4590
25,2,28.10.2021,9082,1430,Tak,Nie,Nie,Nie,c,Podstawowy,430
26,2,28.10.2021,4743,431,Tak,Nie,Nie,Nie,d,Podstawowy,2300
27,2,28.10.2021,6535,946,Tak,Nie,Nie,Nie,a,Podstawowy,60
28,2,28.10.2021,3132,422,Tak,Nie,Nie,Tak,a,Podstawowy,1200
29,2,28.10.2021,5477,583,Tak,Nie,Nie,Nie,d,Rozszerzony,2170
30,2,28.10.2021,3805,635,Tak,Nie,Nie,Nie,a,Podstawowy,40
31,2,28.10.2021,4861,503,Tak,Nie,Nie,Nie,d,Rozszerzony,9800
33,2,28.10.2021,6326,732,Tak,Nie,Nie,Nie,a,Rozszerzony,1320
34,2,28.10.2021,6439,900,Tak,Nie,Nie,Tak,c,Podstawowy,2240
35,2,28.10.2021,7002,599,Tak,Nie,Nie,Nie,d,Rozszerzony,7660
37,2,28.10.2021,4717,579,Tak,Nie,Nie,Tak,c,Podstawowy,4230
38,2,28.10.2021,4323,392,Tak,Nie,Nie,Nie,d,Podstawowy,1090
39,2,28.10.2021,3479,496,Tak,Nie,Nie,Nie,a,Podstawowy,260
40,2,28.10.2021,5065,713,Tak,Nie,Nie,Nie,a,Podstawowy,180
42,2,28.10.2021,8791,1020,Tak,Nie,Nie,Nie,a,Rozszerzony,290
43,2,28.10.2021,5262,545,Tak,Nie,Nie,Nie,d,Podstawowy,4880
44,2,28.10.2021,4082,591,Tak,Nie,Nie,Tak,a,Podstawowy,540
45,2,28.10.2021,3286,302,Tak,Nie,Nie,Tak,d,Podstawowy,9710
47,2,28.10.2021,6589,893,Tak,Nie,Nie,Nie,a,Rozszerzony,270
48,2,28.10.2021,3143,357,Tak,Nie,Nie,Nie,a,Podstawowy,1060
49,2,28.10.2021,5289,421,Tak,Nie,Nie,Tak,d,Rozszerzony,18010
50,2,28.10.2021,2421,260,Tak,Nie,Nie,Tak,d,Podstawowy,6260
1,1,27.10.2021,4260,475,Tak,Nie,Nie,Tak,c,Podstawowy,1270
2,1,27.10.2021,4296,573,Tak,Nie,Nie,Nie,a,Podstawowy,570
3,1,27.10.2021,4848,684,Tak,Nie,Nie,Nie,a,Podstawowy,14130
4,1,27.10.2021,9172,1286,Tak,Nie,Nie,Tak,c,Rozszerzony,620
5,1,27.10.2021,3687,491,Tak,Nie,Nie,Tak,a,Podstawowy,29910
6,1,27.10.2021,4200,551,Tak,Nie,Nie,Tak,a,Podstawowy,310
7,1,27.10.2021,7226,942,Tak,Nie,Nie,Nie,a,Rozszerzony,24000
8,1,27.10.2021,5067,740,Tak,Nie,Nie,Nie,a,Podstawowy,7520
9,1,27.10.2021,5824,606,Tak,Nie,Nie,Nie,a,Rozszerzony,2030
10,1,27.10.2021,4800,584,Tak,Nie,Nie,Tak,a,Podstawowy,3160
11,1,27.10.2021,6332,1017,Tak,Nie,Nie,Nie,a,Rozszerzony,960
12,1,27.10.2021,7311,896,Tak,Nie,Nie,Nie,a,Rozszerzony,1070
14,1,27.10.2021,5093,704,Tak,Nie,Nie,Nie,a,Podstawowy,1300
15,1,27.10.2021,5669,616,Tak,Nie,Nie,Nie,d,Rozszerzony,4110
16,1,27.10.2021,8066,898,Tak,Nie,Nie,Tak,a,Rozszerzony,3270
17,1,27.10.2021,5109,778,Tak,Nie,Nie,Nie,a,Podstawowy,50
18,1,27.10.2021,6195,716,Tak,Nie,Nie,Nie,d,Rozszerzony,13840
19,1,27.10.2021,5093,592,Tak,Nie,Nie,Nie,a,Rozszerzony,3240
21,1,27.10.2021,3844,415,Tak,Nie,Nie,Tak,c,Rozszerzony,550
23,1,27.10.2021,3687,378,Tak,Nie,Nie,Tak,d,Podstawowy,4060
24,1,27.10.2021,7927,762,Tak,Nie,Nie,Nie,a,Rozszerzony,4590
25,1,27.10.2021,9500,1467,Tak,Nie,Nie,Nie,c,Podstawowy,430
26,1,27.10.2021,4791,449,Tak,Nie,Nie,Nie,d,Podstawowy,2300
27,1,27.10.2021,6862,950,Tak,Nie,Nie,Nie,a,Podstawowy,60
28,1,27.10.2021,2637,358,Tak,Nie,Nie,Tak,a,Podstawowy,1200
29,1,27.10.2021,5889,573,Tak,Nie,Nie,Nie,d,Rozszerzony,2170
30,1,27.10.2021,3264,548,Tak,Nie,Nie,Nie,a,Podstawowy,40
31,1,27.10.2021,4833,523,Tak,Nie,Nie,Nie,d,Rozszerzony,9800
33,1,27.10.2021,7152,786,Tak,Nie,Nie,Nie,a,Rozszerzony,1320
34,1,27.10.2021,6941,969,Tak,Nie,Nie,Tak,c,Podstawowy,2240
35,1,27.10.2021,7863,660,Tak,Nie,Nie,Nie,d,Rozszerzony,7660
37,1,27.10.2021,4992,623,Tak,Nie,Nie,Tak,c,Podstawowy,4230
38,1,27.10.2021,4035,426,Tak,Nie,Nie,Nie,d,Podstawowy,1090
39,1,27.10.2021,3975,583,Tak,Nie,Nie,Nie,a,Podstawowy,260
40,1,27.10.2021,4718,645,Tak,Nie,Nie,Nie,a,Podstawowy,180
42,1,27.10.2021,8537,1071,Tak,Nie,Nie,Nie,a,Rozszerzony,290
43,1,27.10.2021,5164,545,Tak,Nie,Nie,Nie,d,Podstawowy,4880
44,1,27.10.2021,4565,619,Tak,Nie,Nie,Tak,a,Podstawowy,540
45,1,27.10.2021,4268,387,Tak,Nie,Nie,Tak,d,Podstawowy,9710
47,1,27.10.2021,6434,941,Tak,Nie,Nie,Nie,a,Rozszerzony,270
48,1,27.10.2021,3511,390,Tak,Nie,Nie,Nie,a,Podstawowy,1060
49,1,27.10.2021,6208,454,Tak,Nie,Nie,Tak,d,Rozszerzony,18010
50,1,27.10.2021,2790,285,Tak,Nie,Nie,Tak,d,Podstawowy,6260
1,7,26.10.2021,0,0,Nie,Nie,Nie,Tak,c,Podstawowy,1270
2,7,26.10.2021,0,0,Nie,Nie,Nie,Nie,a,Podstawowy,570
3,7,26.10.2021,0,0,Nie,Nie,Nie,Nie,a,Podstawowy,14130
4,7,26.10.2021,0,0,Nie,Nie,Nie,Nie,c,Rozszerzony,620
5,7,26.10.2021,0,0,Nie,Nie,Nie,Nie,a,Podstawowy,29910
6,7,26.10.2021,0,0,Nie,Nie,Nie,Nie,a,Podstawowy,310
7,7,26.10.2021,0,0,Nie,Nie,Nie,Nie,a,Rozszerzony,24000
8,7,26.10.2021,0,0,Nie,Nie,Nie,Nie,a,Podstawowy,7520
9,7,26.10.2021,0,0,Nie,Nie,Nie,Nie,a,Rozszerzony,2030
10,7,26.10.2021,0,0,Nie,Nie,Nie,Nie,a,Podstawowy,3160
11,7,26.10.2021,0,0,Nie,Nie,Nie,Nie,a,Rozszerzony,960
12,7,26.10.2021,0,0,Nie,Nie,Nie,Nie,a,Rozszerzony,1070
14,7,26.10.2021,0,0,Nie,Nie,Nie,Nie,a,Podstawowy,1300
15,7,26.10.2021,0,0,Nie,Nie,Nie,Nie,d,Rozszerzony,4110
16,7,26.10.2021,0,0,Nie,Nie,Nie,Nie,a,Rozszerzony,3270
17,7,26.10.2021,0,0,Nie,Nie,Nie,Nie,a,Podstawowy,50
18,7,26.10.2021,0,0,Nie,Nie,Nie,Nie,d,Rozszerzony,13840
19,7,26.10.2021,0,0,Nie,Nie,Nie,Nie,a,Rozszerzony,3240
21,7,26.10.2021,0,0,Nie,Nie,Nie,Nie,c,Rozszerzony,550
23,7,26.10.2021,0,0,Nie,Nie,Nie,Nie,d,Podstawowy,4060
24,7,26.10.2021,0,0,Nie,Nie,Nie,Nie,a,Rozszerzony,4590
25,7,26.10.2021,0,0,Nie,Nie,Nie,Nie,c,Podstawowy,430
26,7,26.10.2021,0,0,Nie,Nie,Nie,Nie,d,Podstawowy,2300
27,7,26.10.2021,0,0,Nie,Nie,Nie,Nie,a,Podstawowy,60
28,7,26.10.2021,0,0,Nie,Nie,Nie,Nie,a,Podstawowy,1200
29,7,26.10.2021,0,0,Nie,Nie,Nie,Nie,d,Rozszerzony,2170
30,7,26.10.2021,0,0,Nie,Nie,Nie,Nie,a,Podstawowy,40
31,7,26.10.2021,0,0,Nie,Nie,Nie,Nie,d,Rozszerzony,9800
33,7,26.10.2021,0,0,Nie,Nie,Nie,Nie,a,Rozszerzony,1320
34,7,26.10.2021,0,0,Nie,Nie,Nie,Nie,c,Podstawowy,2240
35,7,26.10.2021,0,0,Nie,Nie,Nie,Nie,d,Rozszerzony,7660
37,7,26.10.2021,0,0,Nie,Nie,Nie,Nie,c,Podstawowy,4230
38,7,26.10.2021,0,0,Nie,Nie,Nie,Nie,d,Podstawowy,1090
39,7,26.10.2021,0,0,Nie,Nie,Nie,Nie,a,Podstawowy,260
40,7,26.10.2021,0,0,Nie,Nie,Nie,Nie,a,Podstawowy,180
42,7,26.10.2021,0,0,Nie,Nie,Nie,Nie,a,Rozszerzony,290
43,7,26.10.2021,0,0,Nie,Nie,Nie,Nie,d,Podstawowy,4880
44,7,26.10.2021,0,0,Nie,Nie,Nie,Nie,a,Podstawowy,540
45,7,26.10.2021,0,0,Nie,Nie,Nie,Nie,d,Podstawowy,9710
47,7,26.10.2021,0,0,Nie,Nie,Nie,Nie,a,Rozszerzony,270
48,7,26.10.2021,0,0,Nie,Nie,Nie,Nie,a,Podstawowy,1060
49,7,26.10.2021,0,0,Nie,Nie,Nie,Nie,d,Rozszerzony,18010
50,7,26.10.2021,0,0,Nie,Nie,Nie,Nie,d,Podstawowy,6260
1,6,25.10.2021,4596,539,Tak,Nie,Nie,Tak,c,Podstawowy,1270
2,6,25.10.2021,2542,331,Tak,Nie,Nie,Nie,a,Podstawowy,570
3,6,25.10.2021,3266,421,Tak,Nie,Nie,Nie,a,Podstawowy,14130
4,6,25.10.2021,9414,1329,Tak,Nie,Nie,Nie,c,Rozszerzony,620
5,6,25.10.2021,1697,205,Tak,Nie,Nie,Nie,a,Podstawowy,29910
6,6,25.10.2021,2861,346,Tak,Nie,Nie,Nie,a,Podstawowy,310
7,6,25.10.2021,5106,525,Tak,Nie,Nie,Nie,a,Rozszerzony,24000
8,6,25.10.2021,3128,443,Tak,Nie,Nie,Nie,a,Podstawowy,7520
9,6,25.10.2021,5969,541,Tak,Nie,Nie,Nie,a,Rozszerzony,2030
10,6,25.10.2021,5062,512,Tak,Nie,Nie,Nie,a,Podstawowy,3160
11,6,25.10.2021,4909,689,Tak,Nie,Nie,Nie,a,Rozszerzony,960
12,6,25.10.2021,6150,743,Tak,Nie,Nie,Nie,a,Rozszerzony,1070
14,6,25.10.2021,3413,383,Tak,Nie,Nie,Nie,a,Podstawowy,1300
15,6,25.10.2021,4421,567,Tak,Nie,Nie,Nie,d,Rozszerzony,4110
16,6,25.10.2021,5039,544,Tak,Nie,Nie,Nie,a,Rozszerzony,3270
17,6,25.10.2021,2973,399,Tak,Nie,Nie,Nie,a,Podstawowy,50
18,6,25.10.2021,4710,507,Tak,Nie,Nie,Nie,d,Rozszerzony,13840
19,6,25.10.2021,3436,396,Tak,Nie,Nie,Nie,a,Rozszerzony,3240
21,6,25.10.2021,4874,489,Tak,Nie,Nie,Nie,c,Rozszerzony,550
23,6,25.10.2021,3691,397,Tak,Nie,Nie,Nie,d,Podstawowy,4060
24,6,25.10.2021,6213,618,Tak,Nie,Nie,Nie,a,Rozszerzony,4590
25,6,25.10.2021,7455,1182,Tak,Nie,Nie,Nie,c,Podstawowy,430
26,6,25.10.2021,5211,540,Tak,Nie,Nie,Nie,d,Podstawowy,2300
27,6,25.10.2021,5990,772,Tak,Nie,Nie,Nie,a,Podstawowy,60
28,6,25.10.2021,1521,200,Tak,Nie,Nie,Nie,a,Podstawowy,1200
29,6,25.10.2021,7462,700,Tak,Nie,Nie,Nie,d,Rozszerzony,2170
30,6,25.10.2021,3526,637,Tak,Nie,Nie,Nie,a,Podstawowy,40
31,6,25.10.2021,5197,542,Tak,Nie,Nie,Nie,d,Rozszerzony,9800
33,6,25.10.2021,8287,842,Tak,Nie,Nie,Nie,a,Rozszerzony,1320
34,6,25.10.2021,7360,905,Tak,Nie,Nie,Nie,c,Podstawowy,2240
35,6,25.10.2021,7554,636,Tak,Nie,Nie,Nie,d,Rozszerzony,7660
37,6,25.10.2021,7595,935,Tak,Nie,Nie,Nie,c,Podstawowy,4230
38,6,25.10.2021,5324,532,Tak,Nie,Nie,Nie,d,Podstawowy,1090
39,6,25.10.2021,2631,390,Tak,Nie,Nie,Nie,a,Podstawowy,260
40,6,25.10.2021,5634,806,Tak,Nie,Nie,Nie,a,Podstawowy,180
42,6,25.10.2021,7551,907,Tak,Nie,Nie,Nie,a,Rozszerzony,290
43,6,25.10.2021,4086,402,Tak,Nie,Nie,Nie,d,Podstawowy,4880
44,6,25.10.2021,3667,491,Tak,Nie,Nie,Nie,a,Podstawowy,540
45,6,25.10.2021,5109,436,Tak,Nie,Nie,Nie,d,Podstawowy,9710
47,6,25.10.2021,5399,721,Tak,Nie,Nie,Nie,a,Rozszerzony,270
48,6,25.10.2021,2561,285,Tak,Nie,Nie,Nie,a,Podstawowy,1060
49,6,25.10.2021,6942,571,Tak,Nie,Nie,Nie,d,Rozszerzony,18010
50,6,25.10.2021,3752,362,Tak,Nie,Nie,Nie,d,Podstawowy,6260
1,5,24.10.2021,4196,495,Tak,Tak,Nie,Tak,c,Podstawowy,1270
2,5,24.10.2021,5096,578,Tak,Tak,Nie,Nie,a,Podstawowy,570
3,5,24.10.2021,6251,757,Tak,Tak,Nie,Nie,a,Podstawowy,14130
4,5,24.10.2021,9016,1248,Tak,Tak,Nie,Tak,c,Rozszerzony,620
5,5,24.10.2021,4878,581,Tak,Tak,Nie,Tak,a,Podstawowy,29910
6,5,24.10.2021,4848,618,Tak,Tak,Nie,Tak,a,Podstawowy,310
7,5,24.10.2021,8601,968,Tak,Tak,Nie,Tak,a,Rozszerzony,24000
8,5,24.10.2021,6330,684,Tak,Tak,Nie,Tak,a,Podstawowy,7520
9,5,24.10.2021,6881,609,Tak,Tak,Nie,Nie,a,Rozszerzony,2030
10,5,24.10.2021,6059,672,Tak,Tak,Nie,Nie,a,Podstawowy,3160
11,5,24.10.2021,6829,933,Tak,Tak,Nie,Tak,a,Rozszerzony,960
12,5,24.10.2021,7713,900,Tak,Tak,Nie,Tak,a,Rozszerzony,1070
14,5,24.10.2021,5372,698,Tak,Tak,Nie,Nie,a,Podstawowy,1300
15,5,24.10.2021,6839,668,Tak,Tak,Nie,Tak,d,Rozszerzony,4110
16,5,24.10.2021,8338,923,Tak,Tak,Nie,Nie,a,Rozszerzony,3270
17,5,24.10.2021,7066,889,Tak,Tak,Nie,Nie,a,Podstawowy,50
18,5,24.10.2021,7529,796,Tak,Tak,Nie,Nie,d,Rozszerzony,13840
19,5,24.10.2021,6947,691,Tak,Tak,Nie,Nie,a,Rozszerzony,3240
21,5,24.10.2021,5932,534,Tak,Tak,Nie,Nie,c,Rozszerzony,550
23,5,24.10.2021,4548,446,Tak,Tak,Nie,Tak,d,Podstawowy,4060
24,5,24.10.2021,9166,854,Tak,Tak,Nie,Nie,a,Rozszerzony,4590
25,5,24.10.2021,9591,1406,Tak,Tak,Nie,Nie,c,Podstawowy,430
26,5,24.10.2021,7231,572,Tak,Tak,Nie,Nie,d,Podstawowy,2300
27,5,24.10.2021,8982,1031,Tak,Tak,Nie,Nie,a,Podstawowy,60
28,5,24.10.2021,3576,466,Tak,Tak,Nie,Nie,a,Podstawowy,1200
29,5,24.10.2021,7733,740,Tak,Tak,Nie,Nie,d,Rozszerzony,2170
30,5,24.10.2021,4315,674,Tak,Tak,Nie,Nie,a,Podstawowy,40
31,5,24.10.2021,6321,630,Tak,Tak,Nie,Tak,d,Rozszerzony,9800
33,5,24.10.2021,7873,854,Tak,Tak,Nie,Nie,a,Rozszerzony,1320
34,5,24.10.2021,7505,956,Tak,Tak,Nie,Tak,c,Podstawowy,2240
35,5,24.10.2021,9695,759,Tak,Tak,Nie,Nie,d,Rozszerzony,7660
37,5,24.10.2021,7241,871,Tak,Tak,Nie,Nie,c,Podstawowy,4230
38,5,24.10.2021,6222,552,Tak,Tak,Nie,Nie,d,Podstawowy,1090
39,5,24.10.2021,4238,591,Tak,Tak,Nie,Nie,a,Podstawowy,260
40,5,24.10.2021,5160,719,Tak,Tak,Nie,Nie,a,Podstawowy,180
42,5,24.10.2021,10384,1131,Tak,Tak,Nie,Nie,a,Rozszerzony,290
43,5,24.10.2021,8006,678,Tak,Tak,Nie,Nie,d,Podstawowy,4880
44,5,24.10.2021,5852,689,Tak,Tak,Nie,Tak,a,Podstawowy,540
45,5,24.10.2021,4870,390,Tak,Tak,Nie,Tak,d,Podstawowy,9710
47,5,24.10.2021,7339,923,Tak,Tak,Nie,Tak,a,Rozszerzony,270
48,5,24.10.2021,4132,411,Tak,Tak,Nie,Tak,a,Podstawowy,1060
49,5,24.10.2021,7643,560,Tak,Tak,Nie,Nie,d,Rozszerzony,18010
50,5,24.10.2021,4233,376,Tak,Tak,Nie,Tak,d,Podstawowy,6260
1,4,23.10.2021,4466,476,Tak,Tak,Nie,Tak,c,Podstawowy,1270
2,4,23.10.2021,5729,628,Tak,Tak,Nie,Nie,a,Podstawowy,570
3,4,23.10.2021,7177,788,Tak,Tak,Nie,Nie,a,Podstawowy,14130
4,4,23.10.2021,9364,1278,Tak,Tak,Nie,Tak,c,Rozszerzony,620
5,4,23.10.2021,4179,488,Tak,Tak,Nie,Tak,a,Podstawowy,29910
6,4,23.10.2021,4679,591,Tak,Tak,Nie,Tak,a,Podstawowy,310
7,4,23.10.2021,7376,852,Tak,Tak,Nie,Tak,a,Rozszerzony,24000
8,4,23.10.2021,6936,888,Tak,Tak,Nie,Tak,a,Podstawowy,7520
9,4,23.10.2021,6343,591,Tak,Tak,Nie,Nie,a,Rozszerzony,2030
10,4,23.10.2021,5836,641,Tak,Tak,Nie,Nie,a,Podstawowy,3160
11,4,23.10.2021,7323,1043,Tak,Tak,Nie,Tak,a,Rozszerzony,960
12,4,23.10.2021,7553,898,Tak,Tak,Nie,Tak,a,Rozszerzony,1070
14,4,23.10.2021,5598,654,Tak,Tak,Nie,Nie,a,Podstawowy,1300
15,4,23.10.2021,6355,659,Tak,Tak,Nie,Tak,d,Rozszerzony,4110
16,4,23.10.2021,7258,862,Tak,Tak,Nie,Nie,a,Rozszerzony,3270
17,4,23.10.2021,7627,928,Tak,Tak,Nie,Nie,a,Podstawowy,50
18,4,23.10.2021,6630,706,Tak,Tak,Nie,Nie,d,Rozszerzony,13840
19,4,23.10.2021,6523,641,Tak,Tak,Nie,Nie,a,Rozszerzony,3240
21,4,23.10.2021,5697,518,Tak,Tak,Nie,Nie,c,Rozszerzony,550
23,4,23.10.2021,5638,526,Tak,Tak,Nie,Tak,d,Podstawowy,4060
24,4,23.10.2021,9336,829,Tak,Tak,Nie,Nie,a,Rozszerzony,4590
25,4,23.10.2021,10529,1571,Tak,Tak,Nie,Nie,c,Podstawowy,430
26,4,23.10.2021,7454,591,Tak,Tak,Nie,Nie,d,Podstawowy,2300
27,4,23.10.2021,9922,1078,Tak,Tak,Nie,Nie,a,Podstawowy,60
28,4,23.10.2021,3887,485,Tak,Tak,Nie,Nie,a,Podstawowy,1200
29,4,23.10.2021,7147,684,Tak,Tak,Nie,Nie,d,Rozszerzony,2170
30,4,23.10.2021,5506,807,Tak,Tak,Nie,Nie,a,Podstawowy,40
31,4,23.10.2021,4693,495,Tak,Tak,Nie,Tak,d,Rozszerzony,9800
33,4,23.10.2021,7365,767,Tak,Tak,Nie,Nie,a,Rozszerzony,1320
34,4,23.10.2021,7949,1005,Tak,Tak,Nie,Tak,c,Podstawowy,2240
35,4,23.10.2021,10015,780,Tak,Tak,Nie,Nie,d,Rozszerzony,7660
37,4,23.10.2021,7000,808,Tak,Tak,Nie,Nie,c,Podstawowy,4230
38,4,23.10.2021,4991,510,Tak,Tak,Nie,Nie,d,Podstawowy,1090
39,4,23.10.2021,4990,627,Tak,Tak,Nie,Nie,a,Podstawowy,260
40,4,23.10.2021,5384,794,Tak,Tak,Nie,Nie,a,Podstawowy,180
42,4,23.10.2021,10814,1136,Tak,Tak,Nie,Nie,a,Rozszerzony,290
43,4,23.10.2021,7084,641,Tak,Tak,Nie,Nie,d,Podstawowy,4880
44,4,23.10.2021,5314,684,Tak,Tak,Nie,Tak,a,Podstawowy,540
45,4,23.10.2021,5527,426,Tak,Tak,Nie,Tak,d,Podstawowy,9710
47,4,23.10.2021,7280,903,Tak,Tak,Nie,Tak,a,Rozszerzony,270
48,4,23.10.2021,3531,395,Tak,Tak,Nie,Tak,a,Podstawowy,1060
49,4,23.10.2021,5842,496,Tak,Tak,Nie,Nie,d,Rozszerzony,18010
50,4,23.10.2021,3881,356,Tak,Tak,Nie,Tak,d,Podstawowy,6260
1,3,22.10.2021,4868,566,Tak,Tak,Nie,Tak,c,Podstawowy,1270
2,3,22.10.2021,5261,600,Tak,Tak,Nie,Nie,a,Podstawowy,570
3,3,22.10.2021,7380,738,Tak,Tak,Nie,Nie,a,Podstawowy,14130
4,3,22.10.2021,9547,1316,Tak,Tak,Nie,Tak,c,Rozszerzony,620
5,3,22.10.2021,4628,500,Tak,Tak,Nie,Tak,a,Podstawowy,29910
6,3,22.10.2021,4454,512,Tak,Tak,Nie,Tak,a,Podstawowy,310
7,3,22.10.2021,7589,798,Tak,Tak,Nie,Tak,a,Rozszerzony,24000
8,3,22.10.2021,5869,737,Tak,Tak,Nie,Tak,a,Podstawowy,7520
9,3,22.10.2021,7098,619,Tak,Tak,Nie,Nie,a,Rozszerzony,2030
10,3,22.10.2021,4773,510,Tak,Tak,Nie,Nie,a,Podstawowy,3160
11,3,22.10.2021,8314,1140,Tak,Tak,Nie,Tak,a,Rozszerzony,960
12,3,22.10.2021,7894,911,Tak,Tak,Nie,Tak,a,Rozszerzony,1070
14,3,22.10.2021,5657,624,Tak,Tak,Nie,Nie,a,Podstawowy,1300
15,3,22.10.2021,5232,551,Tak,Tak,Nie,Tak,d,Rozszerzony,4110
16,3,22.10.2021,7675,907,Tak,Tak,Nie,Nie,a,Rozszerzony,3270
17,3,22.10.2021,5803,633,Tak,Tak,Nie,Nie,a,Podstawowy,50
18,3,22.10.2021,7046,706,Tak,Tak,Nie,Nie,d,Rozszerzony,13840
19,3,22.10.2021,6244,616,Tak,Tak,Nie,Nie,a,Rozszerzony,3240
21,3,22.10.2021,4903,475,Tak,Tak,Nie,Nie,c,Rozszerzony,550
23,3,22.10.2021,5226,466,Tak,Tak,Nie,Tak,d,Podstawowy,4060
24,3,22.10.2021,9469,817,Tak,Tak,Nie,Nie,a,Rozszerzony,4590
25,3,22.10.2021,9587,1400,Tak,Tak,Nie,Nie,c,Podstawowy,430
26,3,22.10.2021,6733,485,Tak,Tak,Nie,Nie,d,Podstawowy,2300
27,3,22.10.2021,8588,951,Tak,Tak,Nie,Nie,a,Podstawowy,60
28,3,22.10.2021,4101,424,Tak,Tak,Nie,Nie,a,Podstawowy,1200
29,3,22.10.2021,7832,687,Tak,Tak,Nie,Nie,d,Rozszerzony,2170
30,3,22.10.2021,4231,583,Tak,Tak,Nie,Nie,a,Podstawowy,40
31,3,22.10.2021,5681,533,Tak,Tak,Nie,Tak,d,Rozszerzony,9800
33,3,22.10.2021,7301,737,Tak,Tak,Nie,Nie,a,Rozszerzony,1320
34,3,22.10.2021,7617,938,Tak,Tak,Nie,Tak,c,Podstawowy,2240
35,3,22.10.2021,9717,729,Tak,Tak,Nie,Nie,d,Rozszerzony,7660
37,3,22.10.2021,6715,702,Tak,Tak,Nie,Nie,c,Podstawowy,4230
38,3,22.10.2021,5797,458,Tak,Tak,Nie,Nie,d,Podstawowy,1090
39,3,22.10.2021,4985,712,Tak,Tak,Nie,Nie,a,Podstawowy,260
40,3,22.10.2021,4914,649,Tak,Tak,Nie,Nie,a,Podstawowy,180
42,3,22.10.2021,11563,1209,Tak,Tak,Nie,Nie,a,Rozszerzony,290
43,3,22.10.2021,7092,587,Tak,Tak,Nie,Nie,d,Podstawowy,4880
44,3,22.10.2021,5119,579,Tak,Tak,Nie,Tak,a,Podstawowy,540
45,3,22.10.2021,4457,351,Tak,Tak,Nie,Tak,d,Podstawowy,9710
47,3,22.10.2021,7634,998,Tak,Tak,Nie,Tak,a,Rozszerzony,270
48,3,22.10.2021,3109,362,Tak,Tak,Nie,Tak,a,Podstawowy,1060
49,3,22.10.2021,6730,488,Tak,Tak,Nie,Nie,d,Rozszerzony,18010
50,3,22.10.2021,3993,344,Tak,Tak,Nie,Tak,d,Podstawowy,6260
1,2,21.10.2021,4678,547,Tak,Tak,Nie,Tak,c,Podstawowy,1270
2,2,21.10.2021,5382,593,Tak,Tak,Nie,Nie,a,Podstawowy,570
3,2,21.10.2021,6855,700,Tak,Tak,Nie,Nie,a,Podstawowy,14130
4,2,21.10.2021,9786,1357,Tak,Tak,Nie,Tak,c,Rozszerzony,620
5,2,21.10.2021,5310,589,Tak,Tak,Nie,Tak,a,Podstawowy,29910
6,2,21.10.2021,5111,614,Tak,Tak,Nie,Tak,a,Podstawowy,310
7,2,21.10.2021,8801,930,Tak,Tak,Nie,Tak,a,Rozszerzony,24000
8,2,21.10.2021,6081,684,Tak,Tak,Nie,Tak,a,Podstawowy,7520
9,2,21.10.2021,6977,588,Tak,Tak,Nie,Nie,a,Rozszerzony,2030
10,2,21.10.2021,5604,574,Tak,Tak,Nie,Nie,a,Podstawowy,3160
11,2,21.10.2021,6533,920,Tak,Tak,Nie,Tak,a,Rozszerzony,960
12,2,21.10.2021,7206,788,Tak,Tak,Nie,Tak,a,Rozszerzony,1070
14,2,21.10.2021,5954,646,Tak,Tak,Nie,Nie,a,Podstawowy,1300
15,2,21.10.2021,5777,560,Tak,Tak,Nie,Tak,d,Rozszerzony,4110
16,2,21.10.2021,9268,1061,Tak,Tak,Nie,Nie,a,Rozszerzony,3270
17,2,21.10.2021,8098,950,Tak,Tak,Nie,Nie,a,Podstawowy,50
18,2,21.10.2021,7342,741,Tak,Tak,Nie,Nie,d,Rozszerzony,13840
19,2,21.10.2021,6777,652,Tak,Tak,Nie,Nie,a,Rozszerzony,3240
21,2,21.10.2021,5760,504,Tak,Tak,Nie,Nie,c,Rozszerzony,550
23,2,21.10.2021,5726,466,Tak,Tak,Nie,Tak,d,Podstawowy,4060
24,2,21.10.2021,8533,769,Tak,Tak,Nie,Nie,a,Rozszerzony,4590
25,2,21.10.2021,10815,1604,Tak,Tak,Nie,Nie,c,Podstawowy,430
26,2,21.10.2021,7353,527,Tak,Tak,Nie,Nie,d,Podstawowy,2300
27,2,21.10.2021,9592,1051,Tak,Tak,Nie,Nie,a,Podstawowy,60
28,2,21.10.2021,5793,623,Tak,Tak,Nie,Nie,a,Podstawowy,1200
29,2,21.10.2021,8232,695,Tak,Tak,Nie,Nie,d,Rozszerzony,2170
30,2,21.10.2021,5313,744,Tak,Tak,Nie,Nie,a,Podstawowy,40
31,2,21.10.2021,5555,511,Tak,Tak,Nie,Tak,d,Rozszerzony,9800
33,2,21.10.2021,7789,705,Tak,Tak,Nie,Nie,a,Rozszerzony,1320
34,2,21.10.2021,9071,1064,Tak,Tak,Nie,Tak,c,Podstawowy,2240
35,2,21.10.2021,9889,703,Tak,Tak,Nie,Nie,d,Rozszerzony,7660
37,2,21.10.2021,6922,681,Tak,Tak,Nie,Nie,c,Podstawowy,4230
38,2,21.10.2021,6028,509,Tak,Tak,Nie,Nie,d,Podstawowy,1090
39,2,21.10.2021,5170,574,Tak,Tak,Nie,Nie,a,Podstawowy,260
40,2,21.10.2021,5132,657,Tak,Tak,Nie,Nie,a,Podstawowy,180
42,2,21.10.2021,9565,974,Tak,Tak,Nie,Nie,a,Rozszerzony,290
43,2,21.10.2021,7011,578,Tak,Tak,Nie,Nie,d,Podstawowy,4880
44,2,21.10.2021,6410,755,Tak,Tak,Nie,Tak,a,Podstawowy,540
45,2,21.10.2021,4687,378,Tak,Tak,Nie,Tak,d,Podstawowy,9710
47,2,21.10.2021,6930,893,Tak,Tak,Nie,Tak,a,Rozszerzony,270
48,2,21.10.2021,3682,346,Tak,Tak,Nie,Tak,a,Podstawowy,1060
49,2,21.10.2021,6419,504,Tak,Tak,Nie,Nie,d,Rozszerzony,18010
50,2,21.10.2021,4316,358,Tak,Tak,Nie,Tak,d,Podstawowy,6260
1,1,20.10.2021,4652,560,Tak,Tak,Nie,Tak,c,Podstawowy,1270
2,1,20.10.2021,6631,684,Tak,Tak,Nie,Nie,a,Podstawowy,570
3,1,20.10.2021,8266,814,Tak,Tak,Nie,Nie,a,Podstawowy,14130
4,1,20.10.2021,11357,1503,Tak,Tak,Nie,Tak,c,Rozszerzony,620
5,1,20.10.2021,6096,638,Tak,Tak,Nie,Tak,a,Podstawowy,29910
6,1,20.10.2021,6329,722,Tak,Tak,Nie,Tak,a,Podstawowy,310
7,1,20.10.2021,10681,1075,Tak,Tak,Nie,Tak,a,Rozszerzony,24000
8,1,20.10.2021,8561,902,Tak,Tak,Nie,Tak,a,Podstawowy,7520
9,1,20.10.2021,9754,795,Tak,Tak,Nie,Nie,a,Rozszerzony,2030
10,1,20.10.2021,7410,757,Tak,Tak,Nie,Nie,a,Podstawowy,3160
11,1,20.10.2021,9125,1113,Tak,Tak,Nie,Tak,a,Rozszerzony,960
12,1,20.10.2021,9121,1024,Tak,Tak,Nie,Tak,a,Rozszerzony,1070
14,1,20.10.2021,8042,844,Tak,Tak,Nie,Nie,a,Podstawowy,1300
15,1,20.10.2021,8064,760,Tak,Tak,Nie,Tak,d,Rozszerzony,4110
16,1,20.10.2021,10194,1059,Tak,Tak,Nie,Nie,a,Rozszerzony,3270
17,1,20.10.2021,9377,1048,Tak,Tak,Nie,Nie,a,Podstawowy,50
18,1,20.10.2021,8628,877,Tak,Tak,Nie,Nie,d,Rozszerzony,13840
19,1,20.10.2021,9172,823,Tak,Tak,Nie,Nie,a,Rozszerzony,3240
21,1,20.10.2021,6112,549,Tak,Tak,Nie,Nie,c,Rozszerzony,550
23,1,20.10.2021,6503,558,Tak,Tak,Nie,Tak,d,Podstawowy,4060
24,1,20.10.2021,11796,978,Tak,Tak,Nie,Nie,a,Rozszerzony,4590
25,1,20.10.2021,12449,1776,Tak,Tak,Nie,Nie,c,Podstawowy,430
26,1,20.10.2021,7863,588,Tak,Tak,Nie,Nie,d,Podstawowy,2300
27,1,20.10.2021,12041,1239,Tak,Tak,Nie,Nie,a,Podstawowy,60
28,1,20.10.2021,7156,780,Tak,Tak,Nie,Nie,a,Podstawowy,1200
29,1,20.10.2021,9949,866,Tak,Tak,Nie,Nie,d,Rozszerzony,2170
30,1,20.10.2021,6341,836,Tak,Tak,Nie,Nie,a,Podstawowy,40
31,1,20.10.2021,6809,667,Tak,Tak,Nie,Tak,d,Rozszerzony,9800
33,1,20.10.2021,9178,932,Tak,Tak,Nie,Nie,a,Rozszerzony,1320
34,1,20.10.2021,9530,1128,Tak,Tak,Nie,Tak,c,Podstawowy,2240
35,1,20.10.2021,13119,874,Tak,Tak,Nie,Nie,d,Rozszerzony,7660
37,1,20.10.2021,7502,738,Tak,Tak,Nie,Nie,c,Podstawowy,4230
38,1,20.10.2021,8377,720,Tak,Tak,Nie,Nie,d,Podstawowy,1090
39,1,20.10.2021,7303,858,Tak,Tak,Nie,Nie,a,Podstawowy,260
40,1,20.10.2021,5075,697,Tak,Tak,Nie,Nie,a,Podstawowy,180
42,1,20.10.2021,13237,1259,Tak,Tak,Nie,Nie,a,Rozszerzony,290
43,1,20.10.2021,9334,765,Tak,Tak,Nie,Nie,d,Podstawowy,4880
44,1,20.10.2021,7915,823,Tak,Tak,Nie,Tak,a,Podstawowy,540
45,1,20.10.2021,5848,444,Tak,Tak,Nie,Tak,d,Podstawowy,9710
47,1,20.10.2021,8103,964,Tak,Tak,Nie,Tak,a,Rozszerzony,270
48,1,20.10.2021,4311,434,Tak,Tak,Nie,Tak,a,Podstawowy,1060
49,1,20.10.2021,8854,627,Tak,Tak,Nie,Nie,d,Rozszerzony,18010
50,1,20.10.2021,5742,455,Tak,Tak,Nie,Tak,d,Podstawowy,6260
1,7,19.10.2021,0,0,Nie,Nie,Nie,Nie,c,Podstawowy,1270
2,7,19.10.2021,0,0,Nie,Nie,Nie,Nie,a,Podstawowy,570
3,7,19.10.2021,0,0,Nie,Nie,Nie,Nie,a,Podstawowy,14130
4,7,19.10.2021,0,0,Nie,Nie,Nie,Nie,c,Rozszerzony,620
5,7,19.10.2021,0,0,Nie,Nie,Nie,Nie,a,Podstawowy,29910
6,7,19.10.2021,0,0,Nie,Nie,Nie,Nie,a,Podstawowy,310
7,7,19.10.2021,0,0,Nie,Nie,Nie,Nie,a,Rozszerzony,24000
8,7,19.10.2021,0,0,Nie,Nie,Nie,Nie,a,Podstawowy,7520
9,7,19.10.2021,0,0,Nie,Nie,Nie,Nie,a,Rozszerzony,2030
10,7,19.10.2021,0,0,Nie,Nie,Nie,Nie,a,Podstawowy,3160
11,7,19.10.2021,0,0,Nie,Nie,Nie,Nie,a,Rozszerzony,960
12,7,19.10.2021,0,0,Nie,Nie,Nie,Nie,a,Rozszerzony,1070
14,7,19.10.2021,0,0,Nie,Nie,Nie,Nie,a,Podstawowy,1300
15,7,19.10.2021,0,0,Nie,Nie,Nie,Nie,d,Rozszerzony,4110
16,7,19.10.2021,0,0,Nie,Nie,Nie,Nie,a,Rozszerzony,3270
17,7,19.10.2021,0,0,Nie,Nie,Nie,Nie,a,Podstawowy,50
18,7,19.10.2021,0,0,Nie,Nie,Nie,Nie,d,Rozszerzony,13840
19,7,19.10.2021,0,0,Nie,Nie,Nie,Nie,a,Rozszerzony,3240
21,7,19.10.2021,0,0,Nie,Nie,Nie,Nie,c,Rozszerzony,550
23,7,19.10.2021,0,0,Nie,Nie,Nie,Nie,d,Podstawowy,4060
24,7,19.10.2021,0,0,Nie,Nie,Nie,Nie,a,Rozszerzony,4590
25,7,19.10.2021,0,0,Nie,Nie,Nie,Nie,c,Podstawowy,430
26,7,19.10.2021,0,0,Nie,Nie,Nie,Nie,d,Podstawowy,2300
27,7,19.10.2021,0,0,Nie,Nie,Nie,Nie,a,Podstawowy,60
28,7,19.10.2021,0,0,Nie,Nie,Nie,Nie,a,Podstawowy,1200
29,7,19.10.2021,0,0,Nie,Nie,Nie,Nie,d,Rozszerzony,2170
30,7,19.10.2021,0,0,Nie,Nie,Nie,Nie,a,Podstawowy,40
31,7,19.10.2021,0,0,Nie,Nie,Nie,Nie,d,Rozszerzony,9800
33,7,19.10.2021,0,0,Nie,Nie,Nie,Nie,a,Rozszerzony,1320
34,7,19.10.2021,0,0,Nie,Nie,Nie,Nie,c,Podstawowy,2240
35,7,19.10.2021,0,0,Nie,Nie,Nie,Nie,d,Rozszerzony,7660
37,7,19.10.2021,0,0,Nie,Nie,Nie,Nie,c,Podstawowy,4230
38,7,19.10.2021,0,0,Nie,Nie,Nie,Nie,d,Podstawowy,1090
39,7,19.10.2021,0,0,Nie,Nie,Nie,Nie,a,Podstawowy,260
40,7,19.10.2021,0,0,Nie,Nie,Nie,Nie,a,Podstawowy,180
42,7,19.10.2021,0,0,Nie,Nie,Nie,Nie,a,Rozszerzony,290
43,7,19.10.2021,0,0,Nie,Nie,Nie,Nie,d,Podstawowy,4880
44,7,19.10.2021,0,0,Nie,Nie,Nie,Nie,a,Podstawowy,540
45,7,19.10.2021,0,0,Nie,Nie,Nie,Nie,d,Podstawowy,9710
47,7,19.10.2021,0,0,Nie,Nie,Nie,Nie,a,Rozszerzony,270
48,7,19.10.2021,0,0,Nie,Nie,Nie,Nie,a,Podstawowy,1060
49,7,19.10.2021,0,0,Nie,Nie,Nie,Nie,d,Rozszerzony,18010
50,7,19.10.2021,0,0,Nie,Nie,Nie,Nie,d,Podstawowy,6260
1,6,18.10.2021,4169,497,Tak,Nie,Nie,Nie,c,Podstawowy,1270
2,6,18.10.2021,2613,330,Tak,Nie,Nie,Nie,a,Podstawowy,570
3,6,18.10.2021,3367,424,Tak,Nie,Nie,Nie,a,Podstawowy,14130
4,6,18.10.2021,10166,1397,Tak,Nie,Nie,Nie,c,Rozszerzony,620
5,6,18.10.2021,2441,276,Tak,Nie,Nie,Nie,a,Podstawowy,29910
6,6,18.10.2021,3346,364,Tak,Nie,Nie,Nie,a,Podstawowy,310
7,6,18.10.2021,5810,558,Tak,Nie,Nie,Nie,a,Rozszerzony,24000
8,6,18.10.2021,3355,423,Tak,Nie,Nie,Nie,a,Podstawowy,7520
9,6,18.10.2021,5533,527,Tak,Nie,Nie,Nie,a,Rozszerzony,2030
10,6,18.10.2021,4816,523,Tak,Nie,Nie,Nie,a,Podstawowy,3160
11,6,18.10.2021,5270,732,Tak,Nie,Nie,Nie,a,Rozszerzony,960
12,6,18.10.2021,5914,754,Tak,Nie,Nie,Nie,a,Rozszerzony,1070
14,6,18.10.2021,3073,390,Tak,Nie,Nie,Nie,a,Podstawowy,1300
15,6,18.10.2021,4814,566,Tak,Nie,Nie,Nie,d,Rozszerzony,4110
16,6,18.10.2021,5892,586,Tak,Nie,Nie,Nie,a,Rozszerzony,3270
17,6,18.10.2021,2892,368,Tak,Nie,Nie,Nie,a,Podstawowy,50
18,6,18.10.2021,4386,492,Tak,Nie,Nie,Nie,d,Rozszerzony,13840
19,6,18.10.2021,3697,353,Tak,Nie,Nie,Nie,a,Rozszerzony,3240
21,6,18.10.2021,4249,464,Tak,Nie,Nie,Nie,c,Rozszerzony,550
23,6,18.10.2021,4269,437,Tak,Nie,Nie,Nie,d,Podstawowy,4060
24,6,18.10.2021,6509,635,Tak,Nie,Nie,Nie,a,Rozszerzony,4590
25,6,18.10.2021,8045,1260,Tak,Nie,Nie,Nie,c,Podstawowy,430
26,6,18.10.2021,4965,451,Tak,Nie,Nie,Nie,d,Podstawowy,2300
27,6,18.10.2021,6102,798,Tak,Nie,Nie,Nie,a,Podstawowy,60
28,6,18.10.2021,2478,303,Tak,Nie,Nie,Nie,a,Podstawowy,1200
29,6,18.10.2021,6136,644,Tak,Nie,Nie,Nie,d,Rozszerzony,2170
30,6,18.10.2021,4366,674,Tak,Nie,Nie,Nie,a,Podstawowy,40
31,6,18.10.2021,4812,537,Tak,Nie,Nie,Nie,d,Rozszerzony,9800
33,6,18.10.2021,7849,825,Tak,Nie,Nie,Nie,a,Rozszerzony,1320
34,6,18.10.2021,7437,920,Tak,Nie,Nie,Nie,c,Podstawowy,2240
35,6,18.10.2021,6389,582,Tak,Nie,Nie,Nie,d,Rozszerzony,7660
37,6,18.10.2021,8407,965,Tak,Nie,Nie,Nie,c,Podstawowy,4230
38,6,18.10.2021,5571,560,Tak,Nie,Nie,Nie,d,Podstawowy,1090
39,6,18.10.2021,2367,371,Tak,Nie,Nie,Nie,a,Podstawowy,260
40,6,18.10.2021,5637,750,Tak,Nie,Nie,Nie,a,Podstawowy,180
42,6,18.10.2021,7342,910,Tak,Nie,Nie,Nie,a,Rozszerzony,290
43,6,18.10.2021,4338,417,Tak,Nie,Nie,Nie,d,Podstawowy,4880
44,6,18.10.2021,4181,495,Tak,Nie,Nie,Nie,a,Podstawowy,540
45,6,18.10.2021,5440,452,Tak,Nie,Nie,Nie,d,Podstawowy,9710
47,6,18.10.2021,5772,736,Tak,Nie,Nie,Nie,a,Rozszerzony,270
48,6,18.10.2021,2419,255,Tak,Nie,Nie,Nie,a,Podstawowy,1060
49,6,18.10.2021,6424,513,Tak,Nie,Nie,Nie,d,Rozszerzony,18010
50,6,18.10.2021,3499,349,Tak,Nie,Nie,Nie,d,Podstawowy,6260
1,5,17.10.2021,3720,500,Tak,Nie,Nie,Nie,c,Podstawowy,1270
2,5,17.10.2021,3852,501,Tak,Nie,Nie,Tak,a,Podstawowy,570
3,5,17.10.2021,5485,656,Tak,Nie,Nie,Tak,a,Podstawowy,14130
4,5,17.10.2021,7947,1172,Tak,Nie,Nie,Nie,c,Rozszerzony,620
5,5,17.10.2021,4499,544,Tak,Nie,Nie,Nie,a,Podstawowy,29910
6,5,17.10.2021,4532,541,Tak,Nie,Nie,Nie,a,Podstawowy,310
7,5,17.10.2021,7895,926,Tak,Nie,Nie,Tak,a,Rozszerzony,24000
8,5,17.10.2021,4318,557,Tak,Nie,Nie,Tak,a,Podstawowy,7520
9,5,17.10.2021,6110,586,Tak,Nie,Nie,Tak,a,Rozszerzony,2030
10,5,17.10.2021,5317,579,Tak,Nie,Nie,Nie,a,Podstawowy,3160
11,5,17.10.2021,5867,898,Tak,Nie,Nie,Tak,a,Rozszerzony,960
12,5,17.10.2021,5511,719,Tak,Nie,Nie,Tak,a,Rozszerzony,1070
14,5,17.10.2021,5076,620,Tak,Nie,Nie,Tak,a,Podstawowy,1300
15,5,17.10.2021,4920,557,Tak,Nie,Nie,Tak,d,Rozszerzony,4110
16,5,17.10.2021,6796,847,Tak,Nie,Nie,Nie,a,Rozszerzony,3270
17,5,17.10.2021,5043,760,Tak,Nie,Nie,Tak,a,Podstawowy,50
18,5,17.10.2021,6962,798,Tak,Nie,Nie,Tak,d,Rozszerzony,13840
19,5,17.10.2021,5171,594,Tak,Nie,Nie,Tak,a,Rozszerzony,3240
21,5,17.10.2021,5016,438,Tak,Nie,Nie,Nie,c,Rozszerzony,550
23,5,17.10.2021,4505,468,Tak,Nie,Nie,Nie,d,Podstawowy,4060
24,5,17.10.2021,7975,750,Tak,Nie,Nie,Tak,a,Rozszerzony,4590
25,5,17.10.2021,8563,1279,Tak,Nie,Nie,Tak,c,Podstawowy,430
26,5,17.10.2021,5610,523,Tak,Nie,Nie,Tak,d,Podstawowy,2300
27,5,17.10.2021,7552,953,Tak,Nie,Nie,Tak,a,Podstawowy,60
28,5,17.10.2021,5050,603,Tak,Nie,Nie,Nie,a,Podstawowy,1200
29,5,17.10.2021,5583,566,Tak,Nie,Nie,Tak,d,Rozszerzony,2170
30,5,17.10.2021,3486,541,Tak,Nie,Nie,Tak,a,Podstawowy,40
31,5,17.10.2021,5648,593,Tak,Nie,Nie,Tak,d,Rozszerzony,9800
33,5,17.10.2021,6515,722,Tak,Nie,Nie,Tak,a,Rozszerzony,1320
34,5,17.10.2021,7199,946,Tak,Nie,Nie,Nie,c,Podstawowy,2240
35,5,17.10.2021,7203,640,Tak,Nie,Nie,Tak,d,Rozszerzony,7660
37,5,17.10.2021,6344,786,Tak,Nie,Nie,Nie,c,Podstawowy,4230
38,5,17.10.2021,4042,432,Tak,Nie,Nie,Tak,d,Podstawowy,1090
39,5,17.10.2021,3038,456,Tak,Nie,Nie,Tak,a,Podstawowy,260
40,5,17.10.2021,3930,592,Tak,Nie,Nie,Tak,a,Podstawowy,180
42,5,17.10.2021,7493,892,Tak,Nie,Nie,Tak,a,Rozszerzony,290
43,5,17.10.2021,5509,532,Tak,Nie,Nie,Tak,d,Podstawowy,4880
44,5,17.10.2021,5003,643,Tak,Nie,Nie,Nie,a,Podstawowy,540
45,5,17.10.2021,4517,387,Tak,Nie,Nie,Nie,d,Podstawowy,9710
47,5,17.10.2021,5191,725,Tak,Nie,Nie,Tak,a,Rozszerzony,270
48,5,17.10.2021,2946,346,Tak,Nie,Nie,Tak,a,Podstawowy,1060
49,5,17.10.2021,6078,480,Tak,Nie,Nie,Nie,d,Rozszerzony,18010
50,5,17.10.2021,3809,346,Tak,Nie,Nie,Nie,d,Podstawowy,6260
1,4,16.10.2021,3430,436,Tak,Nie,Nie,Nie,c,Podstawowy,1270
2,4,16.10.2021,4288,522,Tak,Nie,Nie,Tak,a,Podstawowy,570
3,4,16.10.2021,5271,652,Tak,Nie,Nie,Tak,a,Podstawowy,14130
4,4,16.10.2021,8008,1138,Tak,Nie,Nie,Nie,c,Rozszerzony,620
5,4,16.10.2021,3653,485,Tak,Nie,Nie,Nie,a,Podstawowy,29910
6,4,16.10.2021,4386,530,Tak,Nie,Nie,Nie,a,Podstawowy,310
7,4,16.10.2021,6394,818,Tak,Nie,Nie,Tak,a,Rozszerzony,24000
8,4,16.10.2021,5516,793,Tak,Nie,Nie,Tak,a,Podstawowy,7520
9,4,16.10.2021,4944,455,Tak,Nie,Nie,Tak,a,Rozszerzony,2030
10,4,16.10.2021,4876,524,Tak,Nie,Nie,Nie,a,Podstawowy,3160
11,4,16.10.2021,6217,940,Tak,Nie,Nie,Tak,a,Rozszerzony,960
12,4,16.10.2021,5590,724,Tak,Nie,Nie,Tak,a,Rozszerzony,1070
14,4,16.10.2021,4546,570,Tak,Nie,Nie,Tak,a,Podstawowy,1300
15,4,16.10.2021,4859,565,Tak,Nie,Nie,Tak,d,Rozszerzony,4110
16,4,16.10.2021,6541,802,Tak,Nie,Nie,Nie,a,Rozszerzony,3270
17,4,16.10.2021,5003,734,Tak,Nie,Nie,Tak,a,Podstawowy,50
18,4,16.10.2021,5551,602,Tak,Nie,Nie,Tak,d,Rozszerzony,13840
19,4,16.10.2021,5098,529,Tak,Nie,Nie,Tak,a,Rozszerzony,3240
21,4,16.10.2021,3818,413,Tak,Nie,Nie,Nie,c,Rozszerzony,550
23,4,16.10.2021,4467,437,Tak,Nie,Nie,Nie,d,Podstawowy,4060
24,4,16.10.2021,6497,652,Tak,Nie,Nie,Tak,a,Rozszerzony,4590
25,4,16.10.2021,8831,1331,Tak,Nie,Nie,Tak,c,Podstawowy,430
26,4,16.10.2021,5002,484,Tak,Nie,Nie,Tak,d,Podstawowy,2300
27,4,16.10.2021,6178,829,Tak,Nie,Nie,Tak,a,Podstawowy,60
28,4,16.10.2021,4640,544,Tak,Nie,Nie,Nie,a,Podstawowy,1200
29,4,16.10.2021,5882,589,Tak,Nie,Nie,Tak,d,Rozszerzony,2170
30,4,16.10.2021,3453,590,Tak,Nie,Nie,Tak,a,Podstawowy,40
31,4,16.10.2021,4643,516,Tak,Nie,Nie,Tak,d,Rozszerzony,9800
33,4,16.10.2021,6581,688,Tak,Nie,Nie,Tak,a,Rozszerzony,1320
34,4,16.10.2021,6151,881,Tak,Nie,Nie,Nie,c,Podstawowy,2240
35,4,16.10.2021,6282,562,Tak,Nie,Nie,Tak,d,Rozszerzony,7660
37,4,16.10.2021,5289,657,Tak,Nie,Nie,Nie,c,Podstawowy,4230
38,4,16.10.2021,3801,411,Tak,Nie,Nie,Tak,d,Podstawowy,1090
39,4,16.10.2021,3510,448,Tak,Nie,Nie,Tak,a,Podstawowy,260
40,4,16.10.2021,4134,647,Tak,Nie,Nie,Tak,a,Podstawowy,180
42,4,16.10.2021,8128,953,Tak,Nie,Nie,Tak,a,Rozszerzony,290
43,4,16.10.2021,5228,511,Tak,Nie,Nie,Tak,d,Podstawowy,4880
44,4,16.10.2021,4120,525,Tak,Nie,Nie,Nie,a,Podstawowy,540
45,4,16.10.2021,4503,396,Tak,Nie,Nie,Nie,d,Podstawowy,9710
47,4,16.10.2021,6200,866,Tak,Nie,Nie,Tak,a,Rozszerzony,270
48,4,16.10.2021,2990,390,Tak,Nie,Nie,Tak,a,Podstawowy,1060
49,4,16.10.2021,5586,447,Tak,Nie,Nie,Nie,d,Rozszerzony,18010
50,4,16.10.2021,2981,281,Tak,Nie,Nie,Nie,d,Podstawowy,6260
1,3,15.10.2021,3775,451,Tak,Nie,Nie,Nie,c,Podstawowy,1270
2,3,15.10.2021,4732,670,Tak,Nie,Nie,Tak,a,Podstawowy,570
3,3,15.10.2021,5008,639,Tak,Nie,Nie,Tak,a,Podstawowy,14130
4,3,15.10.2021,7843,1102,Tak,Nie,Nie,Nie,c,Rozszerzony,620
5,3,15.10.2021,4486,612,Tak,Nie,Nie,Nie,a,Podstawowy,29910
6,3,15.10.2021,4490,537,Tak,Nie,Nie,Nie,a,Podstawowy,310
7,3,15.10.2021,6913,792,Tak,Nie,Nie,Tak,a,Rozszerzony,24000
8,3,15.10.2021,4404,592,Tak,Nie,Nie,Tak,a,Podstawowy,7520
9,3,15.10.2021,5378,528,Tak,Nie,Nie,Tak,a,Rozszerzony,2030
10,3,15.10.2021,4508,529,Tak,Nie,Nie,Nie,a,Podstawowy,3160
11,3,15.10.2021,6539,1026,Tak,Nie,Nie,Tak,a,Rozszerzony,960
12,3,15.10.2021,5730,765,Tak,Nie,Nie,Tak,a,Rozszerzony,1070
14,3,15.10.2021,4831,599,Tak,Nie,Nie,Tak,a,Podstawowy,1300
15,3,15.10.2021,4463,501,Tak,Nie,Nie,Tak,d,Rozszerzony,4110
16,3,15.10.2021,6464,836,Tak,Nie,Nie,Nie,a,Rozszerzony,3270
17,3,15.10.2021,5512,759,Tak,Nie,Nie,Tak,a,Podstawowy,50
18,3,15.10.2021,5908,639,Tak,Nie,Nie,Tak,d,Rozszerzony,13840
19,3,15.10.2021,4732,517,Tak,Nie,Nie,Tak,a,Rozszerzony,3240
21,3,15.10.2021,3393,380,Tak,Nie,Nie,Nie,c,Rozszerzony,550
23,3,15.10.2021,3575,360,Tak,Nie,Nie,Nie,d,Podstawowy,4060
24,3,15.10.2021,7346,750,Tak,Nie,Nie,Tak,a,Rozszerzony,4590
25,3,15.10.2021,8572,1277,Tak,Nie,Nie,Tak,c,Podstawowy,430
26,3,15.10.2021,5044,447,Tak,Nie,Nie,Tak,d,Podstawowy,2300
27,3,15.10.2021,7436,864,Tak,Nie,Nie,Tak,a,Podstawowy,60
28,3,15.10.2021,4573,571,Tak,Nie,Nie,Nie,a,Podstawowy,1200
29,3,15.10.2021,5433,536,Tak,Nie,Nie,Tak,d,Rozszerzony,2170
30,3,15.10.2021,3281,549,Tak,Nie,Nie,Tak,a,Podstawowy,40
31,3,15.10.2021,4206,461,Tak,Nie,Nie,Tak,d,Rozszerzony,9800
33,3,15.10.2021,6500,694,Tak,Nie,Nie,Tak,a,Rozszerzony,1320
34,3,15.10.2021,6309,862,Tak,Nie,Nie,Nie,c,Podstawowy,2240
35,3,15.10.2021,6211,553,Tak,Nie,Nie,Tak,d,Rozszerzony,7660
37,3,15.10.2021,5128,602,Tak,Nie,Nie,Nie,c,Podstawowy,4230
38,3,15.10.2021,4136,425,Tak,Nie,Nie,Tak,d,Podstawowy,1090
39,3,15.10.2021,3653,537,Tak,Nie,Nie,Tak,a,Podstawowy,260
40,3,15.10.2021,3894,603,Tak,Nie,Nie,Tak,a,Podstawowy,180
42,3,15.10.2021,7984,997,Tak,Nie,Nie,Tak,a,Rozszerzony,290
43,3,15.10.2021,5240,549,Tak,Nie,Nie,Tak,d,Podstawowy,4880
44,3,15.10.2021,4348,631,Tak,Nie,Nie,Nie,a,Podstawowy,540
45,3,15.10.2021,3792,340,Tak,Nie,Nie,Nie,d,Podstawowy,9710
47,3,15.10.2021,6121,865,Tak,Nie,Nie,Tak,a,Rozszerzony,270
48,3,15.10.2021,2610,324,Tak,Nie,Nie,Tak,a,Podstawowy,1060
49,3,15.10.2021,5440,442,Tak,Nie,Nie,Nie,d,Rozszerzony,18010
50,3,15.10.2021,3200,278,Tak,Nie,Nie,Nie,d,Podstawowy,6260
1,2,14.10.2021,3681,476,Tak,Nie,Nie,Nie,c,Podstawowy,1270
2,2,14.10.2021,3982,516,Tak,Nie,Nie,Tak,a,Podstawowy,570
3,2,14.10.2021,5114,694,Tak,Nie,Nie,Tak,a,Podstawowy,14130
4,2,14.10.2021,8166,1156,Tak,Nie,Nie,Nie,c,Rozszerzony,620
5,2,14.10.2021,3640,481,Tak,Nie,Nie,Nie,a,Podstawowy,29910
6,2,14.10.2021,4597,590,Tak,Nie,Nie,Nie,a,Podstawowy,310
7,2,14.10.2021,6897,877,Tak,Nie,Nie,Tak,a,Rozszerzony,24000
8,2,14.10.2021,4754,672,Tak,Nie,Nie,Tak,a,Podstawowy,7520
9,2,14.10.2021,4956,524,Tak,Nie,Nie,Tak,a,Rozszerzony,2030
10,2,14.10.2021,4852,563,Tak,Nie,Nie,Nie,a,Podstawowy,3160
11,2,14.10.2021,6670,1017,Tak,Nie,Nie,Tak,a,Rozszerzony,960
12,2,14.10.2021,5732,802,Tak,Nie,Nie,Tak,a,Rozszerzony,1070
14,2,14.10.2021,4950,619,Tak,Nie,Nie,Tak,a,Podstawowy,1300
15,2,14.10.2021,4617,526,Tak,Nie,Nie,Tak,d,Rozszerzony,4110
16,2,14.10.2021,6666,890,Tak,Nie,Nie,Nie,a,Rozszerzony,3270
17,2,14.10.2021,5927,828,Tak,Nie,Nie,Tak,a,Podstawowy,50
18,2,14.10.2021,5428,611,Tak,Nie,Nie,Tak,d,Rozszerzony,13840
19,2,14.10.2021,5352,556,Tak,Nie,Nie,Tak,a,Rozszerzony,3240
21,2,14.10.2021,4053,381,Tak,Nie,Nie,Nie,c,Rozszerzony,550
23,2,14.10.2021,3640,357,Tak,Nie,Nie,Nie,d,Podstawowy,4060
24,2,14.10.2021,6790,705,Tak,Nie,Nie,Tak,a,Rozszerzony,4590
25,2,14.10.2021,9013,1403,Tak,Nie,Nie,Tak,c,Podstawowy,430
26,2,14.10.2021,4289,397,Tak,Nie,Nie,Tak,d,Podstawowy,2300
27,2,14.10.2021,7043,955,Tak,Nie,Nie,Tak,a,Podstawowy,60
28,2,14.10.2021,4926,571,Tak,Nie,Nie,Nie,a,Podstawowy,1200
29,2,14.10.2021,5099,521,Tak,Nie,Nie,Tak,d,Rozszerzony,2170
30,2,14.10.2021,4105,696,Tak,Nie,Nie,Tak,a,Podstawowy,40
31,2,14.10.2021,3779,450,Tak,Nie,Nie,Tak,d,Rozszerzony,9800
33,2,14.10.2021,6308,727,Tak,Nie,Nie,Tak,a,Rozszerzony,1320
34,2,14.10.2021,7109,936,Tak,Nie,Nie,Nie,c,Podstawowy,2240
35,2,14.10.2021,6724,578,Tak,Nie,Nie,Tak,d,Rozszerzony,7660
37,2,14.10.2021,4614,568,Tak,Nie,Nie,Nie,c,Podstawowy,4230
38,2,14.10.2021,3666,379,Tak,Nie,Nie,Tak,d,Podstawowy,1090
39,2,14.10.2021,3738,560,Tak,Nie,Nie,Tak,a,Podstawowy,260
40,2,14.10.2021,4327,644,Tak,Nie,Nie,Tak,a,Podstawowy,180
42,2,14.10.2021,7733,990,Tak,Nie,Nie,Tak,a,Rozszerzony,290
43,2,14.10.2021,5306,537,Tak,Nie,Nie,Tak,d,Podstawowy,4880
44,2,14.10.2021,4663,632,Tak,Nie,Nie,Nie,a,Podstawowy,540
45,2,14.10.2021,3535,316,Tak,Nie,Nie,Nie,d,Podstawowy,9710
47,2,14.10.2021,6026,871,Tak,Nie,Nie,Tak,a,Rozszerzony,270
48,2,14.10.2021,2717,351,Tak,Nie,Nie,Tak,a,Podstawowy,1060
49,2,14.10.2021,4617,378,Tak,Nie,Nie,Nie,d,Rozszerzony,18010
50,2,14.10.2021,2686,255,Tak,Nie,Nie,Nie,d,Podstawowy,6260
1,1,13.10.2021,4033,492,Tak,Nie,Nie,Nie,c,Podstawowy,1270
2,1,13.10.2021,4377,569,Tak,Nie,Nie,Tak,a,Podstawowy,570
3,1,13.10.2021,5035,673,Tak,Nie,Nie,Tak,a,Podstawowy,14130
4,1,13.10.2021,8947,1294,Tak,Nie,Nie,Nie,c,Rozszerzony,620
5,1,13.10.2021,4127,571,Tak,Nie,Nie,Nie,a,Podstawowy,29910
6,1,13.10.2021,4691,612,Tak,Nie,Nie,Nie,a,Podstawowy,310
7,1,13.10.2021,7752,853,Tak,Nie,Nie,Tak,a,Rozszerzony,24000
8,1,13.10.2021,5053,686,Tak,Nie,Nie,Tak,a,Podstawowy,7520
9,1,13.10.2021,5550,564,Tak,Nie,Nie,Tak,a,Rozszerzony,2030
10,1,13.10.2021,5521,632,Tak,Nie,Nie,Nie,a,Podstawowy,3160
11,1,13.10.2021,6293,962,Tak,Nie,Nie,Tak,a,Rozszerzony,960
12,1,13.10.2021,5833,774,Tak,Nie,Nie,Tak,a,Rozszerzony,1070
14,1,13.10.2021,4721,629,Tak,Nie,Nie,Tak,a,Podstawowy,1300
15,1,13.10.2021,5301,566,Tak,Nie,Nie,Tak,d,Rozszerzony,4110
16,1,13.10.2021,7298,855,Tak,Nie,Nie,Nie,a,Rozszerzony,3270
17,1,13.10.2021,5175,755,Tak,Nie,Nie,Tak,a,Podstawowy,50
18,1,13.10.2021,5801,674,Tak,Nie,Nie,Tak,d,Rozszerzony,13840
19,1,13.10.2021,5721,607,Tak,Nie,Nie,Tak,a,Rozszerzony,3240
21,1,13.10.2021,3517,396,Tak,Nie,Nie,Nie,c,Rozszerzony,550
23,1,13.10.2021,4480,437,Tak,Nie,Nie,Nie,d,Podstawowy,4060
24,1,13.10.2021,8039,789,Tak,Nie,Nie,Tak,a,Rozszerzony,4590
25,1,13.10.2021,10051,1483,Tak,Nie,Nie,Tak,c,Podstawowy,430
26,1,13.10.2021,5096,472,Tak,Nie,Nie,Tak,d,Podstawowy,2300
27,1,13.10.2021,6480,948,Tak,Nie,Nie,Tak,a,Podstawowy,60
28,1,13.10.2021,4639,579,Tak,Nie,Nie,Nie,a,Podstawowy,1200
29,1,13.10.2021,5808,579,Tak,Nie,Nie,Tak,d,Rozszerzony,2170
30,1,13.10.2021,3823,618,Tak,Nie,Nie,Tak,a,Podstawowy,40
31,1,13.10.2021,4976,523,Tak,Nie,Nie,Tak,d,Rozszerzony,9800
33,1,13.10.2021,7025,807,Tak,Nie,Nie,Tak,a,Rozszerzony,1320
34,1,13.10.2021,7500,973,Tak,Nie,Nie,Nie,c,Podstawowy,2240
35,1,13.10.2021,7303,639,Tak,Nie,Nie,Tak,d,Rozszerzony,7660
37,1,13.10.2021,4438,553,Tak,Nie,Nie,Nie,c,Podstawowy,4230
38,1,13.10.2021,4346,458,Tak,Nie,Nie,Tak,d,Podstawowy,1090
39,1,13.10.2021,3957,530,Tak,Nie,Nie,Tak,a,Podstawowy,260
40,1,13.10.2021,4275,621,Tak,Nie,Nie,Tak,a,Podstawowy,180
42,1,13.10.2021,8155,989,Tak,Nie,Nie,Tak,a,Rozszerzony,290
43,1,13.10.2021,5500,542,Tak,Nie,Nie,Tak,d,Podstawowy,4880
44,1,13.10.2021,4642,638,Tak,Nie,Nie,Nie,a,Podstawowy,540
45,1,13.10.2021,4187,381,Tak,Nie,Nie,Nie,d,Podstawowy,9710
47,1,13.10.2021,6053,895,Tak,Nie,Nie,Tak,a,Rozszerzony,270
48,1,13.10.2021,3314,362,Tak,Nie,Nie,Tak,a,Podstawowy,1060
49,1,13.10.2021,5524,479,Tak,Nie,Nie,Nie,d,Rozszerzony,18010
50,1,13.10.2021,3583,312,Tak,Nie,Nie,Nie,d,Podstawowy,6260
1,7,12.10.2021,0,0,Nie,Nie,Nie,Nie,c,Podstawowy,1270
2,7,12.10.2021,0,0,Nie,Nie,Nie,Nie,a,Podstawowy,570
3,7,12.10.2021,0,0,Nie,Nie,Nie,Nie,a,Podstawowy,14130
4,7,12.10.2021,0,0,Nie,Nie,Nie,Nie,c,Rozszerzony,620
5,7,12.10.2021,0,0,Nie,Nie,Nie,Nie,a,Podstawowy,29910
6,7,12.10.2021,0,0,Nie,Nie,Nie,Nie,a,Podstawowy,310
7,7,12.10.2021,0,0,Nie,Nie,Nie,Nie,a,Rozszerzony,24000
8,7,12.10.2021,0,0,Nie,Nie,Nie,Nie,a,Podstawowy,7520
9,7,12.10.2021,0,0,Nie,Nie,Nie,Nie,a,Rozszerzony,2030
10,7,12.10.2021,0,0,Nie,Nie,Nie,Nie,a,Podstawowy,3160
11,7,12.10.2021,0,0,Nie,Nie,Nie,Nie,a,Rozszerzony,960
12,7,12.10.2021,0,0,Nie,Nie,Nie,Nie,a,Rozszerzony,1070
14,7,12.10.2021,0,0,Nie,Nie,Nie,Nie,a,Podstawowy,1300
15,7,12.10.2021,0,0,Nie,Nie,Nie,Nie,d,Rozszerzony,4110
16,7,12.10.2021,0,0,Nie,Nie,Nie,Nie,a,Rozszerzony,3270
17,7,12.10.2021,0,0,Nie,Nie,Nie,Nie,a,Podstawowy,50
18,7,12.10.2021,0,0,Nie,Nie,Nie,Nie,d,Rozszerzony,13840
19,7,12.10.2021,0,0,Nie,Nie,Nie,Nie,a,Rozszerzony,3240
21,7,12.10.2021,0,0,Nie,Nie,Nie,Nie,c,Rozszerzony,550
23,7,12.10.2021,0,0,Nie,Nie,Nie,Nie,d,Podstawowy,4060
24,7,12.10.2021,0,0,Nie,Nie,Nie,Nie,a,Rozszerzony,4590
25,7,12.10.2021,0,0,Nie,Nie,Nie,Nie,c,Podstawowy,430
26,7,12.10.2021,0,0,Nie,Nie,Nie,Nie,d,Podstawowy,2300
27,7,12.10.2021,0,0,Nie,Nie,Nie,Nie,a,Podstawowy,60
28,7,12.10.2021,0,0,Nie,Nie,Nie,Nie,a,Podstawowy,1200
29,7,12.10.2021,0,0,Nie,Nie,Nie,Nie,d,Rozszerzony,2170
30,7,12.10.2021,0,0,Nie,Nie,Nie,Nie,a,Podstawowy,40
31,7,12.10.2021,0,0,Nie,Nie,Nie,Nie,d,Rozszerzony,9800
33,7,12.10.2021,0,0,Nie,Nie,Nie,Nie,a,Rozszerzony,1320
34,7,12.10.2021,0,0,Nie,Nie,Nie,Nie,c,Podstawowy,2240
35,7,12.10.2021,0,0,Nie,Nie,Nie,Nie,d,Rozszerzony,7660
37,7,12.10.2021,0,0,Nie,Nie,Nie,Nie,c,Podstawowy,4230
38,7,12.10.2021,0,0,Nie,Nie,Nie,Nie,d,Podstawowy,1090
39,7,12.10.2021,0,0,Nie,Nie,Nie,Nie,a,Podstawowy,260
40,7,12.10.2021,0,0,Nie,Nie,Nie,Nie,a,Podstawowy,180
42,7,12.10.2021,0,0,Nie,Nie,Nie,Nie,a,Rozszerzony,290
43,7,12.10.2021,0,0,Nie,Nie,Nie,Nie,d,Podstawowy,4880
44,7,12.10.2021,0,0,Nie,Nie,Nie,Nie,a,Podstawowy,540
45,7,12.10.2021,0,0,Nie,Nie,Nie,Nie,d,Podstawowy,9710
47,7,12.10.2021,0,0,Nie,Nie,Nie,Nie,a,Rozszerzony,270
48,7,12.10.2021,0,0,Nie,Nie,Nie,Nie,a,Podstawowy,1060
49,7,12.10.2021,0,0,Nie,Nie,Nie,Nie,d,Rozszerzony,18010
50,7,12.10.2021,0,0,Nie,Nie,Nie,Nie,d,Podstawowy,6260
1,6,11.10.2021,4743,557,Tak,Nie,Nie,Nie,c,Podstawowy,1270
2,6,11.10.2021,2497,322,Tak,Nie,Nie,Nie,a,Podstawowy,570
3,6,11.10.2021,3697,420,Tak,Nie,Nie,Nie,a,Podstawowy,14130
4,6,11.10.2021,10048,1458,Tak,Nie,Nie,Nie,c,Rozszerzony,620
5,6,11.10.2021,1837,233,Tak,Nie,Nie,Nie,a,Podstawowy,29910
6,6,11.10.2021,3269,388,Tak,Nie,Nie,Nie,a,Podstawowy,310
7,6,11.10.2021,5585,637,Tak,Nie,Nie,Nie,a,Rozszerzony,24000
8,6,11.10.2021,3688,464,Tak,Nie,Nie,Nie,a,Podstawowy,7520
9,6,11.10.2021,5948,537,Tak,Nie,Nie,Nie,a,Rozszerzony,2030
10,6,11.10.2021,4898,531,Tak,Nie,Nie,Nie,a,Podstawowy,3160
11,6,11.10.2021,5420,815,Tak,Nie,Nie,Nie,a,Rozszerzony,960
12,6,11.10.2021,7065,854,Tak,Nie,Nie,Nie,a,Rozszerzony,1070
14,6,11.10.2021,2657,333,Tak,Nie,Nie,Nie,a,Podstawowy,1300
15,6,11.10.2021,5372,590,Tak,Nie,Nie,Nie,d,Rozszerzony,4110
16,6,11.10.2021,5135,564,Tak,Nie,Nie,Nie,a,Rozszerzony,3270
17,6,11.10.2021,2677,382,Tak,Nie,Nie,Nie,a,Podstawowy,50
18,6,11.10.2021,5033,511,Tak,Nie,Nie,Nie,d,Rozszerzony,13840
19,6,11.10.2021,4229,389,Tak,Nie,Nie,Nie,a,Rozszerzony,3240
21,6,11.10.2021,4576,512,Tak,Nie,Nie,Nie,c,Rozszerzony,550
23,6,11.10.2021,4967,458,Tak,Nie,Nie,Nie,d,Podstawowy,4060
24,6,11.10.2021,6970,691,Tak,Nie,Nie,Nie,a,Rozszerzony,4590
25,6,11.10.2021,8446,1275,Tak,Nie,Nie,Nie,c,Podstawowy,430
26,6,11.10.2021,5156,499,Tak,Nie,Nie,Nie,d,Podstawowy,2300
27,6,11.10.2021,6820,810,Tak,Nie,Nie,Nie,a,Podstawowy,60
28,6,11.10.2021,2653,301,Tak,Nie,Nie,Nie,a,Podstawowy,1200
29,6,11.10.2021,6589,638,Tak,Nie,Nie,Nie,d,Rozszerzony,2170
30,6,11.10.2021,4465,689,Tak,Nie,Nie,Nie,a,Podstawowy,40
31,6,11.10.2021,4868,545,Tak,Nie,Nie,Nie,d,Rozszerzony,9800
33,6,11.10.2021,7385,795,Tak,Nie,Nie,Nie,a,Rozszerzony,1320
34,6,11.10.2021,7690,968,Tak,Nie,Nie,Nie,c,Podstawowy,2240
35,6,11.10.2021,6945,560,Tak,Nie,Nie,Nie,d,Rozszerzony,7660
37,6,11.10.2021,7935,973,Tak,Nie,Nie,Nie,c,Podstawowy,4230
38,6,11.10.2021,6041,622,Tak,Nie,Nie,Nie,d,Podstawowy,1090
39,6,11.10.2021,2338,360,Tak,Nie,Nie,Nie,a,Podstawowy,260
40,6,11.10.2021,6327,792,Tak,Nie,Nie,Nie,a,Podstawowy,180
42,6,11.10.2021,7950,902,Tak,Nie,Nie,Nie,a,Rozszerzony,290
43,6,11.10.2021,4482,425,Tak,Nie,Nie,Nie,d,Podstawowy,4880
44,6,11.10.2021,3092,396,Tak,Nie,Nie,Nie,a,Podstawowy,540
45,6,11.10.2021,5534,495,Tak,Nie,Nie,Nie,d,Podstawowy,9710
47,6,11.10.2021,5751,773,Tak,Nie,Nie,Nie,a,Rozszerzony,270
48,6,11.10.2021,2483,276,Tak,Nie,Nie,Nie,a,Podstawowy,1060
49,6,11.10.2021,7030,536,Tak,Nie,Nie,Nie,d,Rozszerzony,18010
50,6,11.10.2021,3694,368,Tak,Nie,Nie,Nie,d,Podstawowy,6260
1,5,10.10.2021,4396,539,Tak,Tak,Nie,Nie,c,Podstawowy,1270
2,5,10.10.2021,4907,529,Tak,Tak,Nie,Tak,a,Podstawowy,570
3,5,10.10.2021,7448,802,Tak,Tak,Nie,Tak,a,Podstawowy,14130
4,5,10.10.2021,9501,1295,Tak,Tak,Nie,Nie,c,Rozszerzony,620
5,5,10.10.2021,5138,591,Tak,Tak,Nie,Nie,a,Podstawowy,29910
6,5,10.10.2021,5824,654,Tak,Tak,Nie,Nie,a,Podstawowy,310
7,5,10.10.2021,10191,1070,Tak,Tak,Nie,Nie,a,Rozszerzony,24000
8,5,10.10.2021,6394,749,Tak,Tak,Nie,Nie,a,Podstawowy,7520
9,5,10.10.2021,7570,665,Tak,Tak,Nie,Tak,a,Rozszerzony,2030
10,5,10.10.2021,6059,694,Tak,Tak,Nie,Nie,a,Podstawowy,3160
11,5,10.10.2021,7981,1102,Tak,Tak,Nie,Nie,a,Rozszerzony,960
12,5,10.10.2021,8770,1014,Tak,Tak,Nie,Nie,a,Rozszerzony,1070
14,5,10.10.2021,5716,667,Tak,Tak,Nie,Tak,a,Podstawowy,1300
15,5,10.10.2021,7629,740,Tak,Tak,Nie,Nie,d,Rozszerzony,4110
16,5,10.10.2021,7950,893,Tak,Tak,Nie,Nie,a,Rozszerzony,3270
17,5,10.10.2021,7119,859,Tak,Tak,Nie,Tak,a,Podstawowy,50
18,5,10.10.2021,7566,780,Tak,Tak,Nie,Tak,d,Rozszerzony,13840
19,5,10.10.2021,7300,705,Tak,Tak,Nie,Tak,a,Rozszerzony,3240
21,5,10.10.2021,6385,533,Tak,Tak,Nie,Nie,c,Rozszerzony,550
23,5,10.10.2021,6320,579,Tak,Tak,Nie,Nie,d,Podstawowy,4060
24,5,10.10.2021,9848,914,Tak,Tak,Nie,Tak,a,Rozszerzony,4590
25,5,10.10.2021,10636,1468,Tak,Tak,Nie,Tak,c,Podstawowy,430
26,5,10.10.2021,7414,624,Tak,Tak,Nie,Tak,d,Podstawowy,2300
27,5,10.10.2021,10215,1175,Tak,Tak,Nie,Tak,a,Podstawowy,60
28,5,10.10.2021,6382,712,Tak,Tak,Nie,Nie,a,Podstawowy,1200
29,5,10.10.2021,8123,716,Tak,Tak,Nie,Tak,d,Rozszerzony,2170
30,5,10.10.2021,4619,668,Tak,Tak,Nie,Tak,a,Podstawowy,40
31,5,10.10.2021,6812,649,Tak,Tak,Nie,Nie,d,Rozszerzony,9800
33,5,10.10.2021,7765,818,Tak,Tak,Nie,Tak,a,Rozszerzony,1320
34,5,10.10.2021,8357,1038,Tak,Tak,Nie,Nie,c,Podstawowy,2240
35,5,10.10.2021,9777,735,Tak,Tak,Nie,Tak,d,Rozszerzony,7660
37,5,10.10.2021,7860,822,Tak,Tak,Nie,Nie,c,Podstawowy,4230
38,5,10.10.2021,5696,547,Tak,Tak,Nie,Tak,d,Podstawowy,1090
39,5,10.10.2021,4741,637,Tak,Tak,Nie,Tak,a,Podstawowy,260
40,5,10.10.2021,5456,688,Tak,Tak,Nie,Tak,a,Podstawowy,180
42,5,10.10.2021,10747,1118,Tak,Tak,Nie,Tak,a,Rozszerzony,290
43,5,10.10.2021,8076,715,Tak,Tak,Nie,Tak,d,Podstawowy,4880
44,5,10.10.2021,5824,705,Tak,Tak,Nie,Nie,a,Podstawowy,540
45,5,10.10.2021,5813,430,Tak,Tak,Nie,Nie,d,Podstawowy,9710
47,5,10.10.2021,8527,976,Tak,Tak,Nie,Nie,a,Rozszerzony,270
48,5,10.10.2021,4859,469,Tak,Tak,Nie,Nie,a,Podstawowy,1060
49,5,10.10.2021,8322,594,Tak,Tak,Nie,Nie,d,Rozszerzony,18010
50,5,10.10.2021,5385,411,Tak,Tak,Nie,Nie,d,Podstawowy,6260
1,4,09.10.2021,4654,527,Tak,Tak,Nie,Nie,c,Podstawowy,1270
2,4,09.10.2021,5283,614,Tak,Tak,Nie,Tak,a,Podstawowy,570
3,4,09.10.2021,7206,759,Tak,Tak,Nie,Tak,a,Podstawowy,14130
4,4,09.10.2021,8763,1211,Tak,Tak,Nie,Nie,c,Rozszerzony,620
5,4,09.10.2021,5469,592,Tak,Tak,Nie,Nie,a,Podstawowy,29910
6,4,09.10.2021,5066,614,Tak,Tak,Nie,Nie,a,Podstawowy,310
7,4,09.10.2021,9132,936,Tak,Tak,Nie,Nie,a,Rozszerzony,24000
8,4,09.10.2021,7586,949,Tak,Tak,Nie,Nie,a,Podstawowy,7520
9,4,09.10.2021,6628,626,Tak,Tak,Nie,Tak,a,Rozszerzony,2030
10,4,09.10.2021,6334,670,Tak,Tak,Nie,Nie,a,Podstawowy,3160
11,4,09.10.2021,8683,1197,Tak,Tak,Nie,Nie,a,Rozszerzony,960
12,4,09.10.2021,9326,975,Tak,Tak,Nie,Nie,a,Rozszerzony,1070
14,4,09.10.2021,5832,652,Tak,Tak,Nie,Tak,a,Podstawowy,1300
15,4,09.10.2021,7072,671,Tak,Tak,Nie,Nie,d,Rozszerzony,4110
16,4,09.10.2021,8354,991,Tak,Tak,Nie,Nie,a,Rozszerzony,3270
17,4,09.10.2021,7357,893,Tak,Tak,Nie,Tak,a,Podstawowy,50
18,4,09.10.2021,6462,662,Tak,Tak,Nie,Tak,d,Rozszerzony,13840
19,4,09.10.2021,6837,616,Tak,Tak,Nie,Tak,a,Rozszerzony,3240
21,4,09.10.2021,5776,499,Tak,Tak,Nie,Nie,c,Rozszerzony,550
23,4,09.10.2021,5721,480,Tak,Tak,Nie,Nie,d,Podstawowy,4060
24,4,09.10.2021,9736,832,Tak,Tak,Nie,Tak,a,Rozszerzony,4590
25,4,09.10.2021,11469,1602,Tak,Tak,Nie,Tak,c,Podstawowy,430
26,4,09.10.2021,7522,617,Tak,Tak,Nie,Tak,d,Podstawowy,2300
27,4,09.10.2021,10113,1102,Tak,Tak,Nie,Tak,a,Podstawowy,60
28,4,09.10.2021,6409,718,Tak,Tak,Nie,Nie,a,Podstawowy,1200
29,4,09.10.2021,7370,673,Tak,Tak,Nie,Tak,d,Rozszerzony,2170
30,4,09.10.2021,5816,784,Tak,Tak,Nie,Tak,a,Podstawowy,40
31,4,09.10.2021,6253,614,Tak,Tak,Nie,Nie,d,Rozszerzony,9800
33,4,09.10.2021,8323,802,Tak,Tak,Nie,Tak,a,Rozszerzony,1320
34,4,09.10.2021,8009,965,Tak,Tak,Nie,Nie,c,Podstawowy,2240
35,4,09.10.2021,10548,723,Tak,Tak,Nie,Tak,d,Rozszerzony,7660
37,4,09.10.2021,7497,811,Tak,Tak,Nie,Nie,c,Podstawowy,4230
38,4,09.10.2021,6282,561,Tak,Tak,Nie,Tak,d,Podstawowy,1090
39,4,09.10.2021,5504,683,Tak,Tak,Nie,Tak,a,Podstawowy,260
40,4,09.10.2021,5625,729,Tak,Tak,Nie,Tak,a,Podstawowy,180
42,4,09.10.2021,10831,1111,Tak,Tak,Nie,Tak,a,Rozszerzony,290
43,4,09.10.2021,7657,633,Tak,Tak,Nie,Tak,d,Podstawowy,4880
44,4,09.10.2021,6207,673,Tak,Tak,Nie,Nie,a,Podstawowy,540
45,4,09.10.2021,5572,427,Tak,Tak,Nie,Nie,d,Podstawowy,9710
47,4,09.10.2021,9129,1080,Tak,Tak,Nie,Nie,a,Rozszerzony,270
48,4,09.10.2021,4097,456,Tak,Tak,Nie,Nie,a,Podstawowy,1060
49,4,09.10.2021,6902,486,Tak,Tak,Nie,Nie,d,Rozszerzony,18010
50,4,09.10.2021,4135,368,Tak,Tak,Nie,Nie,d,Podstawowy,6260
1,3,08.10.2021,4944,518,Tak,Tak,Nie,Nie,c,Podstawowy,1270
2,3,08.10.2021,6252,736,Tak,Tak,Nie,Tak,a,Podstawowy,570
3,3,08.10.2021,8472,842,Tak,Tak,Nie,Tak,a,Podstawowy,14130
4,3,08.10.2021,9189,1257,Tak,Tak,Nie,Nie,c,Rozszerzony,620
5,3,08.10.2021,5399,666,Tak,Tak,Nie,Nie,a,Podstawowy,29910
6,3,08.10.2021,5778,630,Tak,Tak,Nie,Nie,a,Podstawowy,310
7,3,08.10.2021,9482,919,Tak,Tak,Nie,Nie,a,Rozszerzony,24000
8,3,08.10.2021,6783,807,Tak,Tak,Nie,Nie,a,Podstawowy,7520
9,3,08.10.2021,7221,596,Tak,Tak,Nie,Tak,a,Rozszerzony,2030
10,3,08.10.2021,5903,618,Tak,Tak,Nie,Nie,a,Podstawowy,3160
11,3,08.10.2021,9496,1252,Tak,Tak,Nie,Nie,a,Rozszerzony,960
12,3,08.10.2021,9021,1002,Tak,Tak,Nie,Nie,a,Rozszerzony,1070
14,3,08.10.2021,5557,604,Tak,Tak,Nie,Tak,a,Podstawowy,1300
15,3,08.10.2021,6945,672,Tak,Tak,Nie,Nie,d,Rozszerzony,4110
16,3,08.10.2021,8650,968,Tak,Tak,Nie,Nie,a,Rozszerzony,3270
17,3,08.10.2021,7830,905,Tak,Tak,Nie,Tak,a,Podstawowy,50
18,3,08.10.2021,7666,748,Tak,Tak,Nie,Tak,d,Rozszerzony,13840
19,3,08.10.2021,6290,583,Tak,Tak,Nie,Tak,a,Rozszerzony,3240
21,3,08.10.2021,5867,527,Tak,Tak,Nie,Nie,c,Rozszerzony,550
23,3,08.10.2021,5923,515,Tak,Tak,Nie,Nie,d,Podstawowy,4060
24,3,08.10.2021,9558,850,Tak,Tak,Nie,Tak,a,Rozszerzony,4590
25,3,08.10.2021,11290,1569,Tak,Tak,Nie,Tak,c,Podstawowy,430
26,3,08.10.2021,7191,568,Tak,Tak,Nie,Tak,d,Podstawowy,2300
27,3,08.10.2021,10640,1079,Tak,Tak,Nie,Tak,a,Podstawowy,60
28,3,08.10.2021,6023,607,Tak,Tak,Nie,Nie,a,Podstawowy,1200
29,3,08.10.2021,7987,642,Tak,Tak,Nie,Tak,d,Rozszerzony,2170
30,3,08.10.2021,4486,645,Tak,Tak,Nie,Tak,a,Podstawowy,40
31,3,08.10.2021,6379,598,Tak,Tak,Nie,Nie,d,Rozszerzony,9800
33,3,08.10.2021,7174,735,Tak,Tak,Nie,Tak,a,Rozszerzony,1320
34,3,08.10.2021,7988,1002,Tak,Tak,Nie,Nie,c,Podstawowy,2240
35,3,08.10.2021,9363,669,Tak,Tak,Nie,Tak,d,Rozszerzony,7660
37,3,08.10.2021,6572,697,Tak,Tak,Nie,Nie,c,Podstawowy,4230
38,3,08.10.2021,6822,555,Tak,Tak,Nie,Tak,d,Podstawowy,1090
39,3,08.10.2021,5531,710,Tak,Tak,Nie,Tak,a,Podstawowy,260
40,3,08.10.2021,4516,633,Tak,Tak,Nie,Tak,a,Podstawowy,180
42,3,08.10.2021,10599,1086,Tak,Tak,Nie,Tak,a,Rozszerzony,290
43,3,08.10.2021,6760,555,Tak,Tak,Nie,Tak,d,Podstawowy,4880
44,3,08.10.2021,6108,722,Tak,Tak,Nie,Nie,a,Podstawowy,540
45,3,08.10.2021,5417,386,Tak,Tak,Nie,Nie,d,Podstawowy,9710
47,3,08.10.2021,9328,1120,Tak,Tak,Nie,Nie,a,Rozszerzony,270
48,3,08.10.2021,3976,386,Tak,Tak,Nie,Nie,a,Podstawowy,1060
49,3,08.10.2021,7863,522,Tak,Tak,Nie,Nie,d,Rozszerzony,18010
50,3,08.10.2021,5041,385,Tak,Tak,Nie,Nie,d,Podstawowy,6260
1,2,07.10.2021,5439,556,Tak,Tak,Nie,Nie,c,Podstawowy,1270
2,2,07.10.2021,5808,646,Tak,Tak,Nie,Tak,a,Podstawowy,570
3,2,07.10.2021,7699,742,Tak,Tak,Nie,Tak,a,Podstawowy,14130
4,2,07.10.2021,9648,1291,Tak,Tak,Nie,Nie,c,Rozszerzony,620
5,2,07.10.2021,6693,668,Tak,Tak,Nie,Nie,a,Podstawowy,29910
6,2,07.10.2021,5981,652,Tak,Tak,Nie,Nie,a,Podstawowy,310
7,2,07.10.2021,10890,1082,Tak,Tak,Nie,Nie,a,Rozszerzony,24000
8,2,07.10.2021,6435,718,Tak,Tak,Nie,Nie,a,Podstawowy,7520
9,2,07.10.2021,7855,627,Tak,Tak,Nie,Tak,a,Rozszerzony,2030
10,2,07.10.2021,6298,633,Tak,Tak,Nie,Nie,a,Podstawowy,3160
11,2,07.10.2021,7571,996,Tak,Tak,Nie,Nie,a,Rozszerzony,960
12,2,07.10.2021,8389,859,Tak,Tak,Nie,Nie,a,Rozszerzony,1070
14,2,07.10.2021,5954,635,Tak,Tak,Nie,Tak,a,Podstawowy,1300
15,2,07.10.2021,7390,651,Tak,Tak,Nie,Nie,d,Rozszerzony,4110
16,2,07.10.2021,8295,981,Tak,Tak,Nie,Nie,a,Rozszerzony,3270
17,2,07.10.2021,9867,1033,Tak,Tak,Nie,Tak,a,Podstawowy,50
18,2,07.10.2021,6965,717,Tak,Tak,Nie,Tak,d,Rozszerzony,13840
19,2,07.10.2021,7921,669,Tak,Tak,Nie,Tak,a,Rozszerzony,3240
21,2,07.10.2021,6183,521,Tak,Tak,Nie,Nie,c,Rozszerzony,550
23,2,07.10.2021,5635,464,Tak,Tak,Nie,Nie,d,Podstawowy,4060
24,2,07.10.2021,9287,824,Tak,Tak,Nie,Tak,a,Rozszerzony,4590
25,2,07.10.2021,12031,1649,Tak,Tak,Nie,Tak,c,Podstawowy,430
26,2,07.10.2021,8091,617,Tak,Tak,Nie,Tak,d,Podstawowy,2300
27,2,07.10.2021,10849,1100,Tak,Tak,Nie,Tak,a,Podstawowy,60
28,2,07.10.2021,6335,677,Tak,Tak,Nie,Nie,a,Podstawowy,1200
29,2,07.10.2021,8301,696,Tak,Tak,Nie,Tak,d,Rozszerzony,2170
30,2,07.10.2021,5898,822,Tak,Tak,Nie,Tak,a,Podstawowy,40
31,2,07.10.2021,6843,622,Tak,Tak,Nie,Nie,d,Rozszerzony,9800
33,2,07.10.2021,8218,781,Tak,Tak,Nie,Tak,a,Rozszerzony,1320
34,2,07.10.2021,8496,1028,Tak,Tak,Nie,Nie,c,Podstawowy,2240
35,2,07.10.2021,11059,726,Tak,Tak,Nie,Tak,d,Rozszerzony,7660
37,2,07.10.2021,7450,725,Tak,Tak,Nie,Nie,c,Podstawowy,4230
38,2,07.10.2021,6723,543,Tak,Tak,Nie,Tak,d,Podstawowy,1090
39,2,07.10.2021,5849,660,Tak,Tak,Nie,Tak,a,Podstawowy,260
40,2,07.10.2021,5557,706,Tak,Tak,Nie,Tak,a,Podstawowy,180
42,2,07.10.2021,10596,1021,Tak,Tak,Nie,Tak,a,Rozszerzony,290
43,2,07.10.2021,7542,634,Tak,Tak,Nie,Tak,d,Podstawowy,4880
44,2,07.10.2021,6479,733,Tak,Tak,Nie,Nie,a,Podstawowy,540
45,2,07.10.2021,5340,394,Tak,Tak,Nie,Nie,d,Podstawowy,9710
47,2,07.10.2021,8359,995,Tak,Tak,Nie,Nie,a,Rozszerzony,270
48,2,07.10.2021,3992,391,Tak,Tak,Nie,Nie,a,Podstawowy,1060
49,2,07.10.2021,8634,632,Tak,Tak,Nie,Nie,d,Rozszerzony,18010
50,2,07.10.2021,4625,375,Tak,Tak,Nie,Nie,d,Podstawowy,6260
1,1,06.10.2021,5402,608,Tak,Tak,Nie,Nie,c,Podstawowy,1270
2,1,06.10.2021,7562,748,Tak,Tak,Nie,Tak,a,Podstawowy,570
3,1,06.10.2021,10598,982,Tak,Tak,Nie,Tak,a,Podstawowy,14130
4,1,06.10.2021,10575,1462,Tak,Tak,Nie,Nie,c,Rozszerzony,620
5,1,06.10.2021,7688,775,Tak,Tak,Nie,Nie,a,Podstawowy,29910
6,1,06.10.2021,7346,774,Tak,Tak,Nie,Nie,a,Podstawowy,310
7,1,06.10.2021,12601,1209,Tak,Tak,Nie,Nie,a,Rozszerzony,24000
8,1,06.10.2021,10198,1027,Tak,Tak,Nie,Nie,a,Podstawowy,7520
9,1,06.10.2021,9752,792,Tak,Tak,Nie,Tak,a,Rozszerzony,2030
10,1,06.10.2021,7405,739,Tak,Tak,Nie,Nie,a,Podstawowy,3160
11,1,06.10.2021,9653,1262,Tak,Tak,Nie,Nie,a,Rozszerzony,960
12,1,06.10.2021,9356,1038,Tak,Tak,Nie,Nie,a,Rozszerzony,1070
14,1,06.10.2021,7684,803,Tak,Tak,Nie,Tak,a,Podstawowy,1300
15,1,06.10.2021,8189,782,Tak,Tak,Nie,Nie,d,Rozszerzony,4110
16,1,06.10.2021,9870,1075,Tak,Tak,Nie,Nie,a,Rozszerzony,3270
17,1,06.10.2021,11180,1204,Tak,Tak,Nie,Tak,a,Podstawowy,50
18,1,06.10.2021,9738,915,Tak,Tak,Nie,Tak,d,Rozszerzony,13840
19,1,06.10.2021,9589,824,Tak,Tak,Nie,Tak,a,Rozszerzony,3240
21,1,06.10.2021,6920,594,Tak,Tak,Nie,Nie,c,Rozszerzony,550
23,1,06.10.2021,8132,633,Tak,Tak,Nie,Nie,d,Podstawowy,4060
24,1,06.10.2021,13482,1117,Tak,Tak,Nie,Tak,a,Rozszerzony,4590
25,1,06.10.2021,14501,1849,Tak,Tak,Nie,Tak,c,Podstawowy,430
26,1,06.10.2021,10138,732,Tak,Tak,Nie,Tak,d,Podstawowy,2300
27,1,06.10.2021,14696,1434,Tak,Tak,Nie,Tak,a,Podstawowy,60
28,1,06.10.2021,9018,874,Tak,Tak,Nie,Nie,a,Podstawowy,1200
29,1,06.10.2021,11262,914,Tak,Tak,Nie,Tak,d,Rozszerzony,2170
30,1,06.10.2021,7432,930,Tak,Tak,Nie,Tak,a,Podstawowy,40
31,1,06.10.2021,7310,685,Tak,Tak,Nie,Nie,d,Rozszerzony,9800
33,1,06.10.2021,9593,955,Tak,Tak,Nie,Tak,a,Rozszerzony,1320
34,1,06.10.2021,9826,1148,Tak,Tak,Nie,Nie,c,Podstawowy,2240
35,1,06.10.2021,15354,989,Tak,Tak,Nie,Tak,d,Rozszerzony,7660
37,1,06.10.2021,8259,771,Tak,Tak,Nie,Nie,c,Podstawowy,4230
38,1,06.10.2021,11016,789,Tak,Tak,Nie,Tak,d,Podstawowy,1090
39,1,06.10.2021,8306,961,Tak,Tak,Nie,Tak,a,Podstawowy,260
40,1,06.10.2021,5583,711,Tak,Tak,Nie,Tak,a,Podstawowy,180
42,1,06.10.2021,14544,1411,Tak,Tak,Nie,Tak,a,Rozszerzony,290
43,1,06.10.2021,9632,777,Tak,Tak,Nie,Tak,d,Podstawowy,4880
44,1,06.10.2021,7727,843,Tak,Tak,Nie,Nie,a,Podstawowy,540
45,1,06.10.2021,7057,502,Tak,Tak,Nie,Nie,d,Podstawowy,9710
47,1,06.10.2021,9339,1161,Tak,Tak,Nie,Nie,a,Rozszerzony,270
48,1,06.10.2021,5613,512,Tak,Tak,Nie,Nie,a,Podstawowy,1060
49,1,06.10.2021,9656,682,Tak,Tak,Nie,Nie,d,Rozszerzony,18010
50,1,06.10.2021,6564,492,Tak,Tak,Nie,Nie,d,Podstawowy,6260
1,7,05.10.2021,0,0,Nie,Nie,Nie,Nie,c,Podstawowy,1270
2,7,05.10.2021,0,0,Nie,Nie,Nie,Nie,a,Podstawowy,570
3,7,05.10.2021,0,0,Nie,Nie,Nie,Nie,a,Podstawowy,14130
4,7,05.10.2021,0,0,Nie,Nie,Nie,Nie,c,Rozszerzony,620
5,7,05.10.2021,0,0,Nie,Nie,Nie,Nie,a,Podstawowy,29910
6,7,05.10.2021,0,0,Nie,Nie,Nie,Nie,a,Podstawowy,310
7,7,05.10.2021,0,0,Nie,Nie,Nie,Nie,a,Rozszerzony,24000
8,7,05.10.2021,0,0,Nie,Nie,Nie,Nie,a,Podstawowy,7520
9,7,05.10.2021,0,0,Nie,Nie,Nie,Nie,a,Rozszerzony,2030
10,7,05.10.2021,0,0,Nie,Nie,Nie,Nie,a,Podstawowy,3160
11,7,05.10.2021,0,0,Nie,Nie,Nie,Nie,a,Rozszerzony,960
12,7,05.10.2021,0,0,Nie,Nie,Nie,Nie,a,Rozszerzony,1070
14,7,05.10.2021,0,0,Nie,Nie,Nie,Nie,a,Podstawowy,1300
15,7,05.10.2021,0,0,Nie,Nie,Nie,Nie,d,Rozszerzony,4110
16,7,05.10.2021,0,0,Nie,Nie,Nie,Nie,a,Rozszerzony,3270
17,7,05.10.2021,0,0,Nie,Nie,Nie,Nie,a,Podstawowy,50
18,7,05.10.2021,0,0,Nie,Nie,Nie,Nie,d,Rozszerzony,13840
19,7,05.10.2021,0,0,Nie,Nie,Nie,Nie,a,Rozszerzony,3240
21,7,05.10.2021,0,0,Nie,Nie,Nie,Nie,c,Rozszerzony,550
23,7,05.10.2021,0,0,Nie,Nie,Nie,Nie,d,Podstawowy,4060
24,7,05.10.2021,0,0,Nie,Nie,Nie,Nie,a,Rozszerzony,4590
25,7,05.10.2021,0,0,Nie,Nie,Nie,Nie,c,Podstawowy,430
26,7,05.10.2021,0,0,Nie,Nie,Nie,Nie,d,Podstawowy,2300
27,7,05.10.2021,0,0,Nie,Nie,Nie,Nie,a,Podstawowy,60
28,7,05.10.2021,0,0,Nie,Nie,Nie,Nie,a,Podstawowy,1200
29,7,05.10.2021,0,0,Nie,Nie,Nie,Nie,d,Rozszerzony,2170
30,7,05.10.2021,0,0,Nie,Nie,Nie,Nie,a,Podstawowy,40
31,7,05.10.2021,0,0,Nie,Nie,Nie,Nie,d,Rozszerzony,9800
33,7,05.10.2021,0,0,Nie,Nie,Nie,Nie,a,Rozszerzony,1320
34,7,05.10.2021,0,0,Nie,Nie,Nie,Nie,c,Podstawowy,2240
35,7,05.10.2021,0,0,Nie,Nie,Nie,Nie,d,Rozszerzony,7660
37,7,05.10.2021,0,0,Nie,Nie,Nie,Nie,c,Podstawowy,4230
38,7,05.10.2021,0,0,Nie,Nie,Nie,Nie,d,Podstawowy,1090
39,7,05.10.2021,0,0,Nie,Nie,Nie,Nie,a,Podstawowy,260
40,7,05.10.2021,0,0,Nie,Nie,Nie,Nie,a,Podstawowy,180
42,7,05.10.2021,0,0,Nie,Nie,Nie,Nie,a,Rozszerzony,290
43,7,05.10.2021,0,0,Nie,Nie,Nie,Nie,d,Podstawowy,4880
44,7,05.10.2021,0,0,Nie,Nie,Nie,Nie,a,Podstawowy,540
45,7,05.10.2021,0,0,Nie,Nie,Nie,Nie,d,Podstawowy,9710
47,7,05.10.2021,0,0,Nie,Nie,Nie,Nie,a,Rozszerzony,270
48,7,05.10.2021,0,0,Nie,Nie,Nie,Nie,a,Podstawowy,1060
49,7,05.10.2021,0,0,Nie,Nie,Nie,Nie,d,Rozszerzony,18010
50,7,05.10.2021,0,0,Nie,Nie,Nie,Nie,d,Podstawowy,6260
1,6,04.10.2021,5355,621,Tak,Nie,Nie,Nie,c,Podstawowy,1270
2,6,04.10.2021,2979,377,Tak,Nie,Nie,Nie,a,Podstawowy,570
3,6,04.10.2021,5420,622,Tak,Nie,Nie,Nie,a,Podstawowy,14130
4,6,04.10.2021,11694,1582,Tak,Nie,Nie,Nie,c,Rozszerzony,620
5,6,04.10.2021,2692,292,Tak,Nie,Nie,Nie,a,Podstawowy,29910
6,6,04.10.2021,4176,432,Tak,Nie,Nie,Nie,a,Podstawowy,310
7,6,04.10.2021,7678,848,Tak,Nie,Nie,Nie,a,Rozszerzony,24000
8,6,04.10.2021,4208,487,Tak,Nie,Nie,Nie,a,Podstawowy,7520
9,6,04.10.2021,7277,621,Tak,Nie,Nie,Nie,a,Rozszerzony,2030
10,6,04.10.2021,5966,621,Tak,Nie,Nie,Nie,a,Podstawowy,3160
11,6,04.10.2021,7824,1056,Tak,Nie,Nie,Nie,a,Rozszerzony,960
12,6,04.10.2021,6217,866,Tak,Nie,Nie,Nie,a,Rozszerzony,1070
14,6,04.10.2021,4803,546,Tak,Nie,Nie,Nie,a,Podstawowy,1300
15,6,04.10.2021,6637,733,Tak,Nie,Nie,Nie,d,Rozszerzony,4110
16,6,04.10.2021,5922,638,Tak,Nie,Nie,Nie,a,Rozszerzony,3270
17,6,04.10.2021,3880,516,Tak,Nie,Nie,Nie,a,Podstawowy,50
18,6,04.10.2021,6462,674,Tak,Nie,Nie,Nie,d,Rozszerzony,13840
19,6,04.10.2021,5210,459,Tak,Nie,Nie,Nie,a,Rozszerzony,3240
21,6,04.10.2021,5172,532,Tak,Nie,Nie,Nie,c,Rozszerzony,550
23,6,04.10.2021,5249,485,Tak,Nie,Nie,Nie,d,Podstawowy,4060
24,6,04.10.2021,8643,791,Tak,Nie,Nie,Nie,a,Rozszerzony,4590
25,6,04.10.2021,10341,1445,Tak,Nie,Nie,Nie,c,Podstawowy,430
26,6,04.10.2021,7989,679,Tak,Nie,Nie,Nie,d,Podstawowy,2300
27,6,04.10.2021,8944,989,Tak,Nie,Nie,Nie,a,Podstawowy,60
28,6,04.10.2021,3522,410,Tak,Nie,Nie,Nie,a,Podstawowy,1200
29,6,04.10.2021,8063,728,Tak,Nie,Nie,Nie,d,Rozszerzony,2170
30,6,04.10.2021,5252,807,Tak,Nie,Nie,Nie,a,Podstawowy,40
31,6,04.10.2021,7127,710,Tak,Nie,Nie,Nie,d,Rozszerzony,9800
33,6,04.10.2021,10384,1011,Tak,Nie,Nie,Nie,a,Rozszerzony,1320
34,6,04.10.2021,8400,1035,Tak,Nie,Nie,Nie,c,Podstawowy,2240
35,6,04.10.2021,9263,714,Tak,Nie,Nie,Nie,d,Rozszerzony,7660
37,6,04.10.2021,9414,1073,Tak,Nie,Nie,Nie,c,Podstawowy,4230
38,6,04.10.2021,6863,655,Tak,Nie,Nie,Nie,d,Podstawowy,1090
39,6,04.10.2021,3751,513,Tak,Nie,Nie,Nie,a,Podstawowy,260
40,6,04.10.2021,6307,874,Tak,Nie,Nie,Nie,a,Podstawowy,180
42,6,04.10.2021,9630,1083,Tak,Nie,Nie,Nie,a,Rozszerzony,290
43,6,04.10.2021,6262,539,Tak,Nie,Nie,Nie,d,Podstawowy,4880
44,6,04.10.2021,4159,526,Tak,Nie,Nie,Nie,a,Podstawowy,540
45,6,04.10.2021,5982,517,Tak,Nie,Nie,Nie,d,Podstawowy,9710
47,6,04.10.2021,7346,931,Tak,Nie,Nie,Nie,a,Rozszerzony,270
48,6,04.10.2021,3173,332,Tak,Nie,Nie,Nie,a,Podstawowy,1060
49,6,04.10.2021,8527,634,Tak,Nie,Nie,Nie,d,Rozszerzony,18010
50,6,04.10.2021,5435,461,Tak,Nie,Nie,Nie,d,Podstawowy,6260
1,5,03.10.2021,0,0,Nie,Tak,Narodowe,Nie,c,Podstawowy,1270
2,5,03.10.2021,2689,389,Tak,Tak,Narodowe,Nie,a,Podstawowy,570
3,5,03.10.2021,0,0,Nie,Tak,Narodowe,Nie,a,Podstawowy,14130
4,5,03.10.2021,0,0,Nie,Tak,Narodowe,Nie,c,Rozszerzony,620
5,5,03.10.2021,0,0,Nie,Tak,Narodowe,Nie,a,Podstawowy,29910
6,5,03.10.2021,0,0,Nie,Tak,Narodowe,Nie,a,Podstawowy,310
7,5,03.10.2021,3335,454,Tak,Tak,Narodowe,Nie,a,Rozszerzony,24000
8,5,03.10.2021,0,0,Nie,Tak,Narodowe,Nie,a,Podstawowy,7520
9,5,03.10.2021,0,0,Nie,Tak,Narodowe,Nie,a,Rozszerzony,2030
10,5,03.10.2021,0,0,Nie,Tak,Narodowe,Nie,a,Podstawowy,3160
11,5,03.10.2021,0,0,Nie,Tak,Narodowe,Nie,a,Rozszerzony,960
12,5,03.10.2021,0,0,Nie,Tak,Narodowe,Nie,a,Rozszerzony,1070
14,5,03.10.2021,0,0,Nie,Tak,Narodowe,Nie,a,Podstawowy,1300
15,5,03.10.2021,0,0,Nie,Tak,Narodowe,Nie,d,Rozszerzony,4110
16,5,03.10.2021,0,0,Nie,Tak,Narodowe,Nie,a,Rozszerzony,3270
17,5,03.10.2021,0,0,Nie,Tak,Narodowe,Nie,a,Podstawowy,50
18,5,03.10.2021,0,0,Nie,Tak,Narodowe,Nie,d,Rozszerzony,13840
19,5,03.10.2021,0,0,Nie,Tak,Narodowe,Nie,a,Rozszerzony,3240
21,5,03.10.2021,0,0,Nie,Tak,Narodowe,Nie,c,Rozszerzony,550
23,5,03.10.2021,0,0,Nie,Tak,Narodowe,Nie,d,Podstawowy,4060
24,5,03.10.2021,0,0,Nie,Tak,Narodowe,Nie,a,Rozszerzony,4590
25,5,03.10.2021,0,0,Nie,Tak,Narodowe,Nie,c,Podstawowy,430
26,5,03.10.2021,0,0,Nie,Tak,Narodowe,Nie,d,Podstawowy,2300
27,5,03.10.2021,0,0,Nie,Tak,Narodowe,Nie,a,Podstawowy,60
28,5,03.10.2021,0,0,Nie,Tak,Narodowe,Nie,a,Podstawowy,1200
29,5,03.10.2021,0,0,Nie,Tak,Narodowe,Nie,d,Rozszerzony,2170
30,5,03.10.2021,0,0,Nie,Tak,Narodowe,Nie,a,Podstawowy,40
31,5,03.10.2021,0,0,Nie,Tak,Narodowe,Nie,d,Rozszerzony,9800
33,5,03.10.2021,0,0,Nie,Tak,Narodowe,Nie,a,Rozszerzony,1320
34,5,03.10.2021,0,0,Nie,Tak,Narodowe,Nie,c,Podstawowy,2240
35,5,03.10.2021,0,0,Nie,Tak,Narodowe,Nie,d,Rozszerzony,7660
37,5,03.10.2021,0,0,Nie,Tak,Narodowe,Nie,c,Podstawowy,4230
38,5,03.10.2021,0,0,Nie,Tak,Narodowe,Nie,d,Podstawowy,1090
39,5,03.10.2021,0,0,Nie,Tak,Narodowe,Nie,a,Podstawowy,260
40,5,03.10.2021,0,0,Nie,Tak,Narodowe,Nie,a,Podstawowy,180
42,5,03.10.2021,0,0,Nie,Tak,Narodowe,Nie,a,Rozszerzony,290
43,5,03.10.2021,0,0,Nie,Tak,Narodowe,Nie,d,Podstawowy,4880
44,5,03.10.2021,0,0,Nie,Tak,Narodowe,Nie,a,Podstawowy,540
45,5,03.10.2021,0,0,Nie,Tak,Narodowe,Nie,d,Podstawowy,9710
47,5,03.10.2021,0,0,Nie,Tak,Narodowe,Nie,a,Rozszerzony,270
48,5,03.10.2021,0,0,Nie,Tak,Narodowe,Nie,a,Podstawowy,1060
49,5,03.10.2021,0,0,Nie,Tak,Narodowe,Nie,d,Rozszerzony,18010
50,5,03.10.2021,0,0,Nie,Tak,Narodowe,Nie,d,Podstawowy,6260
1,4,02.10.2021,5400,601,Tak,Tak,Nie,Nie,c,Podstawowy,1270
2,4,02.10.2021,4845,630,Tak,Tak,Nie,Nie,a,Podstawowy,570
3,4,02.10.2021,8565,937,Tak,Tak,Nie,Nie,a,Podstawowy,14130
4,4,02.10.2021,12297,1641,Tak,Tak,Nie,Nie,c,Rozszerzony,620
5,4,02.10.2021,5994,686,Tak,Tak,Nie,Nie,a,Podstawowy,29910
6,4,02.10.2021,6545,726,Tak,Tak,Nie,Nie,a,Podstawowy,310
7,4,02.10.2021,10196,1077,Tak,Tak,Nie,Nie,a,Rozszerzony,24000
8,4,02.10.2021,8234,975,Tak,Tak,Nie,Nie,a,Podstawowy,7520
9,4,02.10.2021,8272,705,Tak,Tak,Nie,Nie,a,Rozszerzony,2030
10,4,02.10.2021,7145,756,Tak,Tak,Nie,Nie,a,Podstawowy,3160
11,4,02.10.2021,8608,1268,Tak,Tak,Nie,Nie,a,Rozszerzony,960
12,4,02.10.2021,6590,936,Tak,Tak,Nie,Nie,a,Rozszerzony,1070
14,4,02.10.2021,6817,799,Tak,Tak,Nie,Nie,a,Podstawowy,1300
15,4,02.10.2021,7712,834,Tak,Tak,Nie,Nie,d,Rozszerzony,4110
16,4,02.10.2021,8920,1004,Tak,Tak,Nie,Nie,a,Rozszerzony,3270
17,4,02.10.2021,7808,973,Tak,Tak,Nie,Nie,a,Podstawowy,50
18,4,02.10.2021,7141,840,Tak,Tak,Nie,Nie,d,Rozszerzony,13840
19,4,02.10.2021,8909,818,Tak,Tak,Nie,Nie,a,Rozszerzony,3240
21,4,02.10.2021,5743,574,Tak,Tak,Nie,Nie,c,Rozszerzony,550
23,4,02.10.2021,7429,650,Tak,Tak,Nie,Nie,d,Podstawowy,4060
24,4,02.10.2021,11929,1079,Tak,Tak,Nie,Nie,a,Rozszerzony,4590
25,4,02.10.2021,14849,1997,Tak,Tak,Nie,Nie,c,Podstawowy,430
26,4,02.10.2021,9221,775,Tak,Tak,Nie,Nie,d,Podstawowy,2300
27,4,02.10.2021,11193,1287,Tak,Tak,Nie,Nie,a,Podstawowy,60
28,4,02.10.2021,7174,813,Tak,Tak,Nie,Nie,a,Podstawowy,1200
29,4,02.10.2021,9808,880,Tak,Tak,Nie,Nie,d,Rozszerzony,2170
30,4,02.10.2021,6705,903,Tak,Tak,Nie,Nie,a,Podstawowy,40
31,4,02.10.2021,7534,717,Tak,Tak,Nie,Nie,d,Rozszerzony,9800
33,4,02.10.2021,10203,989,Tak,Tak,Nie,Nie,a,Rozszerzony,1320
34,4,02.10.2021,9691,1116,Tak,Tak,Nie,Nie,c,Podstawowy,2240
35,4,02.10.2021,11806,877,Tak,Tak,Nie,Nie,d,Rozszerzony,7660
37,4,02.10.2021,8916,932,Tak,Tak,Nie,Nie,c,Podstawowy,4230
38,4,02.10.2021,7198,654,Tak,Tak,Nie,Nie,d,Podstawowy,1090
39,4,02.10.2021,6605,793,Tak,Tak,Nie,Nie,a,Podstawowy,260
40,4,02.10.2021,5492,737,Tak,Tak,Nie,Nie,a,Podstawowy,180
42,4,02.10.2021,11808,1250,Tak,Tak,Nie,Nie,a,Rozszerzony,290
43,4,02.10.2021,7633,717,Tak,Tak,Nie,Nie,d,Podstawowy,4880
44,4,02.10.2021,6765,803,Tak,Tak,Nie,Nie,a,Podstawowy,540
45,4,02.10.2021,6008,458,Tak,Tak,Nie,Nie,d,Podstawowy,9710
47,4,02.10.2021,8770,1064,Tak,Tak,Nie,Nie,a,Rozszerzony,270
48,4,02.10.2021,4089,478,Tak,Tak,Nie,Nie,a,Podstawowy,1060
49,4,02.10.2021,10296,716,Tak,Tak,Nie,Nie,d,Rozszerzony,18010
50,4,02.10.2021,5131,445,Tak,Tak,Nie,Nie,d,Podstawowy,6260
1,3,01.10.2021,4712,554,Tak,Tak,Nie,Nie,c,Podstawowy,1270
2,3,01.10.2021,5565,695,Tak,Tak,Nie,Nie,a,Podstawowy,570
3,3,01.10.2021,8331,851,Tak,Tak,Nie,Nie,a,Podstawowy,14130
4,3,01.10.2021,10560,1364,Tak,Tak,Nie,Nie,c,Rozszerzony,620
5,3,01.10.2021,6384,732,Tak,Tak,Nie,Nie,a,Podstawowy,29910
6,3,01.10.2021,6808,734,Tak,Tak,Nie,Nie,a,Podstawowy,310
7,3,01.10.2021,9547,1011,Tak,Tak,Nie,Nie,a,Rozszerzony,24000
8,3,01.10.2021,6826,842,Tak,Tak,Nie,Nie,a,Podstawowy,7520
9,3,01.10.2021,8402,688,Tak,Tak,Nie,Nie,a,Rozszerzony,2030
10,3,01.10.2021,6982,687,Tak,Tak,Nie,Nie,a,Podstawowy,3160
11,3,01.10.2021,9714,1390,Tak,Tak,Nie,Nie,a,Rozszerzony,960
12,3,01.10.2021,6381,845,Tak,Tak,Nie,Nie,a,Rozszerzony,1070
14,3,01.10.2021,5393,643,Tak,Tak,Nie,Nie,a,Podstawowy,1300
15,3,01.10.2021,6747,650,Tak,Tak,Nie,Nie,d,Rozszerzony,4110
16,3,01.10.2021,9458,1009,Tak,Tak,Nie,Nie,a,Rozszerzony,3270
17,3,01.10.2021,7472,907,Tak,Tak,Nie,Nie,a,Podstawowy,50
18,3,01.10.2021,7527,823,Tak,Tak,Nie,Nie,d,Rozszerzony,13840
19,3,01.10.2021,8372,753,Tak,Tak,Nie,Nie,a,Rozszerzony,3240
21,3,01.10.2021,4958,465,Tak,Tak,Nie,Nie,c,Rozszerzony,550
23,3,01.10.2021,6370,531,Tak,Tak,Nie,Nie,d,Podstawowy,4060
24,3,01.10.2021,10529,948,Tak,Tak,Nie,Nie,a,Rozszerzony,4590
25,3,01.10.2021,13040,1702,Tak,Tak,Nie,Nie,c,Podstawowy,430
26,3,01.10.2021,8525,651,Tak,Tak,Nie,Nie,d,Podstawowy,2300
27,3,01.10.2021,10718,1193,Tak,Tak,Nie,Nie,a,Podstawowy,60
28,3,01.10.2021,6823,721,Tak,Tak,Nie,Nie,a,Podstawowy,1200
29,3,01.10.2021,9492,757,Tak,Tak,Nie,Nie,d,Rozszerzony,2170
30,3,01.10.2021,5620,773,Tak,Tak,Nie,Nie,a,Podstawowy,40
31,3,01.10.2021,7069,673,Tak,Tak,Nie,Nie,d,Rozszerzony,9800
33,3,01.10.2021,9984,950,Tak,Tak,Nie,Nie,a,Rozszerzony,1320
34,3,01.10.2021,9363,1084,Tak,Tak,Nie,Nie,c,Podstawowy,2240
35,3,01.10.2021,10005,747,Tak,Tak,Nie,Nie,d,Rozszerzony,7660
37,3,01.10.2021,7830,796,Tak,Tak,Nie,Nie,c,Podstawowy,4230
38,3,01.10.2021,6774,565,Tak,Tak,Nie,Nie,d,Podstawowy,1090
39,3,01.10.2021,6495,808,Tak,Tak,Nie,Nie,a,Podstawowy,260
40,3,01.10.2021,5354,694,Tak,Tak,Nie,Nie,a,Podstawowy,180
42,3,01.10.2021,11141,1252,Tak,Tak,Nie,Nie,a,Rozszerzony,290
43,3,01.10.2021,6884,627,Tak,Tak,Nie,Nie,d,Podstawowy,4880
44,3,01.10.2021,7118,743,Tak,Tak,Nie,Nie,a,Podstawowy,540
45,3,01.10.2021,6164,432,Tak,Tak,Nie,Nie,d,Podstawowy,9710
47,3,01.10.2021,8794,1084,Tak,Tak,Nie,Nie,a,Rozszerzony,270
48,3,01.10.2021,4794,481,Tak,Tak,Nie,Nie,a,Podstawowy,1060
49,3,01.10.2021,8450,583,Tak,Tak,Nie,Nie,d,Rozszerzony,18010
50,3,01.10.2021,4626,385,Tak,Tak,Nie,Nie,d,Podstawowy,6260
1,2,30.09.2021,4919,550,Tak,Tak,Nie,Nie,c,Podstawowy,1270
2,2,30.09.2021,8461,839,Tak,Tak,Nie,Nie,a,Podstawowy,570
3,2,30.09.2021,12260,1084,Tak,Tak,Nie,Nie,a,Podstawowy,14130
4,2,30.09.2021,12659,1486,Tak,Tak,Nie,Nie,c,Rozszerzony,620
5,2,30.09.2021,6633,676,Tak,Tak,Nie,Nie,a,Podstawowy,29910
6,2,30.09.2021,7320,786,Tak,Tak,Nie,Nie,a,Podstawowy,310
7,2,30.09.2021,12636,1177,Tak,Tak,Nie,Nie,a,Rozszerzony,24000
8,2,30.09.2021,9061,915,Tak,Tak,Nie,Nie,a,Podstawowy,7520
9,2,30.09.2021,8663,730,Tak,Tak,Nie,Nie,a,Rozszerzony,2030
10,2,30.09.2021,6790,697,Tak,Tak,Nie,Nie,a,Podstawowy,3160
11,2,30.09.2021,10627,1278,Tak,Tak,Nie,Nie,a,Rozszerzony,960
12,2,30.09.2021,11440,1123,Tak,Tak,Nie,Nie,a,Rozszerzony,1070
14,2,30.09.2021,8444,791,Tak,Tak,Nie,Nie,a,Podstawowy,1300
15,2,30.09.2021,10574,886,Tak,Tak,Nie,Nie,d,Rozszerzony,4110
16,2,30.09.2021,10286,1082,Tak,Tak,Nie,Nie,a,Rozszerzony,3270
17,2,30.09.2021,11566,1243,Tak,Tak,Nie,Nie,a,Podstawowy,50
18,2,30.09.2021,10042,936,Tak,Tak,Nie,Nie,d,Rozszerzony,13840
19,2,30.09.2021,9442,809,Tak,Tak,Nie,Nie,a,Rozszerzony,3240
21,2,30.09.2021,9405,734,Tak,Tak,Nie,Nie,c,Rozszerzony,550
23,2,30.09.2021,6134,502,Tak,Tak,Nie,Nie,d,Podstawowy,4060
24,2,30.09.2021,16957,1258,Tak,Tak,Nie,Nie,a,Rozszerzony,4590
25,2,30.09.2021,15395,1930,Tak,Tak,Nie,Nie,c,Podstawowy,430
26,2,30.09.2021,9090,670,Tak,Tak,Nie,Nie,d,Podstawowy,2300
27,2,30.09.2021,18037,1600,Tak,Tak,Nie,Nie,a,Podstawowy,60
28,2,30.09.2021,7463,761,Tak,Tak,Nie,Nie,a,Podstawowy,1200
29,2,30.09.2021,10997,861,Tak,Tak,Nie,Nie,d,Rozszerzony,2170
30,2,30.09.2021,6696,880,Tak,Tak,Nie,Nie,a,Podstawowy,40
31,2,30.09.2021,7600,676,Tak,Tak,Nie,Nie,d,Rozszerzony,9800
33,2,30.09.2021,10898,960,Tak,Tak,Nie,Nie,a,Rozszerzony,1320
34,2,30.09.2021,10466,1118,Tak,Tak,Nie,Nie,c,Podstawowy,2240
35,2,30.09.2021,16933,1095,Tak,Tak,Nie,Nie,d,Rozszerzony,7660
37,2,30.09.2021,8539,796,Tak,Tak,Nie,Nie,c,Podstawowy,4230
38,2,30.09.2021,8067,642,Tak,Tak,Nie,Nie,d,Podstawowy,1090
39,2,30.09.2021,7428,865,Tak,Tak,Nie,Nie,a,Podstawowy,260
40,2,30.09.2021,5567,721,Tak,Tak,Nie,Nie,a,Podstawowy,180
42,2,30.09.2021,16693,1543,Tak,Tak,Nie,Nie,a,Rozszerzony,290
43,2,30.09.2021,10856,820,Tak,Tak,Nie,Nie,d,Podstawowy,4880
44,2,30.09.2021,6651,744,Tak,Tak,Nie,Nie,a,Podstawowy,540
45,2,30.09.2021,6427,442,Tak,Tak,Nie,Nie,d,Podstawowy,9710
47,2,30.09.2021,11421,1227,Tak,Tak,Nie,Nie,a,Rozszerzony,270
48,2,30.09.2021,4579,427,Tak,Tak,Nie,Nie,a,Podstawowy,1060
49,2,30.09.2021,8694,631,Tak,Tak,Nie,Nie,d,Rozszerzony,18010
50,2,30.09.2021,5636,421,Tak,Tak,Nie,Nie,d,Podstawowy,6260
1,1,29.09.2021,5280,566,Tak,Tak,Nie,Nie,c,Podstawowy,1270
2,1,29.09.2021,7514,750,Tak,Tak,Nie,Nie,a,Podstawowy,570
3,1,29.09.2021,10066,960,Tak,Tak,Nie,Nie,a,Podstawowy,14130
4,1,29.09.2021,10201,1306,Tak,Tak,Nie,Nie,c,Rozszerzony,620
5,1,29.09.2021,6274,645,Tak,Tak,Nie,Nie,a,Podstawowy,29910
6,1,29.09.2021,6397,710,Tak,Tak,Nie,Nie,a,Podstawowy,310
7,1,29.09.2021,11224,1087,Tak,Tak,Nie,Nie,a,Rozszerzony,24000
8,1,29.09.2021,8630,920,Tak,Tak,Nie,Nie,a,Podstawowy,7520
9,1,29.09.2021,8992,700,Tak,Tak,Nie,Nie,a,Rozszerzony,2030
10,1,29.09.2021,7302,737,Tak,Tak,Nie,Nie,a,Podstawowy,3160
11,1,29.09.2021,9245,1271,Tak,Tak,Nie,Nie,a,Rozszerzony,960
12,1,29.09.2021,11440,1170,Tak,Tak,Nie,Nie,a,Rozszerzony,1070
14,1,29.09.2021,7862,857,Tak,Tak,Nie,Nie,a,Podstawowy,1300
15,1,29.09.2021,9761,854,Tak,Tak,Nie,Nie,d,Rozszerzony,4110
16,1,29.09.2021,9619,1052,Tak,Tak,Nie,Nie,a,Rozszerzony,3270
17,1,29.09.2021,9894,1068,Tak,Tak,Nie,Nie,a,Podstawowy,50
18,1,29.09.2021,9533,895,Tak,Tak,Nie,Nie,d,Rozszerzony,13840
19,1,29.09.2021,8991,831,Tak,Tak,Nie,Nie,a,Rozszerzony,3240
21,1,29.09.2021,8894,690,Tak,Tak,Nie,Nie,c,Rozszerzony,550
23,1,29.09.2021,6873,557,Tak,Tak,Nie,Nie,d,Podstawowy,4060
24,1,29.09.2021,12635,1083,Tak,Tak,Nie,Nie,a,Rozszerzony,4590
25,1,29.09.2021,13633,1732,Tak,Tak,Nie,Nie,c,Podstawowy,430
26,1,29.09.2021,9379,694,Tak,Tak,Nie,Nie,d,Podstawowy,2300
27,1,29.09.2021,14696,1312,Tak,Tak,Nie,Nie,a,Podstawowy,60
28,1,29.09.2021,8454,848,Tak,Tak,Nie,Nie,a,Podstawowy,1200
29,1,29.09.2021,11333,908,Tak,Tak,Nie,Nie,d,Rozszerzony,2170
30,1,29.09.2021,6370,809,Tak,Tak,Nie,Nie,a,Podstawowy,40
31,1,29.09.2021,7123,663,Tak,Tak,Nie,Nie,d,Rozszerzony,9800
33,1,29.09.2021,9961,929,Tak,Tak,Nie,Nie,a,Rozszerzony,1320
34,1,29.09.2021,9855,1107,Tak,Tak,Nie,Nie,c,Podstawowy,2240
35,1,29.09.2021,15047,975,Tak,Tak,Nie,Nie,d,Rozszerzony,7660
37,1,29.09.2021,8132,786,Tak,Tak,Nie,Nie,c,Podstawowy,4230
38,1,29.09.2021,9115,721,Tak,Tak,Nie,Nie,d,Podstawowy,1090
39,1,29.09.2021,7295,803,Tak,Tak,Nie,Nie,a,Podstawowy,260
40,1,29.09.2021,5230,651,Tak,Tak,Nie,Nie,a,Podstawowy,180
42,1,29.09.2021,13908,1353,Tak,Tak,Nie,Nie,a,Rozszerzony,290
43,1,29.09.2021,9971,812,Tak,Tak,Nie,Nie,d,Podstawowy,4880
44,1,29.09.2021,7053,726,Tak,Tak,Nie,Nie,a,Podstawowy,540
45,1,29.09.2021,6692,464,Tak,Tak,Nie,Nie,d,Podstawowy,9710
47,1,29.09.2021,9102,1046,Tak,Tak,Nie,Nie,a,Rozszerzony,270
48,1,29.09.2021,4856,445,Tak,Tak,Nie,Nie,a,Podstawowy,1060
49,1,29.09.2021,9231,624,Tak,Tak,Nie,Nie,d,Rozszerzony,18010
50,1,29.09.2021,5427,410,Tak,Tak,Nie,Nie,d,Podstawowy,6260
1,7,28.09.2021,0,0,Nie,Nie,Nie,Nie,c,Podstawowy,1270
2,7,28.09.2021,0,0,Nie,Nie,Nie,Nie,a,Podstawowy,570
3,7,28.09.2021,0,0,Nie,Nie,Nie,Nie,a,Podstawowy,14130
4,7,28.09.2021,0,0,Nie,Nie,Nie,Nie,c,Rozszerzony,620
5,7,28.09.2021,0,0,Nie,Nie,Nie,Nie,a,Podstawowy,29910
6,7,28.09.2021,0,0,Nie,Nie,Nie,Nie,a,Podstawowy,310
7,7,28.09.2021,0,0,Nie,Nie,Nie,Nie,a,Rozszerzony,24000
8,7,28.09.2021,0,0,Nie,Nie,Nie,Nie,a,Podstawowy,7520
9,7,28.09.2021,0,0,Nie,Nie,Nie,Nie,a,Rozszerzony,2030
10,7,28.09.2021,0,0,Nie,Nie,Nie,Nie,a,Podstawowy,3160
11,7,28.09.2021,0,0,Nie,Nie,Nie,Nie,a,Rozszerzony,960
12,7,28.09.2021,0,0,Nie,Nie,Nie,Nie,a,Rozszerzony,1070
14,7,28.09.2021,0,0,Nie,Nie,Nie,Nie,a,Podstawowy,1300
15,7,28.09.2021,0,0,Nie,Nie,Nie,Nie,d,Rozszerzony,4110
16,7,28.09.2021,0,0,Nie,Nie,Nie,Nie,a,Rozszerzony,3270
17,7,28.09.2021,0,0,Nie,Nie,Nie,Nie,a,Podstawowy,50
18,7,28.09.2021,0,0,Nie,Nie,Nie,Nie,d,Rozszerzony,13840
19,7,28.09.2021,0,0,Nie,Nie,Nie,Nie,a,Rozszerzony,3240
21,7,28.09.2021,0,0,Nie,Nie,Nie,Nie,c,Rozszerzony,550
23,7,28.09.2021,0,0,Nie,Nie,Nie,Nie,d,Podstawowy,4060
24,7,28.09.2021,0,0,Nie,Nie,Nie,Nie,a,Rozszerzony,4590
25,7,28.09.2021,0,0,Nie,Nie,Nie,Nie,c,Podstawowy,430
26,7,28.09.2021,0,0,Nie,Nie,Nie,Nie,d,Podstawowy,2300
27,7,28.09.2021,0,0,Nie,Nie,Nie,Nie,a,Podstawowy,60
28,7,28.09.2021,0,0,Nie,Nie,Nie,Nie,a,Podstawowy,1200
29,7,28.09.2021,0,0,Nie,Nie,Nie,Nie,d,Rozszerzony,2170
30,7,28.09.2021,0,0,Nie,Nie,Nie,Nie,a,Podstawowy,40
31,7,28.09.2021,0,0,Nie,Nie,Nie,Nie,d,Rozszerzony,9800
33,7,28.09.2021,0,0,Nie,Nie,Nie,Nie,a,Rozszerzony,1320
34,7,28.09.2021,0,0,Nie,Nie,Nie,Nie,c,Podstawowy,2240
35,7,28.09.2021,0,0,Nie,Nie,Nie,Nie,d,Rozszerzony,7660
37,7,28.09.2021,0,0,Nie,Nie,Nie,Nie,c,Podstawowy,4230
38,7,28.09.2021,0,0,Nie,Nie,Nie,Nie,d,Podstawowy,1090
39,7,28.09.2021,0,0,Nie,Nie,Nie,Nie,a,Podstawowy,260
40,7,28.09.2021,0,0,Nie,Nie,Nie,Nie,a,Podstawowy,180
42,7,28.09.2021,0,0,Nie,Nie,Nie,Nie,a,Rozszerzony,290
43,7,28.09.2021,0,0,Nie,Nie,Nie,Nie,d,Podstawowy,4880
44,7,28.09.2021,0,0,Nie,Nie,Nie,Nie,a,Podstawowy,540
45,7,28.09.2021,0,0,Nie,Nie,Nie,Nie,d,Podstawowy,9710
47,7,28.09.2021,0,0,Nie,Nie,Nie,Nie,a,Rozszerzony,270
48,7,28.09.2021,0,0,Nie,Nie,Nie,Nie,a,Podstawowy,1060
49,7,28.09.2021,0,0,Nie,Nie,Nie,Nie,d,Rozszerzony,18010
50,7,28.09.2021,0,0,Nie,Nie,Nie,Nie,d,Podstawowy,6260
1,6,27.09.2021,3914,464,Tak,Nie,Nie,Nie,c,Podstawowy,1270
2,6,27.09.2021,2725,354,Tak,Nie,Nie,Nie,a,Podstawowy,570
3,6,27.09.2021,3846,431,Tak,Nie,Nie,Nie,a,Podstawowy,14130
4,6,27.09.2021,9405,1302,Tak,Nie,Nie,Nie,c,Rozszerzony,620
5,6,27.09.2021,2000,215,Tak,Nie,Nie,Nie,a,Podstawowy,29910
6,6,27.09.2021,2872,360,Tak,Nie,Nie,Nie,a,Podstawowy,310
7,6,27.09.2021,5945,676,Tak,Nie,Nie,Nie,a,Rozszerzony,24000
8,6,27.09.2021,3380,414,Tak,Nie,Nie,Nie,a,Podstawowy,7520
9,6,27.09.2021,6313,540,Tak,Nie,Nie,Nie,a,Rozszerzony,2030
10,6,27.09.2021,4113,469,Tak,Nie,Nie,Nie,a,Podstawowy,3160
11,6,27.09.2021,6280,920,Tak,Nie,Nie,Nie,a,Rozszerzony,960
12,6,27.09.2021,6266,802,Tak,Nie,Nie,Nie,a,Rozszerzony,1070
14,6,27.09.2021,3792,433,Tak,Nie,Nie,Nie,a,Podstawowy,1300
15,6,27.09.2021,5047,563,Tak,Nie,Nie,Nie,d,Rozszerzony,4110
16,6,27.09.2021,4385,492,Tak,Nie,Nie,Nie,a,Rozszerzony,3270
17,6,27.09.2021,2916,358,Tak,Nie,Nie,Nie,a,Podstawowy,50
18,6,27.09.2021,3967,475,Tak,Nie,Nie,Nie,d,Rozszerzony,13840
19,6,27.09.2021,3860,398,Tak,Nie,Nie,Nie,a,Rozszerzony,3240
21,6,27.09.2021,4516,509,Tak,Nie,Nie,Nie,c,Rozszerzony,550
23,6,27.09.2021,4125,392,Tak,Nie,Nie,Nie,d,Podstawowy,4060
24,6,27.09.2021,6852,709,Tak,Nie,Nie,Nie,a,Rozszerzony,4590
25,6,27.09.2021,7700,1204,Tak,Nie,Nie,Nie,c,Podstawowy,430
26,6,27.09.2021,5446,497,Tak,Nie,Nie,Nie,d,Podstawowy,2300
27,6,27.09.2021,7170,820,Tak,Nie,Nie,Nie,a,Podstawowy,60
28,6,27.09.2021,2627,316,Tak,Nie,Nie,Nie,a,Podstawowy,1200
29,6,27.09.2021,7073,651,Tak,Nie,Nie,Nie,d,Rozszerzony,2170
30,6,27.09.2021,4132,694,Tak,Nie,Nie,Nie,a,Podstawowy,40
31,6,27.09.2021,4907,558,Tak,Nie,Nie,Nie,d,Rozszerzony,9800
33,6,27.09.2021,7666,806,Tak,Nie,Nie,Nie,a,Rozszerzony,1320
34,6,27.09.2021,7775,989,Tak,Nie,Nie,Nie,c,Podstawowy,2240
35,6,27.09.2021,6745,610,Tak,Nie,Nie,Nie,d,Rozszerzony,7660
37,6,27.09.2021,6804,835,Tak,Nie,Nie,Nie,c,Podstawowy,4230
38,6,27.09.2021,5685,578,Tak,Nie,Nie,Nie,d,Podstawowy,1090
39,6,27.09.2021,2422,380,Tak,Nie,Nie,Nie,a,Podstawowy,260
40,6,27.09.2021,5024,652,Tak,Nie,Nie,Nie,a,Podstawowy,180
42,6,27.09.2021,7749,897,Tak,Nie,Nie,Nie,a,Rozszerzony,290
43,6,27.09.2021,3927,383,Tak,Nie,Nie,Nie,d,Podstawowy,4880
44,6,27.09.2021,3622,451,Tak,Nie,Nie,Nie,a,Podstawowy,540
45,6,27.09.2021,5505,446,Tak,Nie,Nie,Nie,d,Podstawowy,9710
47,6,27.09.2021,5076,743,Tak,Nie,Nie,Nie,a,Rozszerzony,270
48,6,27.09.2021,2403,285,Tak,Nie,Nie,Nie,a,Podstawowy,1060
49,6,27.09.2021,6588,523,Tak,Nie,Nie,Nie,d,Rozszerzony,18010
50,6,27.09.2021,4168,373,Tak,Nie,Nie,Nie,d,Podstawowy,6260
1,5,26.09.2021,3518,442,Tak,Nie,Nie,Nie,c,Podstawowy,1270
2,5,26.09.2021,3583,443,Tak,Nie,Nie,Nie,a,Podstawowy,570
3,5,26.09.2021,4853,658,Tak,Nie,Nie,Nie,a,Podstawowy,14130
4,5,26.09.2021,6948,1066,Tak,Nie,Nie,Nie,c,Rozszerzony,620
5,5,26.09.2021,3660,469,Tak,Nie,Nie,Nie,a,Podstawowy,29910
6,5,26.09.2021,4521,524,Tak,Nie,Nie,Nie,a,Podstawowy,310
7,5,26.09.2021,6956,926,Tak,Nie,Nie,Nie,a,Rozszerzony,24000
8,5,26.09.2021,5186,618,Tak,Nie,Nie,Nie,a,Podstawowy,7520
9,5,26.09.2021,5993,574,Tak,Nie,Nie,Nie,a,Rozszerzony,2030
10,5,26.09.2021,4750,576,Tak,Nie,Nie,Nie,a,Podstawowy,3160
11,5,26.09.2021,6174,919,Tak,Nie,Nie,Nie,a,Rozszerzony,960
12,5,26.09.2021,5599,718,Tak,Nie,Nie,Nie,a,Rozszerzony,1070
14,5,26.09.2021,5050,627,Tak,Nie,Nie,Nie,a,Podstawowy,1300
15,5,26.09.2021,5870,644,Tak,Nie,Nie,Nie,d,Rozszerzony,4110
16,5,26.09.2021,6270,821,Tak,Nie,Nie,Nie,a,Rozszerzony,3270
17,5,26.09.2021,4686,694,Tak,Nie,Nie,Nie,a,Podstawowy,50
18,5,26.09.2021,6300,777,Tak,Nie,Nie,Nie,d,Rozszerzony,13840
19,5,26.09.2021,5741,624,Tak,Nie,Nie,Nie,a,Rozszerzony,3240
21,5,26.09.2021,4024,399,Tak,Nie,Nie,Nie,c,Rozszerzony,550
23,5,26.09.2021,4070,413,Tak,Nie,Nie,Nie,d,Podstawowy,4060
24,5,26.09.2021,7661,774,Tak,Nie,Nie,Nie,a,Rozszerzony,4590
25,5,26.09.2021,8176,1273,Tak,Nie,Nie,Nie,c,Podstawowy,430
26,5,26.09.2021,5982,552,Tak,Nie,Nie,Nie,d,Podstawowy,2300
27,5,26.09.2021,7082,888,Tak,Nie,Nie,Nie,a,Podstawowy,60
28,5,26.09.2021,4517,527,Tak,Nie,Nie,Nie,a,Podstawowy,1200
29,5,26.09.2021,6441,609,Tak,Nie,Nie,Nie,d,Rozszerzony,2170
30,5,26.09.2021,3731,574,Tak,Nie,Nie,Nie,a,Podstawowy,40
31,5,26.09.2021,5587,596,Tak,Nie,Nie,Nie,d,Rozszerzony,9800
33,5,26.09.2021,6815,749,Tak,Nie,Nie,Nie,a,Rozszerzony,1320
34,5,26.09.2021,6664,874,Tak,Nie,Nie,Nie,c,Podstawowy,2240
35,5,26.09.2021,7968,664,Tak,Nie,Nie,Nie,d,Rozszerzony,7660
37,5,26.09.2021,5348,701,Tak,Nie,Nie,Nie,c,Podstawowy,4230
38,5,26.09.2021,4666,444,Tak,Nie,Nie,Nie,d,Podstawowy,1090
39,5,26.09.2021,3459,484,Tak,Nie,Nie,Nie,a,Podstawowy,260
40,5,26.09.2021,3499,538,Tak,Nie,Nie,Nie,a,Podstawowy,180
42,5,26.09.2021,7932,920,Tak,Nie,Nie,Nie,a,Rozszerzony,290
43,5,26.09.2021,6411,586,Tak,Nie,Nie,Nie,d,Podstawowy,4880
44,5,26.09.2021,4429,567,Tak,Nie,Nie,Nie,a,Podstawowy,540
45,5,26.09.2021,4044,352,Tak,Nie,Nie,Nie,d,Podstawowy,9710
47,5,26.09.2021,6117,763,Tak,Nie,Nie,Nie,a,Rozszerzony,270
48,5,26.09.2021,3555,367,Tak,Nie,Nie,Nie,a,Podstawowy,1060
49,5,26.09.2021,6343,499,Tak,Nie,Nie,Nie,d,Rozszerzony,18010
50,5,26.09.2021,2935,286,Tak,Nie,Nie,Nie,d,Podstawowy,6260
1,4,25.09.2021,2462,378,Tak,Nie,Nie,Nie,c,Podstawowy,1270
2,4,25.09.2021,3911,504,Tak,Nie,Nie,Nie,a,Podstawowy,570
3,4,25.09.2021,4575,628,Tak,Nie,Nie,Nie,a,Podstawowy,14130
4,4,25.09.2021,6629,1030,Tak,Nie,Nie,Nie,c,Rozszerzony,620
5,4,25.09.2021,3629,475,Tak,Nie,Nie,Nie,a,Podstawowy,29910
6,4,25.09.2021,3977,515,Tak,Nie,Nie,Nie,a,Podstawowy,310
7,4,25.09.2021,6444,774,Tak,Nie,Nie,Nie,a,Rozszerzony,24000
8,4,25.09.2021,5233,716,Tak,Nie,Nie,Nie,a,Podstawowy,7520
9,4,25.09.2021,4950,496,Tak,Nie,Nie,Nie,a,Rozszerzony,2030
10,4,25.09.2021,4547,564,Tak,Nie,Nie,Nie,a,Podstawowy,3160
11,4,25.09.2021,5538,915,Tak,Nie,Nie,Nie,a,Rozszerzony,960
12,4,25.09.2021,5371,781,Tak,Nie,Nie,Nie,a,Rozszerzony,1070
14,4,25.09.2021,4869,603,Tak,Nie,Nie,Nie,a,Podstawowy,1300
15,4,25.09.2021,4613,545,Tak,Nie,Nie,Nie,d,Rozszerzony,4110
16,4,25.09.2021,6105,814,Tak,Nie,Nie,Nie,a,Rozszerzony,3270
17,4,25.09.2021,4793,659,Tak,Nie,Nie,Nie,a,Podstawowy,50
18,4,25.09.2021,5518,644,Tak,Nie,Nie,Nie,d,Rozszerzony,13840
19,4,25.09.2021,5360,598,Tak,Nie,Nie,Nie,a,Rozszerzony,3240
21,4,25.09.2021,3586,367,Tak,Nie,Nie,Nie,c,Rozszerzony,550
23,4,25.09.2021,3867,412,Tak,Nie,Nie,Nie,d,Podstawowy,4060
24,4,25.09.2021,7144,720,Tak,Nie,Nie,Nie,a,Rozszerzony,4590
25,4,25.09.2021,8215,1363,Tak,Nie,Nie,Nie,c,Podstawowy,430
26,4,25.09.2021,4747,450,Tak,Nie,Nie,Nie,d,Podstawowy,2300
27,4,25.09.2021,6184,800,Tak,Nie,Nie,Nie,a,Podstawowy,60
28,4,25.09.2021,4250,518,Tak,Nie,Nie,Nie,a,Podstawowy,1200
29,4,25.09.2021,4947,532,Tak,Nie,Nie,Nie,d,Rozszerzony,2170
30,4,25.09.2021,3772,645,Tak,Nie,Nie,Nie,a,Podstawowy,40
31,4,25.09.2021,4467,480,Tak,Nie,Nie,Nie,d,Rozszerzony,9800
33,4,25.09.2021,6522,728,Tak,Nie,Nie,Nie,a,Rozszerzony,1320
34,4,25.09.2021,6347,850,Tak,Nie,Nie,Nie,c,Podstawowy,2240
35,4,25.09.2021,6602,603,Tak,Nie,Nie,Nie,d,Rozszerzony,7660
37,4,25.09.2021,4710,625,Tak,Nie,Nie,Nie,c,Podstawowy,4230
38,4,25.09.2021,4123,385,Tak,Nie,Nie,Nie,d,Podstawowy,1090
39,4,25.09.2021,2873,456,Tak,Nie,Nie,Nie,a,Podstawowy,260
40,4,25.09.2021,4307,599,Tak,Nie,Nie,Nie,a,Podstawowy,180
42,4,25.09.2021,7316,920,Tak,Nie,Nie,Nie,a,Rozszerzony,290
43,4,25.09.2021,5415,573,Tak,Nie,Nie,Nie,d,Podstawowy,4880
44,4,25.09.2021,4312,528,Tak,Nie,Nie,Nie,a,Podstawowy,540
45,4,25.09.2021,3686,332,Tak,Nie,Nie,Nie,d,Podstawowy,9710
47,4,25.09.2021,5501,758,Tak,Nie,Nie,Nie,a,Rozszerzony,270
48,4,25.09.2021,3007,366,Tak,Nie,Nie,Nie,a,Podstawowy,1060
49,4,25.09.2021,5329,457,Tak,Nie,Nie,Nie,d,Rozszerzony,18010
50,4,25.09.2021,2653,272,Tak,Nie,Nie,Nie,d,Podstawowy,6260
1,3,24.09.2021,3405,465,Tak,Nie,Nie,Nie,c,Podstawowy,1270
2,3,24.09.2021,5084,694,Tak,Nie,Nie,Nie,a,Podstawowy,570
3,3,24.09.2021,4620,636,Tak,Nie,Nie,Nie,a,Podstawowy,14130
4,3,24.09.2021,6440,1005,Tak,Nie,Nie,Nie,c,Rozszerzony,620
5,3,24.09.2021,4265,588,Tak,Nie,Nie,Nie,a,Podstawowy,29910
6,3,24.09.2021,3951,499,Tak,Nie,Nie,Nie,a,Podstawowy,310
7,3,24.09.2021,6814,822,Tak,Nie,Nie,Nie,a,Rozszerzony,24000
8,3,24.09.2021,5021,637,Tak,Nie,Nie,Nie,a,Podstawowy,7520
9,3,24.09.2021,5136,500,Tak,Nie,Nie,Nie,a,Rozszerzony,2030
10,3,24.09.2021,4679,528,Tak,Nie,Nie,Nie,a,Podstawowy,3160
11,3,24.09.2021,6359,1055,Tak,Nie,Nie,Nie,a,Rozszerzony,960
12,3,24.09.2021,5168,764,Tak,Nie,Nie,Nie,a,Rozszerzony,1070
14,3,24.09.2021,4074,542,Tak,Nie,Nie,Nie,a,Podstawowy,1300
15,3,24.09.2021,4369,502,Tak,Nie,Nie,Nie,d,Rozszerzony,4110
16,3,24.09.2021,6192,782,Tak,Nie,Nie,Nie,a,Rozszerzony,3270
17,3,24.09.2021,4715,674,Tak,Nie,Nie,Nie,a,Podstawowy,50
18,3,24.09.2021,5018,657,Tak,Nie,Nie,Nie,d,Rozszerzony,13840
19,3,24.09.2021,4895,530,Tak,Nie,Nie,Nie,a,Rozszerzony,3240
21,3,24.09.2021,4770,375,Tak,Nie,Nie,Nie,c,Rozszerzony,550
23,3,24.09.2021,3446,372,Tak,Nie,Nie,Nie,d,Podstawowy,4060
24,3,24.09.2021,7372,729,Tak,Nie,Nie,Nie,a,Rozszerzony,4590
25,3,24.09.2021,7664,1200,Tak,Nie,Nie,Nie,c,Podstawowy,430
26,3,24.09.2021,3903,362,Tak,Nie,Nie,Nie,d,Podstawowy,2300
27,3,24.09.2021,6482,864,Tak,Nie,Nie,Nie,a,Podstawowy,60
28,3,24.09.2021,4028,504,Tak,Nie,Nie,Nie,a,Podstawowy,1200
29,3,24.09.2021,5493,548,Tak,Nie,Nie,Nie,d,Rozszerzony,2170
30,3,24.09.2021,2986,503,Tak,Nie,Nie,Nie,a,Podstawowy,40
31,3,24.09.2021,4120,454,Tak,Nie,Nie,Nie,d,Rozszerzony,9800
33,3,24.09.2021,5798,620,Tak,Nie,Nie,Nie,a,Rozszerzony,1320
34,3,24.09.2021,6542,909,Tak,Nie,Nie,Nie,c,Podstawowy,2240
35,3,24.09.2021,6752,588,Tak,Nie,Nie,Nie,d,Rozszerzony,7660
37,3,24.09.2021,4322,546,Tak,Nie,Nie,Nie,c,Podstawowy,4230
38,3,24.09.2021,3257,333,Tak,Nie,Nie,Nie,d,Podstawowy,1090
39,3,24.09.2021,3004,490,Tak,Nie,Nie,Nie,a,Podstawowy,260
40,3,24.09.2021,3538,551,Tak,Nie,Nie,Nie,a,Podstawowy,180
42,3,24.09.2021,8750,1027,Tak,Nie,Nie,Nie,a,Rozszerzony,290
43,3,24.09.2021,4754,481,Tak,Nie,Nie,Nie,d,Podstawowy,4880
44,3,24.09.2021,4484,640,Tak,Nie,Nie,Nie,a,Podstawowy,540
45,3,24.09.2021,3015,252,Tak,Nie,Nie,Nie,d,Podstawowy,9710
47,3,24.09.2021,5883,898,Tak,Nie,Nie,Nie,a,Rozszerzony,270
48,3,24.09.2021,2866,357,Tak,Nie,Nie,Nie,a,Podstawowy,1060
49,3,24.09.2021,5586,442,Tak,Nie,Nie,Nie,d,Rozszerzony,18010
50,3,24.09.2021,2618,260,Tak,Nie,Nie,Nie,d,Podstawowy,6260
1,2,23.09.2021,3407,437,Tak,Nie,Nie,Nie,c,Podstawowy,1270
2,2,23.09.2021,3874,510,Tak,Nie,Nie,Nie,a,Podstawowy,570
3,2,23.09.2021,5026,696,Tak,Nie,Nie,Nie,a,Podstawowy,14130
4,2,23.09.2021,7543,1115,Tak,Nie,Nie,Nie,c,Rozszerzony,620
5,2,23.09.2021,3338,481,Tak,Nie,Nie,Nie,a,Podstawowy,29910
6,2,23.09.2021,4896,596,Tak,Nie,Nie,Nie,a,Podstawowy,310
7,2,23.09.2021,7698,1000,Tak,Nie,Nie,Nie,a,Rozszerzony,24000
8,2,23.09.2021,5135,692,Tak,Nie,Nie,Nie,a,Podstawowy,7520
9,2,23.09.2021,4841,524,Tak,Nie,Nie,Nie,a,Rozszerzony,2030
10,2,23.09.2021,4787,573,Tak,Nie,Nie,Nie,a,Podstawowy,3160
11,2,23.09.2021,6092,1038,Tak,Nie,Nie,Nie,a,Rozszerzony,960
12,2,23.09.2021,5421,783,Tak,Nie,Nie,Nie,a,Rozszerzony,1070
14,2,23.09.2021,4676,588,Tak,Nie,Nie,Nie,a,Podstawowy,1300
15,2,23.09.2021,4928,562,Tak,Nie,Nie,Nie,d,Rozszerzony,4110
16,2,23.09.2021,6196,819,Tak,Nie,Nie,Nie,a,Rozszerzony,3270
17,2,23.09.2021,5259,764,Tak,Nie,Nie,Nie,a,Podstawowy,50
18,2,23.09.2021,4772,630,Tak,Nie,Nie,Nie,d,Rozszerzony,13840
19,2,23.09.2021,5261,597,Tak,Nie,Nie,Nie,a,Rozszerzony,3240
21,2,23.09.2021,3236,382,Tak,Nie,Nie,Nie,c,Rozszerzony,550
23,2,23.09.2021,3597,338,Tak,Nie,Nie,Nie,d,Podstawowy,4060
24,2,23.09.2021,6738,697,Tak,Nie,Nie,Nie,a,Rozszerzony,4590
25,2,23.09.2021,8350,1377,Tak,Nie,Nie,Nie,c,Podstawowy,430
26,2,23.09.2021,4576,435,Tak,Nie,Nie,Nie,d,Podstawowy,2300
27,2,23.09.2021,7396,974,Tak,Nie,Nie,Nie,a,Podstawowy,60
28,2,23.09.2021,4741,591,Tak,Nie,Nie,Nie,a,Podstawowy,1200
29,2,23.09.2021,5312,549,Tak,Nie,Nie,Nie,d,Rozszerzony,2170
30,2,23.09.2021,3696,595,Tak,Nie,Nie,Nie,a,Podstawowy,40
31,2,23.09.2021,3950,466,Tak,Nie,Nie,Nie,d,Rozszerzony,9800
33,2,23.09.2021,6202,692,Tak,Nie,Nie,Nie,a,Rozszerzony,1320
34,2,23.09.2021,6506,882,Tak,Nie,Nie,Nie,c,Podstawowy,2240
35,2,23.09.2021,6540,599,Tak,Nie,Nie,Nie,d,Rozszerzony,7660
37,2,23.09.2021,4007,544,Tak,Nie,Nie,Nie,c,Podstawowy,4230
38,2,23.09.2021,3539,359,Tak,Nie,Nie,Nie,d,Podstawowy,1090
39,2,23.09.2021,3780,523,Tak,Nie,Nie,Nie,a,Podstawowy,260
40,2,23.09.2021,4746,636,Tak,Nie,Nie,Nie,a,Podstawowy,180
42,2,23.09.2021,8140,970,Tak,Nie,Nie,Nie,a,Rozszerzony,290
43,2,23.09.2021,4644,501,Tak,Nie,Nie,Nie,d,Podstawowy,4880
44,2,23.09.2021,4907,673,Tak,Nie,Nie,Nie,a,Podstawowy,540
45,2,23.09.2021,3279,304,Tak,Nie,Nie,Nie,d,Podstawowy,9710
47,2,23.09.2021,6048,802,Tak,Nie,Nie,Nie,a,Rozszerzony,270
48,2,23.09.2021,3433,357,Tak,Nie,Nie,Nie,a,Podstawowy,1060
49,2,23.09.2021,5073,463,Tak,Nie,Nie,Nie,d,Rozszerzony,18010
50,2,23.09.2021,2447,240,Tak,Nie,Nie,Nie,d,Podstawowy,6260
1,1,22.09.2021,3982,466,Tak,Nie,Nie,Nie,c,Podstawowy,1270
2,1,22.09.2021,4004,501,Tak,Nie,Nie,Nie,a,Podstawowy,570
3,1,22.09.2021,4658,583,Tak,Nie,Nie,Nie,a,Podstawowy,14130
4,1,22.09.2021,8184,1205,Tak,Nie,Nie,Nie,c,Rozszerzony,620
5,1,22.09.2021,4039,535,Tak,Nie,Nie,Nie,a,Podstawowy,29910
6,1,22.09.2021,4131,538,Tak,Nie,Nie,Nie,a,Podstawowy,310
7,1,22.09.2021,6562,804,Tak,Nie,Nie,Nie,a,Rozszerzony,24000
8,1,22.09.2021,4737,695,Tak,Nie,Nie,Nie,a,Podstawowy,7520
9,1,22.09.2021,5599,550,Tak,Nie,Nie,Nie,a,Rozszerzony,2030
10,1,22.09.2021,5177,594,Tak,Nie,Nie,Nie,a,Podstawowy,3160
11,1,22.09.2021,6631,1078,Tak,Nie,Nie,Nie,a,Rozszerzony,960
12,1,22.09.2021,6217,830,Tak,Nie,Nie,Nie,a,Rozszerzony,1070
14,1,22.09.2021,5147,661,Tak,Nie,Nie,Nie,a,Podstawowy,1300
15,1,22.09.2021,5307,574,Tak,Nie,Nie,Nie,d,Rozszerzony,4110
16,1,22.09.2021,7277,895,Tak,Nie,Nie,Nie,a,Rozszerzony,3270
17,1,22.09.2021,5041,710,Tak,Nie,Nie,Nie,a,Podstawowy,50
18,1,22.09.2021,5785,691,Tak,Nie,Nie,Nie,d,Rozszerzony,13840
19,1,22.09.2021,4957,584,Tak,Nie,Nie,Nie,a,Rozszerzony,3240
21,1,22.09.2021,3937,432,Tak,Nie,Nie,Nie,c,Rozszerzony,550
23,1,22.09.2021,4337,419,Tak,Nie,Nie,Nie,d,Podstawowy,4060
24,1,22.09.2021,7736,735,Tak,Nie,Nie,Nie,a,Rozszerzony,4590
25,1,22.09.2021,9236,1476,Tak,Nie,Nie,Nie,c,Podstawowy,430
26,1,22.09.2021,5160,486,Tak,Nie,Nie,Nie,d,Podstawowy,2300
27,1,22.09.2021,6250,828,Tak,Nie,Nie,Nie,a,Podstawowy,60
28,1,22.09.2021,4420,555,Tak,Nie,Nie,Nie,a,Podstawowy,1200
29,1,22.09.2021,5939,597,Tak,Nie,Nie,Nie,d,Rozszerzony,2170
30,1,22.09.2021,3497,543,Tak,Nie,Nie,Nie,a,Podstawowy,40
31,1,22.09.2021,5027,549,Tak,Nie,Nie,Nie,d,Rozszerzony,9800
33,1,22.09.2021,6773,780,Tak,Nie,Nie,Nie,a,Rozszerzony,1320
34,1,22.09.2021,6425,897,Tak,Nie,Nie,Nie,c,Podstawowy,2240
35,1,22.09.2021,7708,683,Tak,Nie,Nie,Nie,d,Rozszerzony,7660
37,1,22.09.2021,4822,589,Tak,Nie,Nie,Nie,c,Podstawowy,4230
38,1,22.09.2021,4559,446,Tak,Nie,Nie,Nie,d,Podstawowy,1090
39,1,22.09.2021,3342,528,Tak,Nie,Nie,Nie,a,Podstawowy,260
40,1,22.09.2021,4052,548,Tak,Nie,Nie,Nie,a,Podstawowy,180
42,1,22.09.2021,7847,934,Tak,Nie,Nie,Nie,a,Rozszerzony,290
43,1,22.09.2021,5791,602,Tak,Nie,Nie,Nie,d,Podstawowy,4880
44,1,22.09.2021,4964,635,Tak,Nie,Nie,Nie,a,Podstawowy,540
45,1,22.09.2021,3777,336,Tak,Nie,Nie,Nie,d,Podstawowy,9710
47,1,22.09.2021,6245,861,Tak,Nie,Nie,Nie,a,Rozszerzony,270
48,1,22.09.2021,3502,385,Tak,Nie,Nie,Nie,a,Podstawowy,1060
49,1,22.09.2021,5721,450,Tak,Nie,Nie,Nie,d,Rozszerzony,18010
50,1,22.09.2021,2731,276,Tak,Nie,Nie,Nie,d,Podstawowy,6260
1,7,21.09.2021,0,0,Nie,Nie,Nie,Nie,c,Podstawowy,1270
2,7,21.09.2021,0,0,Nie,Nie,Nie,Nie,a,Podstawowy,570
3,7,21.09.2021,0,0,Nie,Nie,Nie,Nie,a,Podstawowy,14130
4,7,21.09.2021,0,0,Nie,Nie,Nie,Nie,c,Rozszerzony,620
5,7,21.09.2021,0,0,Nie,Nie,Nie,Nie,a,Podstawowy,29910
6,7,21.09.2021,0,0,Nie,Nie,Nie,Nie,a,Podstawowy,310
7,7,21.09.2021,0,0,Nie,Nie,Nie,Nie,a,Rozszerzony,24000
8,7,21.09.2021,0,0,Nie,Nie,Nie,Nie,a,Podstawowy,7520
9,7,21.09.2021,0,0,Nie,Nie,Nie,Nie,a,Rozszerzony,2030
10,7,21.09.2021,0,0,Nie,Nie,Nie,Nie,a,Podstawowy,3160
11,7,21.09.2021,0,0,Nie,Nie,Nie,Nie,a,Rozszerzony,960
12,7,21.09.2021,0,0,Nie,Nie,Nie,Nie,a,Rozszerzony,1070
14,7,21.09.2021,0,0,Nie,Nie,Nie,Nie,a,Podstawowy,1300
15,7,21.09.2021,0,0,Nie,Nie,Nie,Nie,d,Rozszerzony,4110
16,7,21.09.2021,0,0,Nie,Nie,Nie,Nie,a,Rozszerzony,3270
17,7,21.09.2021,0,0,Nie,Nie,Nie,Nie,a,Podstawowy,50
18,7,21.09.2021,0,0,Nie,Nie,Nie,Nie,d,Rozszerzony,13840
19,7,21.09.2021,0,0,Nie,Nie,Nie,Nie,a,Rozszerzony,3240
21,7,21.09.2021,0,0,Nie,Nie,Nie,Nie,c,Rozszerzony,550
23,7,21.09.2021,0,0,Nie,Nie,Nie,Nie,d,Podstawowy,4060
24,7,21.09.2021,0,0,Nie,Nie,Nie,Nie,a,Rozszerzony,4590
25,7,21.09.2021,0,0,Nie,Nie,Nie,Nie,c,Podstawowy,430
26,7,21.09.2021,0,0,Nie,Nie,Nie,Nie,d,Podstawowy,2300
27,7,21.09.2021,0,0,Nie,Nie,Nie,Nie,a,Podstawowy,60
28,7,21.09.2021,0,0,Nie,Nie,Nie,Nie,a,Podstawowy,1200
29,7,21.09.2021,0,0,Nie,Nie,Nie,Nie,d,Rozszerzony,2170
30,7,21.09.2021,0,0,Nie,Nie,Nie,Nie,a,Podstawowy,40
31,7,21.09.2021,0,0,Nie,Nie,Nie,Nie,d,Rozszerzony,9800
33,7,21.09.2021,0,0,Nie,Nie,Nie,Nie,a,Rozszerzony,1320
34,7,21.09.2021,0,0,Nie,Nie,Nie,Nie,c,Podstawowy,2240
35,7,21.09.2021,0,0,Nie,Nie,Nie,Nie,d,Rozszerzony,7660
37,7,21.09.2021,0,0,Nie,Nie,Nie,Nie,c,Podstawowy,4230
38,7,21.09.2021,0,0,Nie,Nie,Nie,Nie,d,Podstawowy,1090
39,7,21.09.2021,0,0,Nie,Nie,Nie,Nie,a,Podstawowy,260
40,7,21.09.2021,0,0,Nie,Nie,Nie,Nie,a,Podstawowy,180
42,7,21.09.2021,0,0,Nie,Nie,Nie,Nie,a,Rozszerzony,290
43,7,21.09.2021,0,0,Nie,Nie,Nie,Nie,d,Podstawowy,4880
44,7,21.09.2021,0,0,Nie,Nie,Nie,Nie,a,Podstawowy,540
45,7,21.09.2021,0,0,Nie,Nie,Nie,Nie,d,Podstawowy,9710
47,7,21.09.2021,0,0,Nie,Nie,Nie,Nie,a,Rozszerzony,270
48,7,21.09.2021,0,0,Nie,Nie,Nie,Nie,a,Podstawowy,1060
49,7,21.09.2021,0,0,Nie,Nie,Nie,Nie,d,Rozszerzony,18010
50,7,21.09.2021,0,0,Nie,Nie,Nie,Nie,d,Podstawowy,6260
1,6,20.09.2021,3911,500,Tak,Nie,Nie,Nie,c,Podstawowy,1270
2,6,20.09.2021,2473,306,Tak,Nie,Nie,Nie,a,Podstawowy,570
3,6,20.09.2021,3574,398,Tak,Nie,Nie,Nie,a,Podstawowy,14130
4,6,20.09.2021,10044,1388,Tak,Nie,Nie,Nie,c,Rozszerzony,620
5,6,20.09.2021,1946,218,Tak,Nie,Nie,Nie,a,Podstawowy,29910
6,6,20.09.2021,3079,365,Tak,Nie,Nie,Nie,a,Podstawowy,310
7,6,20.09.2021,5582,673,Tak,Nie,Nie,Nie,a,Rozszerzony,24000
8,6,20.09.2021,2626,359,Tak,Nie,Nie,Nie,a,Podstawowy,7520
9,6,20.09.2021,5770,539,Tak,Nie,Nie,Nie,a,Rozszerzony,2030
10,6,20.09.2021,5075,539,Tak,Nie,Nie,Nie,a,Podstawowy,3160
11,6,20.09.2021,6271,879,Tak,Nie,Nie,Nie,a,Rozszerzony,960
12,6,20.09.2021,6271,802,Tak,Nie,Nie,Nie,a,Rozszerzony,1070
14,6,20.09.2021,3280,407,Tak,Nie,Nie,Nie,a,Podstawowy,1300
15,6,20.09.2021,4689,538,Tak,Nie,Nie,Nie,d,Rozszerzony,4110
16,6,20.09.2021,5057,537,Tak,Nie,Nie,Nie,a,Rozszerzony,3270
17,6,20.09.2021,2347,352,Tak,Nie,Nie,Nie,a,Podstawowy,50
18,6,20.09.2021,3978,476,Tak,Nie,Nie,Nie,d,Rozszerzony,13840
19,6,20.09.2021,3774,392,Tak,Nie,Nie,Nie,a,Rozszerzony,3240
21,6,20.09.2021,4953,544,Tak,Nie,Nie,Nie,c,Rozszerzony,550
23,6,20.09.2021,3810,394,Tak,Nie,Nie,Nie,d,Podstawowy,4060
24,6,20.09.2021,6565,607,Tak,Nie,Nie,Nie,a,Rozszerzony,4590
25,6,20.09.2021,7800,1157,Tak,Nie,Nie,Nie,c,Podstawowy,430
26,6,20.09.2021,5132,489,Tak,Nie,Nie,Nie,d,Podstawowy,2300
27,6,20.09.2021,6304,833,Tak,Nie,Nie,Nie,a,Podstawowy,60
28,6,20.09.2021,2561,302,Tak,Nie,Nie,Nie,a,Podstawowy,1200
29,6,20.09.2021,6766,629,Tak,Nie,Nie,Nie,d,Rozszerzony,2170
30,6,20.09.2021,4095,680,Tak,Nie,Nie,Nie,a,Podstawowy,40
31,6,20.09.2021,4914,542,Tak,Nie,Nie,Nie,d,Rozszerzony,9800
33,6,20.09.2021,7373,790,Tak,Nie,Nie,Nie,a,Rozszerzony,1320
34,6,20.09.2021,6956,872,Tak,Nie,Nie,Nie,c,Podstawowy,2240
35,6,20.09.2021,7921,664,Tak,Nie,Nie,Nie,d,Rozszerzony,7660
37,6,20.09.2021,7924,925,Tak,Nie,Nie,Nie,c,Podstawowy,4230
38,6,20.09.2021,5652,560,Tak,Nie,Nie,Nie,d,Podstawowy,1090
39,6,20.09.2021,2459,340,Tak,Nie,Nie,Nie,a,Podstawowy,260
40,6,20.09.2021,4680,735,Tak,Nie,Nie,Nie,a,Podstawowy,180
42,6,20.09.2021,7271,855,Tak,Nie,Nie,Nie,a,Rozszerzony,290
43,6,20.09.2021,4474,410,Tak,Nie,Nie,Nie,d,Podstawowy,4880
44,6,20.09.2021,4238,499,Tak,Nie,Nie,Nie,a,Podstawowy,540
45,6,20.09.2021,4900,397,Tak,Nie,Nie,Nie,d,Podstawowy,9710
47,6,20.09.2021,5898,767,Tak,Nie,Nie,Nie,a,Rozszerzony,270
48,6,20.09.2021,2202,267,Tak,Nie,Nie,Nie,a,Podstawowy,1060
49,6,20.09.2021,6802,571,Tak,Nie,Nie,Nie,d,Rozszerzony,18010
50,6,20.09.2021,3417,330,Tak,Nie,Nie,Nie,d,Podstawowy,6260
1,5,19.09.2021,4128,485,Tak,Tak,Nie,Nie,c,Podstawowy,1270
2,5,19.09.2021,4491,547,Tak,Tak,Nie,Nie,a,Podstawowy,570
3,5,19.09.2021,7729,803,Tak,Tak,Nie,Nie,a,Podstawowy,14130
4,5,19.09.2021,8995,1228,Tak,Tak,Nie,Nie,c,Rozszerzony,620
5,5,19.09.2021,4899,598,Tak,Tak,Nie,Nie,a,Podstawowy,29910
6,5,19.09.2021,5151,610,Tak,Tak,Nie,Nie,a,Podstawowy,310
7,5,19.09.2021,9661,1086,Tak,Tak,Nie,Nie,a,Rozszerzony,24000
8,5,19.09.2021,5685,673,Tak,Tak,Nie,Nie,a,Podstawowy,7520
9,5,19.09.2021,7345,643,Tak,Tak,Nie,Nie,a,Rozszerzony,2030
10,5,19.09.2021,5512,609,Tak,Tak,Nie,Nie,a,Podstawowy,3160
11,5,19.09.2021,7058,1066,Tak,Tak,Nie,Nie,a,Rozszerzony,960
12,5,19.09.2021,7426,939,Tak,Tak,Nie,Nie,a,Rozszerzony,1070
14,5,19.09.2021,6042,669,Tak,Tak,Nie,Nie,a,Podstawowy,1300
15,5,19.09.2021,6557,657,Tak,Tak,Nie,Nie,d,Rozszerzony,4110
16,5,19.09.2021,7856,916,Tak,Tak,Nie,Nie,a,Rozszerzony,3270
17,5,19.09.2021,6718,806,Tak,Tak,Nie,Nie,a,Podstawowy,50
18,5,19.09.2021,7138,794,Tak,Tak,Nie,Nie,d,Rozszerzony,13840
19,5,19.09.2021,7365,710,Tak,Tak,Nie,Nie,a,Rozszerzony,3240
21,5,19.09.2021,6370,589,Tak,Tak,Nie,Nie,c,Rozszerzony,550
23,5,19.09.2021,5930,519,Tak,Tak,Nie,Nie,d,Podstawowy,4060
24,5,19.09.2021,8875,844,Tak,Tak,Nie,Nie,a,Rozszerzony,4590
25,5,19.09.2021,9444,1403,Tak,Tak,Nie,Nie,c,Podstawowy,430
26,5,19.09.2021,7009,597,Tak,Tak,Nie,Nie,d,Podstawowy,2300
27,5,19.09.2021,9059,1018,Tak,Tak,Nie,Nie,a,Podstawowy,60
28,5,19.09.2021,5386,598,Tak,Tak,Nie,Nie,a,Podstawowy,1200
29,5,19.09.2021,7793,694,Tak,Tak,Nie,Nie,d,Rozszerzony,2170
30,5,19.09.2021,3931,627,Tak,Tak,Nie,Nie,a,Podstawowy,40
31,5,19.09.2021,5965,579,Tak,Tak,Nie,Nie,d,Rozszerzony,9800
33,5,19.09.2021,8192,791,Tak,Tak,Nie,Nie,a,Rozszerzony,1320
34,5,19.09.2021,7751,1007,Tak,Tak,Nie,Nie,c,Podstawowy,2240
35,5,19.09.2021,9967,767,Tak,Tak,Nie,Nie,d,Rozszerzony,7660
37,5,19.09.2021,8363,872,Tak,Tak,Nie,Nie,c,Podstawowy,4230
38,5,19.09.2021,6298,542,Tak,Tak,Nie,Nie,d,Podstawowy,1090
39,5,19.09.2021,4963,643,Tak,Tak,Nie,Nie,a,Podstawowy,260
40,5,19.09.2021,4594,625,Tak,Tak,Nie,Nie,a,Podstawowy,180
42,5,19.09.2021,10406,1072,Tak,Tak,Nie,Nie,a,Rozszerzony,290
43,5,19.09.2021,7307,669,Tak,Tak,Nie,Nie,d,Podstawowy,4880
44,5,19.09.2021,6530,791,Tak,Tak,Nie,Nie,a,Podstawowy,540
45,5,19.09.2021,5104,399,Tak,Tak,Nie,Nie,d,Podstawowy,9710
47,5,19.09.2021,7509,949,Tak,Tak,Nie,Nie,a,Rozszerzony,270
48,5,19.09.2021,3965,384,Tak,Tak,Nie,Nie,a,Podstawowy,1060
49,5,19.09.2021,8339,630,Tak,Tak,Nie,Nie,d,Rozszerzony,18010
50,5,19.09.2021,4371,372,Tak,Tak,Nie,Nie,d,Podstawowy,6260
1,4,18.09.2021,3740,447,Tak,Tak,Nie,Nie,c,Podstawowy,1270
2,4,18.09.2021,4994,556,Tak,Tak,Nie,Nie,a,Podstawowy,570
3,4,18.09.2021,7563,775,Tak,Tak,Nie,Nie,a,Podstawowy,14130
4,4,18.09.2021,8958,1196,Tak,Tak,Nie,Nie,c,Rozszerzony,620
5,4,18.09.2021,5003,568,Tak,Tak,Nie,Nie,a,Podstawowy,29910
6,4,18.09.2021,5372,611,Tak,Tak,Nie,Nie,a,Podstawowy,310
7,4,18.09.2021,8645,973,Tak,Tak,Nie,Nie,a,Rozszerzony,24000
8,4,18.09.2021,6552,836,Tak,Tak,Nie,Nie,a,Podstawowy,7520
9,4,18.09.2021,5796,576,Tak,Tak,Nie,Nie,a,Rozszerzony,2030
10,4,18.09.2021,5511,620,Tak,Tak,Nie,Nie,a,Podstawowy,3160
11,4,18.09.2021,7472,1081,Tak,Tak,Nie,Nie,a,Rozszerzony,960
12,4,18.09.2021,7549,910,Tak,Tak,Nie,Nie,a,Rozszerzony,1070
14,4,18.09.2021,5620,613,Tak,Tak,Nie,Nie,a,Podstawowy,1300
15,4,18.09.2021,6260,655,Tak,Tak,Nie,Nie,d,Rozszerzony,4110
16,4,18.09.2021,7921,961,Tak,Tak,Nie,Nie,a,Rozszerzony,3270
17,4,18.09.2021,6602,790,Tak,Tak,Nie,Nie,a,Podstawowy,50
18,4,18.09.2021,6786,713,Tak,Tak,Nie,Nie,d,Rozszerzony,13840
19,4,18.09.2021,7109,643,Tak,Tak,Nie,Nie,a,Rozszerzony,3240
21,4,18.09.2021,4974,494,Tak,Tak,Nie,Nie,c,Rozszerzony,550
23,4,18.09.2021,5718,502,Tak,Tak,Nie,Nie,d,Podstawowy,4060
24,4,18.09.2021,8317,787,Tak,Tak,Nie,Nie,a,Rozszerzony,4590
25,4,18.09.2021,10073,1534,Tak,Tak,Nie,Nie,c,Podstawowy,430
26,4,18.09.2021,7382,593,Tak,Tak,Nie,Nie,d,Podstawowy,2300
27,4,18.09.2021,9500,1102,Tak,Tak,Nie,Nie,a,Podstawowy,60
28,4,18.09.2021,6424,684,Tak,Tak,Nie,Nie,a,Podstawowy,1200
29,4,18.09.2021,7602,657,Tak,Tak,Nie,Nie,d,Rozszerzony,2170
30,4,18.09.2021,5157,691,Tak,Tak,Nie,Nie,a,Podstawowy,40
31,4,18.09.2021,5686,564,Tak,Tak,Nie,Nie,d,Rozszerzony,9800
33,4,18.09.2021,6562,739,Tak,Tak,Nie,Nie,a,Rozszerzony,1320
34,4,18.09.2021,6988,934,Tak,Tak,Nie,Nie,c,Podstawowy,2240
35,4,18.09.2021,9636,728,Tak,Tak,Nie,Nie,d,Rozszerzony,7660
37,4,18.09.2021,6236,693,Tak,Tak,Nie,Nie,c,Podstawowy,4230
38,4,18.09.2021,5812,530,Tak,Tak,Nie,Nie,d,Podstawowy,1090
39,4,18.09.2021,4963,602,Tak,Tak,Nie,Nie,a,Podstawowy,260
40,4,18.09.2021,4681,657,Tak,Tak,Nie,Nie,a,Podstawowy,180
42,4,18.09.2021,9561,1027,Tak,Tak,Nie,Nie,a,Rozszerzony,290
43,4,18.09.2021,7821,654,Tak,Tak,Nie,Nie,d,Podstawowy,4880
44,4,18.09.2021,5962,710,Tak,Tak,Nie,Nie,a,Podstawowy,540
45,4,18.09.2021,4767,389,Tak,Tak,Nie,Nie,d,Podstawowy,9710
47,4,18.09.2021,6961,893,Tak,Tak,Nie,Nie,a,Rozszerzony,270
48,4,18.09.2021,3220,355,Tak,Tak,Nie,Nie,a,Podstawowy,1060
49,4,18.09.2021,7093,530,Tak,Tak,Nie,Nie,d,Rozszerzony,18010
50,4,18.09.2021,4300,340,Tak,Tak,Nie,Nie,d,Podstawowy,6260
1,3,17.09.2021,4383,490,Tak,Tak,Nie,Nie,c,Podstawowy,1270
2,3,17.09.2021,6469,762,Tak,Tak,Nie,Nie,a,Podstawowy,570
3,3,17.09.2021,8034,795,Tak,Tak,Nie,Nie,a,Podstawowy,14130
4,3,17.09.2021,8594,1173,Tak,Tak,Nie,Nie,c,Rozszerzony,620
5,3,17.09.2021,5685,651,Tak,Tak,Nie,Nie,a,Podstawowy,29910
6,3,17.09.2021,5298,614,Tak,Tak,Nie,Nie,a,Podstawowy,310
7,3,17.09.2021,8614,912,Tak,Tak,Nie,Nie,a,Rozszerzony,24000
8,3,17.09.2021,6038,702,Tak,Tak,Nie,Nie,a,Podstawowy,7520
9,3,17.09.2021,6152,555,Tak,Tak,Nie,Nie,a,Rozszerzony,2030
10,3,17.09.2021,5714,614,Tak,Tak,Nie,Nie,a,Podstawowy,3160
11,3,17.09.2021,8334,1241,Tak,Tak,Nie,Nie,a,Rozszerzony,960
12,3,17.09.2021,7610,949,Tak,Tak,Nie,Nie,a,Rozszerzony,1070
14,3,17.09.2021,5298,585,Tak,Tak,Nie,Nie,a,Podstawowy,1300
15,3,17.09.2021,6488,638,Tak,Tak,Nie,Nie,d,Rozszerzony,4110
16,3,17.09.2021,7908,970,Tak,Tak,Nie,Nie,a,Rozszerzony,3270
17,3,17.09.2021,7092,843,Tak,Tak,Nie,Nie,a,Podstawowy,50
18,3,17.09.2021,7212,769,Tak,Tak,Nie,Nie,d,Rozszerzony,13840
19,3,17.09.2021,6694,621,Tak,Tak,Nie,Nie,a,Rozszerzony,3240
21,3,17.09.2021,5710,554,Tak,Tak,Nie,Nie,c,Rozszerzony,550
23,3,17.09.2021,5617,463,Tak,Tak,Nie,Nie,d,Podstawowy,4060
24,3,17.09.2021,9067,853,Tak,Tak,Nie,Nie,a,Rozszerzony,4590
25,3,17.09.2021,10277,1488,Tak,Tak,Nie,Nie,c,Podstawowy,430
26,3,17.09.2021,6582,491,Tak,Tak,Nie,Nie,d,Podstawowy,2300
27,3,17.09.2021,10609,1119,Tak,Tak,Nie,Nie,a,Podstawowy,60
28,3,17.09.2021,5314,576,Tak,Tak,Nie,Nie,a,Podstawowy,1200
29,3,17.09.2021,7053,645,Tak,Tak,Nie,Nie,d,Rozszerzony,2170
30,3,17.09.2021,4844,657,Tak,Tak,Nie,Nie,a,Podstawowy,40
31,3,17.09.2021,5287,512,Tak,Tak,Nie,Nie,d,Rozszerzony,9800
33,3,17.09.2021,6724,733,Tak,Tak,Nie,Nie,a,Rozszerzony,1320
34,3,17.09.2021,8145,984,Tak,Tak,Nie,Nie,c,Podstawowy,2240
35,3,17.09.2021,9648,684,Tak,Tak,Nie,Nie,d,Rozszerzony,7660
37,3,17.09.2021,5862,594,Tak,Tak,Nie,Nie,c,Podstawowy,4230
38,3,17.09.2021,5198,493,Tak,Tak,Nie,Nie,d,Podstawowy,1090
39,3,17.09.2021,5132,635,Tak,Tak,Nie,Nie,a,Podstawowy,260
40,3,17.09.2021,4522,604,Tak,Tak,Nie,Nie,a,Podstawowy,180
42,3,17.09.2021,11104,1217,Tak,Tak,Nie,Nie,a,Rozszerzony,290
43,3,17.09.2021,6882,595,Tak,Tak,Nie,Nie,d,Podstawowy,4880
44,3,17.09.2021,7617,853,Tak,Tak,Nie,Nie,a,Podstawowy,540
45,3,17.09.2021,5113,378,Tak,Tak,Nie,Nie,d,Podstawowy,9710
47,3,17.09.2021,8095,1005,Tak,Tak,Nie,Nie,a,Rozszerzony,270
48,3,17.09.2021,3823,385,Tak,Tak,Nie,Nie,a,Podstawowy,1060
49,3,17.09.2021,7472,595,Tak,Tak,Nie,Nie,d,Rozszerzony,18010
50,3,17.09.2021,3709,326,Tak,Tak,Nie,Nie,d,Podstawowy,6260
1,2,16.09.2021,4381,511,Tak,Tak,Nie,Nie,c,Podstawowy,1270
2,2,16.09.2021,6207,663,Tak,Tak,Nie,Nie,a,Podstawowy,570
3,2,16.09.2021,8607,879,Tak,Tak,Nie,Nie,a,Podstawowy,14130
4,2,16.09.2021,9140,1223,Tak,Tak,Nie,Nie,c,Rozszerzony,620
5,2,16.09.2021,5438,621,Tak,Tak,Nie,Nie,a,Podstawowy,29910
6,2,16.09.2021,5947,643,Tak,Tak,Nie,Nie,a,Podstawowy,310
7,2,16.09.2021,11201,1182,Tak,Tak,Nie,Nie,a,Rozszerzony,24000
8,2,16.09.2021,7046,772,Tak,Tak,Nie,Nie,a,Podstawowy,7520
9,2,16.09.2021,7089,646,Tak,Tak,Nie,Nie,a,Rozszerzony,2030
10,2,16.09.2021,6124,634,Tak,Tak,Nie,Nie,a,Podstawowy,3160
11,2,16.09.2021,8144,1214,Tak,Tak,Nie,Nie,a,Rozszerzony,960
12,2,16.09.2021,8632,966,Tak,Tak,Nie,Nie,a,Rozszerzony,1070
14,2,16.09.2021,6211,694,Tak,Tak,Nie,Nie,a,Podstawowy,1300
15,2,16.09.2021,6226,614,Tak,Tak,Nie,Nie,d,Rozszerzony,4110
16,2,16.09.2021,9340,1106,Tak,Tak,Nie,Nie,a,Rozszerzony,3270
17,2,16.09.2021,9010,1011,Tak,Tak,Nie,Nie,a,Podstawowy,50
18,2,16.09.2021,7525,764,Tak,Tak,Nie,Nie,d,Rozszerzony,13840
19,2,16.09.2021,7774,694,Tak,Tak,Nie,Nie,a,Rozszerzony,3240
21,2,16.09.2021,6415,576,Tak,Tak,Nie,Nie,c,Rozszerzony,550
23,2,16.09.2021,6336,546,Tak,Tak,Nie,Nie,d,Podstawowy,4060
24,2,16.09.2021,10465,902,Tak,Tak,Nie,Nie,a,Rozszerzony,4590
25,2,16.09.2021,11821,1672,Tak,Tak,Nie,Nie,c,Podstawowy,430
26,2,16.09.2021,7052,555,Tak,Tak,Nie,Nie,d,Podstawowy,2300
27,2,16.09.2021,11751,1234,Tak,Tak,Nie,Nie,a,Podstawowy,60
28,2,16.09.2021,6678,735,Tak,Tak,Nie,Nie,a,Podstawowy,1200
29,2,16.09.2021,9022,751,Tak,Tak,Nie,Nie,d,Rozszerzony,2170
30,2,16.09.2021,6319,850,Tak,Tak,Nie,Nie,a,Podstawowy,40
31,2,16.09.2021,6105,564,Tak,Tak,Nie,Nie,d,Rozszerzony,9800
33,2,16.09.2021,8932,850,Tak,Tak,Nie,Nie,a,Rozszerzony,1320
34,2,16.09.2021,8588,1089,Tak,Tak,Nie,Nie,c,Podstawowy,2240
35,2,16.09.2021,11412,815,Tak,Tak,Nie,Nie,d,Rozszerzony,7660
37,2,16.09.2021,6399,657,Tak,Tak,Nie,Nie,c,Podstawowy,4230
38,2,16.09.2021,7020,551,Tak,Tak,Nie,Nie,d,Podstawowy,1090
39,2,16.09.2021,5456,668,Tak,Tak,Nie,Nie,a,Podstawowy,260
40,2,16.09.2021,5893,732,Tak,Tak,Nie,Nie,a,Podstawowy,180
42,2,16.09.2021,10773,1136,Tak,Tak,Nie,Nie,a,Rozszerzony,290
43,2,16.09.2021,8542,667,Tak,Tak,Nie,Nie,d,Podstawowy,4880
44,2,16.09.2021,7997,877,Tak,Tak,Nie,Nie,a,Podstawowy,540
45,2,16.09.2021,5058,374,Tak,Tak,Nie,Nie,d,Podstawowy,9710
47,2,16.09.2021,8020,987,Tak,Tak,Nie,Nie,a,Rozszerzony,270
48,2,16.09.2021,4435,428,Tak,Tak,Nie,Nie,a,Podstawowy,1060
49,2,16.09.2021,8721,641,Tak,Tak,Nie,Nie,d,Rozszerzony,18010
50,2,16.09.2021,4666,347,Tak,Tak,Nie,Nie,d,Podstawowy,6260
1,1,15.09.2021,4611,545,Tak,Tak,Nie,Nie,c,Podstawowy,1270
2,1,15.09.2021,6997,735,Tak,Tak,Nie,Nie,a,Podstawowy,570
3,1,15.09.2021,10098,977,Tak,Tak,Nie,Nie,a,Podstawowy,14130
4,1,15.09.2021,11450,1471,Tak,Tak,Nie,Nie,c,Rozszerzony,620
5,1,15.09.2021,7797,735,Tak,Tak,Nie,Nie,a,Podstawowy,29910
6,1,15.09.2021,6826,738,Tak,Tak,Nie,Nie,a,Podstawowy,310
7,1,15.09.2021,11534,1121,Tak,Tak,Nie,Nie,a,Rozszerzony,24000
8,1,15.09.2021,8513,895,Tak,Tak,Nie,Nie,a,Podstawowy,7520
9,1,15.09.2021,9517,800,Tak,Tak,Nie,Nie,a,Rozszerzony,2030
10,1,15.09.2021,7583,766,Tak,Tak,Nie,Nie,a,Podstawowy,3160
11,1,15.09.2021,9531,1295,Tak,Tak,Nie,Nie,a,Rozszerzony,960
12,1,15.09.2021,11150,1151,Tak,Tak,Nie,Nie,a,Rozszerzony,1070
14,1,15.09.2021,7621,770,Tak,Tak,Nie,Nie,a,Podstawowy,1300
15,1,15.09.2021,8315,753,Tak,Tak,Nie,Nie,d,Rozszerzony,4110
16,1,15.09.2021,10679,1126,Tak,Tak,Nie,Nie,a,Rozszerzony,3270
17,1,15.09.2021,10743,1107,Tak,Tak,Nie,Nie,a,Podstawowy,50
18,1,15.09.2021,9193,914,Tak,Tak,Nie,Nie,d,Rozszerzony,13840
19,1,15.09.2021,9408,828,Tak,Tak,Nie,Nie,a,Rozszerzony,3240
21,1,15.09.2021,9813,742,Tak,Tak,Nie,Nie,c,Rozszerzony,550
23,1,15.09.2021,8124,625,Tak,Tak,Nie,Nie,d,Podstawowy,4060
24,1,15.09.2021,13285,1080,Tak,Tak,Nie,Nie,a,Rozszerzony,4590
25,1,15.09.2021,12388,1711,Tak,Tak,Nie,Nie,c,Podstawowy,430
26,1,15.09.2021,10326,776,Tak,Tak,Nie,Nie,d,Podstawowy,2300
27,1,15.09.2021,13715,1317,Tak,Tak,Nie,Nie,a,Podstawowy,60
28,1,15.09.2021,8079,850,Tak,Tak,Nie,Nie,a,Podstawowy,1200
29,1,15.09.2021,12321,898,Tak,Tak,Nie,Nie,d,Rozszerzony,2170
30,1,15.09.2021,6642,855,Tak,Tak,Nie,Nie,a,Podstawowy,40
31,1,15.09.2021,6145,625,Tak,Tak,Nie,Nie,d,Rozszerzony,9800
33,1,15.09.2021,10080,970,Tak,Tak,Nie,Nie,a,Rozszerzony,1320
34,1,15.09.2021,9431,1107,Tak,Tak,Nie,Nie,c,Podstawowy,2240
35,1,15.09.2021,13585,919,Tak,Tak,Nie,Nie,d,Rozszerzony,7660
37,1,15.09.2021,8568,775,Tak,Tak,Nie,Nie,c,Podstawowy,4230
38,1,15.09.2021,8078,680,Tak,Tak,Nie,Nie,d,Podstawowy,1090
39,1,15.09.2021,7197,790,Tak,Tak,Nie,Nie,a,Podstawowy,260
40,1,15.09.2021,5339,715,Tak,Tak,Nie,Nie,a,Podstawowy,180
42,1,15.09.2021,13840,1353,Tak,Tak,Nie,Nie,a,Rozszerzony,290
43,1,15.09.2021,9131,739,Tak,Tak,Nie,Nie,d,Podstawowy,4880
44,1,15.09.2021,9900,1002,Tak,Tak,Nie,Nie,a,Podstawowy,540
45,1,15.09.2021,5983,447,Tak,Tak,Nie,Nie,d,Podstawowy,9710
47,1,15.09.2021,8615,1057,Tak,Tak,Nie,Nie,a,Rozszerzony,270
48,1,15.09.2021,4972,480,Tak,Tak,Nie,Nie,a,Podstawowy,1060
49,1,15.09.2021,10707,703,Tak,Tak,Nie,Nie,d,Rozszerzony,18010
50,1,15.09.2021,5396,432,Tak,Tak,Nie,Nie,d,Podstawowy,6260
1,7,14.09.2021,0,0,Nie,Nie,Nie,Nie,c,Podstawowy,1270
2,7,14.09.2021,0,0,Nie,Nie,Nie,Nie,a,Podstawowy,570
3,7,14.09.2021,0,0,Nie,Nie,Nie,Nie,a,Podstawowy,14130
4,7,14.09.2021,0,0,Nie,Nie,Nie,Nie,c,Rozszerzony,620
5,7,14.09.2021,0,0,Nie,Nie,Nie,Nie,a,Podstawowy,29910
6,7,14.09.2021,0,0,Nie,Nie,Nie,Nie,a,Podstawowy,310
7,7,14.09.2021,0,0,Nie,Nie,Nie,Nie,a,Rozszerzony,24000
8,7,14.09.2021,0,0,Nie,Nie,Nie,Nie,a,Podstawowy,7520
9,7,14.09.2021,0,0,Nie,Nie,Nie,Nie,a,Rozszerzony,2030
10,7,14.09.2021,0,0,Nie,Nie,Nie,Nie,a,Podstawowy,3160
11,7,14.09.2021,0,0,Nie,Nie,Nie,Nie,a,Rozszerzony,960
12,7,14.09.2021,0,0,Nie,Nie,Nie,Nie,a,Rozszerzony,1070
14,7,14.09.2021,0,0,Nie,Nie,Nie,Nie,a,Podstawowy,1300
15,7,14.09.2021,0,0,Nie,Nie,Nie,Nie,d,Rozszerzony,4110
16,7,14.09.2021,0,0,Nie,Nie,Nie,Nie,a,Rozszerzony,3270
17,7,14.09.2021,0,0,Nie,Nie,Nie,Nie,a,Podstawowy,50
18,7,14.09.2021,0,0,Nie,Nie,Nie,Nie,d,Rozszerzony,13840
19,7,14.09.2021,0,0,Nie,Nie,Nie,Nie,a,Rozszerzony,3240
21,7,14.09.2021,0,0,Nie,Nie,Nie,Nie,c,Rozszerzony,550
23,7,14.09.2021,0,0,Nie,Nie,Nie,Nie,d,Podstawowy,4060
24,7,14.09.2021,0,0,Nie,Nie,Nie,Nie,a,Rozszerzony,4590
25,7,14.09.2021,0,0,Nie,Nie,Nie,Nie,c,Podstawowy,430
26,7,14.09.2021,0,0,Nie,Nie,Nie,Nie,d,Podstawowy,2300
27,7,14.09.2021,0,0,Nie,Nie,Nie,Nie,a,Podstawowy,60
28,7,14.09.2021,0,0,Nie,Nie,Nie,Nie,a,Podstawowy,1200
29,7,14.09.2021,0,0,Nie,Nie,Nie,Nie,d,Rozszerzony,2170
30,7,14.09.2021,0,0,Nie,Nie,Nie,Nie,a,Podstawowy,40
31,7,14.09.2021,0,0,Nie,Nie,Nie,Nie,d,Rozszerzony,9800
33,7,14.09.2021,0,0,Nie,Nie,Nie,Nie,a,Rozszerzony,1320
34,7,14.09.2021,0,0,Nie,Nie,Nie,Nie,c,Podstawowy,2240
35,7,14.09.2021,0,0,Nie,Nie,Nie,Nie,d,Rozszerzony,7660
37,7,14.09.2021,0,0,Nie,Nie,Nie,Nie,c,Podstawowy,4230
38,7,14.09.2021,0,0,Nie,Nie,Nie,Nie,d,Podstawowy,1090
39,7,14.09.2021,0,0,Nie,Nie,Nie,Nie,a,Podstawowy,260
40,7,14.09.2021,0,0,Nie,Nie,Nie,Nie,a,Podstawowy,180
42,7,14.09.2021,0,0,Nie,Nie,Nie,Nie,a,Rozszerzony,290
43,7,14.09.2021,0,0,Nie,Nie,Nie,Nie,d,Podstawowy,4880
44,7,14.09.2021,0,0,Nie,Nie,Nie,Nie,a,Podstawowy,540
45,7,14.09.2021,0,0,Nie,Nie,Nie,Nie,d,Podstawowy,9710
47,7,14.09.2021,0,0,Nie,Nie,Nie,Nie,a,Rozszerzony,270
48,7,14.09.2021,0,0,Nie,Nie,Nie,Nie,a,Podstawowy,1060
49,7,14.09.2021,0,0,Nie,Nie,Nie,Nie,d,Rozszerzony,18010
50,7,14.09.2021,0,0,Nie,Nie,Nie,Nie,d,Podstawowy,6260
1,6,13.09.2021,4270,508,Tak,Nie,Nie,Nie,c,Podstawowy,1270
2,6,13.09.2021,2593,318,Tak,Nie,Nie,Nie,a,Podstawowy,570
3,6,13.09.2021,3737,439,Tak,Nie,Nie,Nie,a,Podstawowy,14130
4,6,13.09.2021,9563,1311,Tak,Nie,Nie,Nie,c,Rozszerzony,620
5,6,13.09.2021,2107,214,Tak,Nie,Nie,Nie,a,Podstawowy,29910
6,6,13.09.2021,3151,410,Tak,Nie,Nie,Nie,a,Podstawowy,310
7,6,13.09.2021,5890,659,Tak,Nie,Nie,Nie,a,Rozszerzony,24000
8,6,13.09.2021,3268,386,Tak,Nie,Nie,Nie,a,Podstawowy,7520
9,6,13.09.2021,6620,552,Tak,Nie,Nie,Nie,a,Rozszerzony,2030
10,6,13.09.2021,4601,468,Tak,Nie,Nie,Nie,a,Podstawowy,3160
11,6,13.09.2021,5645,831,Tak,Nie,Nie,Nie,a,Rozszerzony,960
12,6,13.09.2021,5645,757,Tak,Nie,Nie,Nie,a,Rozszerzony,1070
14,6,13.09.2021,3576,399,Tak,Nie,Nie,Nie,a,Podstawowy,1300
15,6,13.09.2021,5174,607,Tak,Nie,Nie,Nie,d,Rozszerzony,4110
16,6,13.09.2021,4996,555,Tak,Nie,Nie,Nie,a,Rozszerzony,3270
17,6,13.09.2021,2676,358,Tak,Nie,Nie,Nie,a,Podstawowy,50
18,6,13.09.2021,4498,507,Tak,Nie,Nie,Nie,d,Rozszerzony,13840
19,6,13.09.2021,4078,419,Tak,Nie,Nie,Nie,a,Rozszerzony,3240
21,6,13.09.2021,5820,549,Tak,Nie,Nie,Nie,c,Rozszerzony,550
23,6,13.09.2021,3905,404,Tak,Nie,Nie,Nie,d,Podstawowy,4060
24,6,13.09.2021,6764,684,Tak,Nie,Nie,Nie,a,Rozszerzony,4590
25,6,13.09.2021,7875,1182,Tak,Nie,Nie,Nie,c,Podstawowy,430
26,6,13.09.2021,6466,579,Tak,Nie,Nie,Nie,d,Podstawowy,2300
27,6,13.09.2021,7038,854,Tak,Nie,Nie,Nie,a,Podstawowy,60
28,6,13.09.2021,3180,404,Tak,Nie,Nie,Nie,a,Podstawowy,1200
29,6,13.09.2021,6572,630,Tak,Nie,Nie,Nie,d,Rozszerzony,2170
30,6,13.09.2021,4035,670,Tak,Nie,Nie,Nie,a,Podstawowy,40
31,6,13.09.2021,5356,580,Tak,Nie,Nie,Nie,d,Rozszerzony,9800
33,6,13.09.2021,7611,840,Tak,Nie,Nie,Nie,a,Rozszerzony,1320
34,6,13.09.2021,7340,947,Tak,Nie,Nie,Nie,c,Podstawowy,2240
35,6,13.09.2021,7399,662,Tak,Nie,Nie,Nie,d,Rozszerzony,7660
37,6,13.09.2021,7317,919,Tak,Nie,Nie,Nie,c,Podstawowy,4230
38,6,13.09.2021,5642,577,Tak,Nie,Nie,Nie,d,Podstawowy,1090
39,6,13.09.2021,2562,361,Tak,Nie,Nie,Nie,a,Podstawowy,260
40,6,13.09.2021,5618,755,Tak,Nie,Nie,Nie,a,Podstawowy,180
42,6,13.09.2021,7931,904,Tak,Nie,Nie,Nie,a,Rozszerzony,290
43,6,13.09.2021,4237,415,Tak,Nie,Nie,Nie,d,Podstawowy,4880
44,6,13.09.2021,4087,513,Tak,Nie,Nie,Nie,a,Podstawowy,540
45,6,13.09.2021,5839,453,Tak,Nie,Nie,Nie,d,Podstawowy,9710
47,6,13.09.2021,6381,773,Tak,Nie,Nie,Nie,a,Rozszerzony,270
48,6,13.09.2021,2211,244,Tak,Nie,Nie,Nie,a,Podstawowy,1060
49,6,13.09.2021,7948,606,Tak,Nie,Nie,Nie,d,Rozszerzony,18010
50,6,13.09.2021,4298,366,Tak,Nie,Nie,Nie,d,Podstawowy,6260
1,5,12.09.2021,3906,501,Tak,Nie,Nie,Nie,c,Podstawowy,1270
2,5,12.09.2021,3323,435,Tak,Nie,Nie,Nie,a,Podstawowy,570
3,5,12.09.2021,5665,705,Tak,Nie,Nie,Nie,a,Podstawowy,14130
4,5,12.09.2021,7603,1114,Tak,Nie,Nie,Nie,c,Rozszerzony,620
5,5,12.09.2021,3869,463,Tak,Nie,Nie,Nie,a,Podstawowy,29910
6,5,12.09.2021,4558,516,Tak,Nie,Nie,Nie,a,Podstawowy,310
7,5,12.09.2021,7968,1007,Tak,Nie,Nie,Nie,a,Rozszerzony,24000
8,5,12.09.2021,4859,627,Tak,Nie,Nie,Nie,a,Podstawowy,7520
9,5,12.09.2021,5642,543,Tak,Nie,Nie,Nie,a,Rozszerzony,2030
10,5,12.09.2021,5471,594,Tak,Nie,Nie,Nie,a,Podstawowy,3160
11,5,12.09.2021,7184,1109,Tak,Nie,Nie,Nie,a,Rozszerzony,960
12,5,12.09.2021,5994,793,Tak,Nie,Nie,Nie,a,Rozszerzony,1070
14,5,12.09.2021,4612,599,Tak,Nie,Nie,Nie,a,Podstawowy,1300
15,5,12.09.2021,5458,568,Tak,Nie,Nie,Nie,d,Rozszerzony,4110
16,5,12.09.2021,5525,622,Tak,Nie,Nie,Tak,a,Rozszerzony,3270
17,5,12.09.2021,4802,706,Tak,Nie,Nie,Nie,a,Podstawowy,50
18,5,12.09.2021,5898,693,Tak,Nie,Nie,Nie,d,Rozszerzony,13840
19,5,12.09.2021,5733,629,Tak,Nie,Nie,Nie,a,Rozszerzony,3240
21,5,12.09.2021,4242,417,Tak,Nie,Nie,Tak,c,Rozszerzony,550
23,5,12.09.2021,4850,474,Tak,Nie,Nie,Nie,d,Podstawowy,4060
24,5,12.09.2021,7844,783,Tak,Nie,Nie,Nie,a,Rozszerzony,4590
25,5,12.09.2021,8875,1362,Tak,Nie,Nie,Nie,c,Podstawowy,430
26,5,12.09.2021,6023,509,Tak,Nie,Nie,Nie,d,Podstawowy,2300
27,5,12.09.2021,6212,866,Tak,Nie,Nie,Nie,a,Podstawowy,60
28,5,12.09.2021,7361,840,Tak,Nie,Nie,Nie,a,Podstawowy,1200
29,5,12.09.2021,5906,602,Tak,Nie,Nie,Nie,d,Rozszerzony,2170
30,5,12.09.2021,3175,530,Tak,Nie,Nie,Nie,a,Podstawowy,40
31,5,12.09.2021,5458,577,Tak,Nie,Nie,Nie,d,Rozszerzony,9800
33,5,12.09.2021,6674,709,Tak,Nie,Nie,Nie,a,Rozszerzony,1320
34,5,12.09.2021,6634,915,Tak,Nie,Nie,Nie,c,Podstawowy,2240
35,5,12.09.2021,7857,674,Tak,Nie,Nie,Nie,d,Rozszerzony,7660
37,5,12.09.2021,6662,731,Tak,Nie,Nie,Nie,c,Podstawowy,4230
38,5,12.09.2021,4553,421,Tak,Nie,Nie,Nie,d,Podstawowy,1090
39,5,12.09.2021,3365,509,Tak,Nie,Nie,Nie,a,Podstawowy,260
40,5,12.09.2021,4398,598,Tak,Nie,Nie,Nie,a,Podstawowy,180
42,5,12.09.2021,8173,951,Tak,Nie,Nie,Nie,a,Rozszerzony,290
43,5,12.09.2021,6047,614,Tak,Nie,Nie,Nie,d,Podstawowy,4880
44,5,12.09.2021,5473,666,Tak,Nie,Nie,Nie,a,Podstawowy,540
45,5,12.09.2021,4642,377,Tak,Nie,Nie,Nie,d,Podstawowy,9710
47,5,12.09.2021,5531,781,Tak,Nie,Nie,Nie,a,Rozszerzony,270
48,5,12.09.2021,3191,378,Tak,Nie,Nie,Nie,a,Podstawowy,1060
49,5,12.09.2021,6324,482,Tak,Nie,Nie,Tak,d,Rozszerzony,18010
50,5,12.09.2021,3538,319,Tak,Nie,Nie,Nie,d,Podstawowy,6260
1,4,11.09.2021,3392,437,Tak,Nie,Nie,Nie,c,Podstawowy,1270
2,4,11.09.2021,4123,477,Tak,Nie,Nie,Nie,a,Podstawowy,570
3,4,11.09.2021,5389,724,Tak,Nie,Nie,Nie,a,Podstawowy,14130
4,4,11.09.2021,7924,1155,Tak,Nie,Nie,Nie,c,Rozszerzony,620
5,4,11.09.2021,4557,533,Tak,Nie,Nie,Nie,a,Podstawowy,29910
6,4,11.09.2021,4365,558,Tak,Nie,Nie,Nie,a,Podstawowy,310
7,4,11.09.2021,7518,933,Tak,Nie,Nie,Nie,a,Rozszerzony,24000
8,4,11.09.2021,5369,729,Tak,Nie,Nie,Nie,a,Podstawowy,7520
9,4,11.09.2021,5152,502,Tak,Nie,Nie,Nie,a,Rozszerzony,2030
10,4,11.09.2021,4512,563,Tak,Nie,Nie,Nie,a,Podstawowy,3160
11,4,11.09.2021,6803,1119,Tak,Nie,Nie,Nie,a,Rozszerzony,960
12,4,11.09.2021,5703,799,Tak,Nie,Nie,Nie,a,Rozszerzony,1070
14,4,11.09.2021,4722,579,Tak,Nie,Nie,Nie,a,Podstawowy,1300
15,4,11.09.2021,5349,598,Tak,Nie,Nie,Nie,d,Rozszerzony,4110
16,4,11.09.2021,6444,732,Tak,Nie,Nie,Tak,a,Rozszerzony,3270
17,4,11.09.2021,5058,743,Tak,Nie,Nie,Nie,a,Podstawowy,50
18,4,11.09.2021,6061,701,Tak,Nie,Nie,Nie,d,Rozszerzony,13840
19,4,11.09.2021,5935,639,Tak,Nie,Nie,Nie,a,Rozszerzony,3240
21,4,11.09.2021,3490,410,Tak,Nie,Nie,Tak,c,Rozszerzony,550
23,4,11.09.2021,4297,426,Tak,Nie,Nie,Nie,d,Podstawowy,4060
24,4,11.09.2021,7091,693,Tak,Nie,Nie,Nie,a,Rozszerzony,4590
25,4,11.09.2021,8117,1332,Tak,Nie,Nie,Nie,c,Podstawowy,430
26,4,11.09.2021,5059,458,Tak,Nie,Nie,Nie,d,Podstawowy,2300
27,4,11.09.2021,6751,909,Tak,Nie,Nie,Nie,a,Podstawowy,60
28,4,11.09.2021,7750,863,Tak,Nie,Nie,Nie,a,Podstawowy,1200
29,4,11.09.2021,5650,568,Tak,Nie,Nie,Nie,d,Rozszerzony,2170
30,4,11.09.2021,3856,602,Tak,Nie,Nie,Nie,a,Podstawowy,40
31,4,11.09.2021,4412,523,Tak,Nie,Nie,Nie,d,Rozszerzony,9800
33,4,11.09.2021,6502,728,Tak,Nie,Nie,Nie,a,Rozszerzony,1320
34,4,11.09.2021,6579,892,Tak,Nie,Nie,Nie,c,Podstawowy,2240
35,4,11.09.2021,7797,654,Tak,Nie,Nie,Nie,d,Rozszerzony,7660
37,4,11.09.2021,5689,676,Tak,Nie,Nie,Nie,c,Podstawowy,4230
38,4,11.09.2021,3929,411,Tak,Nie,Nie,Nie,d,Podstawowy,1090
39,4,11.09.2021,3405,492,Tak,Nie,Nie,Nie,a,Podstawowy,260
40,4,11.09.2021,4194,603,Tak,Nie,Nie,Nie,a,Podstawowy,180
42,4,11.09.2021,7977,960,Tak,Nie,Nie,Nie,a,Rozszerzony,290
43,4,11.09.2021,5646,578,Tak,Nie,Nie,Nie,d,Podstawowy,4880
44,4,11.09.2021,5101,685,Tak,Nie,Nie,Nie,a,Podstawowy,540
45,4,11.09.2021,4343,360,Tak,Nie,Nie,Nie,d,Podstawowy,9710
47,4,11.09.2021,7087,887,Tak,Nie,Nie,Nie,a,Rozszerzony,270
48,4,11.09.2021,2820,360,Tak,Nie,Nie,Nie,a,Podstawowy,1060
49,4,11.09.2021,5612,455,Tak,Nie,Nie,Tak,d,Rozszerzony,18010
50,4,11.09.2021,3239,317,Tak,Nie,Nie,Nie,d,Podstawowy,6260
1,3,10.09.2021,3275,448,Tak,Nie,Nie,Nie,c,Podstawowy,1270
2,3,10.09.2021,4865,646,Tak,Nie,Nie,Nie,a,Podstawowy,570
3,3,10.09.2021,5164,659,Tak,Nie,Nie,Nie,a,Podstawowy,14130
4,3,10.09.2021,8530,1206,Tak,Nie,Nie,Nie,c,Rozszerzony,620
5,3,10.09.2021,4305,590,Tak,Nie,Nie,Nie,a,Podstawowy,29910
6,3,10.09.2021,3911,516,Tak,Nie,Nie,Nie,a,Podstawowy,310
7,3,10.09.2021,7551,914,Tak,Nie,Nie,Nie,a,Rozszerzony,24000
8,3,10.09.2021,4117,567,Tak,Nie,Nie,Nie,a,Podstawowy,7520
9,3,10.09.2021,5084,496,Tak,Nie,Nie,Nie,a,Rozszerzony,2030
10,3,10.09.2021,5488,593,Tak,Nie,Nie,Tak,a,Podstawowy,3160
11,3,10.09.2021,6875,1150,Tak,Nie,Nie,Nie,a,Rozszerzony,960
12,3,10.09.2021,6296,836,Tak,Nie,Nie,Nie,a,Rozszerzony,1070
14,3,10.09.2021,4732,580,Tak,Nie,Nie,Nie,a,Podstawowy,1300
15,3,10.09.2021,4602,569,Tak,Nie,Nie,Nie,d,Rozszerzony,4110
16,3,10.09.2021,6858,776,Tak,Nie,Nie,Tak,a,Rozszerzony,3270
17,3,10.09.2021,5296,743,Tak,Nie,Nie,Nie,a,Podstawowy,50
18,3,10.09.2021,5960,682,Tak,Nie,Nie,Nie,d,Rozszerzony,13840
19,3,10.09.2021,5860,614,Tak,Nie,Nie,Nie,a,Rozszerzony,3240
21,3,10.09.2021,3948,416,Tak,Nie,Nie,Tak,c,Rozszerzony,550
23,3,10.09.2021,4042,400,Tak,Nie,Nie,Nie,d,Podstawowy,4060
24,3,10.09.2021,7507,764,Tak,Nie,Nie,Nie,a,Rozszerzony,4590
25,3,10.09.2021,8013,1202,Tak,Nie,Nie,Nie,c,Podstawowy,430
26,3,10.09.2021,4578,425,Tak,Nie,Nie,Nie,d,Podstawowy,2300
27,3,10.09.2021,6986,877,Tak,Nie,Nie,Nie,a,Podstawowy,60
28,3,10.09.2021,7584,823,Tak,Nie,Nie,Nie,a,Podstawowy,1200
29,3,10.09.2021,5906,576,Tak,Nie,Nie,Nie,d,Rozszerzony,2170
30,3,10.09.2021,3496,555,Tak,Nie,Nie,Nie,a,Podstawowy,40
31,3,10.09.2021,4383,495,Tak,Nie,Nie,Nie,d,Rozszerzony,9800
33,3,10.09.2021,5518,659,Tak,Nie,Nie,Nie,a,Rozszerzony,1320
34,3,10.09.2021,6601,908,Tak,Nie,Nie,Nie,c,Podstawowy,2240
35,3,10.09.2021,8003,664,Tak,Nie,Nie,Nie,d,Rozszerzony,7660
37,3,10.09.2021,4712,576,Tak,Nie,Nie,Nie,c,Podstawowy,4230
38,3,10.09.2021,3971,389,Tak,Nie,Nie,Nie,d,Podstawowy,1090
39,3,10.09.2021,3826,590,Tak,Nie,Nie,Nie,a,Podstawowy,260
40,3,10.09.2021,3714,537,Tak,Nie,Nie,Nie,a,Podstawowy,180
42,3,10.09.2021,8413,1058,Tak,Nie,Nie,Nie,a,Rozszerzony,290
43,3,10.09.2021,5368,523,Tak,Nie,Nie,Nie,d,Podstawowy,4880
44,3,10.09.2021,5192,681,Tak,Nie,Nie,Nie,a,Podstawowy,540
45,3,10.09.2021,3578,307,Tak,Nie,Nie,Nie,d,Podstawowy,9710
47,3,10.09.2021,6579,923,Tak,Nie,Nie,Nie,a,Rozszerzony,270
48,3,10.09.2021,3072,374,Tak,Nie,Nie,Nie,a,Podstawowy,1060
49,3,10.09.2021,5823,432,Tak,Nie,Nie,Tak,d,Rozszerzony,18010
50,3,10.09.2021,2885,267,Tak,Nie,Nie,Nie,d,Podstawowy,6260
1,2,09.09.2021,3377,439,Tak,Nie,Nie,Nie,c,Podstawowy,1270
2,2,09.09.2021,4963,589,Tak,Nie,Nie,Nie,a,Podstawowy,570
3,2,09.09.2021,5978,732,Tak,Nie,Nie,Nie,a,Podstawowy,14130
4,2,09.09.2021,8070,1243,Tak,Nie,Nie,Nie,c,Rozszerzony,620
5,2,09.09.2021,3624,510,Tak,Nie,Nie,Nie,a,Podstawowy,29910
6,2,09.09.2021,4277,539,Tak,Nie,Nie,Nie,a,Podstawowy,310
7,2,09.09.2021,8109,992,Tak,Nie,Nie,Nie,a,Rozszerzony,24000
8,2,09.09.2021,4040,581,Tak,Nie,Nie,Nie,a,Podstawowy,7520
9,2,09.09.2021,5228,537,Tak,Nie,Nie,Nie,a,Rozszerzony,2030
10,2,09.09.2021,4785,549,Tak,Nie,Nie,Tak,a,Podstawowy,3160
11,2,09.09.2021,6714,1070,Tak,Nie,Nie,Nie,a,Rozszerzony,960
12,2,09.09.2021,5306,738,Tak,Nie,Nie,Nie,a,Rozszerzony,1070
14,2,09.09.2021,4449,584,Tak,Nie,Nie,Nie,a,Podstawowy,1300
15,2,09.09.2021,5178,580,Tak,Nie,Nie,Nie,d,Rozszerzony,4110
16,2,09.09.2021,7095,844,Tak,Nie,Nie,Tak,a,Rozszerzony,3270
17,2,09.09.2021,5623,796,Tak,Nie,Nie,Nie,a,Podstawowy,50
18,2,09.09.2021,5616,611,Tak,Nie,Nie,Nie,d,Rozszerzony,13840
19,2,09.09.2021,5712,611,Tak,Nie,Nie,Nie,a,Rozszerzony,3240
21,2,09.09.2021,3170,357,Tak,Nie,Nie,Tak,c,Rozszerzony,550
23,2,09.09.2021,2999,324,Tak,Nie,Nie,Nie,d,Podstawowy,4060
24,2,09.09.2021,7117,739,Tak,Nie,Nie,Nie,a,Rozszerzony,4590
25,2,09.09.2021,8928,1423,Tak,Nie,Nie,Nie,c,Podstawowy,430
26,2,09.09.2021,4417,399,Tak,Nie,Nie,Nie,d,Podstawowy,2300
27,2,09.09.2021,7389,951,Tak,Nie,Nie,Nie,a,Podstawowy,60
28,2,09.09.2021,8668,938,Tak,Nie,Nie,Nie,a,Podstawowy,1200
29,2,09.09.2021,5681,566,Tak,Nie,Nie,Nie,d,Rozszerzony,2170
30,2,09.09.2021,3966,643,Tak,Nie,Nie,Nie,a,Podstawowy,40
31,2,09.09.2021,4297,508,Tak,Nie,Nie,Nie,d,Rozszerzony,9800
33,2,09.09.2021,6621,733,Tak,Nie,Nie,Nie,a,Rozszerzony,1320
34,2,09.09.2021,6537,899,Tak,Nie,Nie,Nie,c,Podstawowy,2240
35,2,09.09.2021,7485,639,Tak,Nie,Nie,Nie,d,Rozszerzony,7660
37,2,09.09.2021,4453,547,Tak,Nie,Nie,Nie,c,Podstawowy,4230
38,2,09.09.2021,4587,438,Tak,Nie,Nie,Nie,d,Podstawowy,1090
39,2,09.09.2021,3647,552,Tak,Nie,Nie,Nie,a,Podstawowy,260
40,2,09.09.2021,4229,614,Tak,Nie,Nie,Nie,a,Podstawowy,180
42,2,09.09.2021,7937,1004,Tak,Nie,Nie,Nie,a,Rozszerzony,290
43,2,09.09.2021,5550,592,Tak,Nie,Nie,Nie,d,Podstawowy,4880
44,2,09.09.2021,4979,656,Tak,Nie,Nie,Nie,a,Podstawowy,540
45,2,09.09.2021,3347,284,Tak,Nie,Nie,Nie,d,Podstawowy,9710
47,2,09.09.2021,6489,840,Tak,Nie,Nie,Nie,a,Rozszerzony,270
48,2,09.09.2021,4177,342,Tak,Nie,Nie,Nie,a,Podstawowy,1060
49,2,09.09.2021,5594,423,Tak,Nie,Nie,Tak,d,Rozszerzony,18010
50,2,09.09.2021,2735,273,Tak,Nie,Nie,Nie,d,Podstawowy,6260
1,1,08.09.2021,3676,530,Tak,Nie,Nie,Nie,c,Podstawowy,1270
2,1,08.09.2021,4189,564,Tak,Nie,Nie,Nie,a,Podstawowy,570
3,1,08.09.2021,6061,714,Tak,Nie,Nie,Nie,a,Podstawowy,14130
4,1,08.09.2021,8995,1306,Tak,Nie,Nie,Nie,c,Rozszerzony,620
5,1,08.09.2021,3511,531,Tak,Nie,Nie,Nie,a,Podstawowy,29910
6,1,08.09.2021,4439,593,Tak,Nie,Nie,Nie,a,Podstawowy,310
7,1,08.09.2021,9155,1071,Tak,Nie,Nie,Nie,a,Rozszerzony,24000
8,1,08.09.2021,4844,678,Tak,Nie,Nie,Nie,a,Podstawowy,7520
9,1,08.09.2021,6068,577,Tak,Nie,Nie,Nie,a,Rozszerzony,2030
10,1,08.09.2021,5329,616,Tak,Nie,Nie,Tak,a,Podstawowy,3160
11,1,08.09.2021,6679,1128,Tak,Nie,Nie,Nie,a,Rozszerzony,960
12,1,08.09.2021,5359,787,Tak,Nie,Nie,Nie,a,Rozszerzony,1070
14,1,08.09.2021,5333,651,Tak,Nie,Nie,Nie,a,Podstawowy,1300
15,1,08.09.2021,5044,601,Tak,Nie,Nie,Nie,d,Rozszerzony,4110
16,1,08.09.2021,6422,802,Tak,Nie,Nie,Tak,a,Rozszerzony,3270
17,1,08.09.2021,5272,791,Tak,Nie,Nie,Nie,a,Podstawowy,50
18,1,08.09.2021,6116,736,Tak,Nie,Nie,Nie,d,Rozszerzony,13840
19,1,08.09.2021,5438,622,Tak,Nie,Nie,Nie,a,Rozszerzony,3240
21,1,08.09.2021,3692,436,Tak,Nie,Nie,Tak,c,Rozszerzony,550
23,1,08.09.2021,3804,409,Tak,Nie,Nie,Nie,d,Podstawowy,4060
24,1,08.09.2021,7460,696,Tak,Nie,Nie,Nie,a,Rozszerzony,4590
25,1,08.09.2021,9236,1554,Tak,Nie,Nie,Nie,c,Podstawowy,430
26,1,08.09.2021,5477,489,Tak,Nie,Nie,Nie,d,Podstawowy,2300
27,1,08.09.2021,6667,886,Tak,Nie,Nie,Nie,a,Podstawowy,60
28,1,08.09.2021,10233,1134,Tak,Nie,Nie,Nie,a,Podstawowy,1200
29,1,08.09.2021,6760,613,Tak,Nie,Nie,Nie,d,Rozszerzony,2170
30,1,08.09.2021,3752,566,Tak,Nie,Nie,Nie,a,Podstawowy,40
31,1,08.09.2021,5111,593,Tak,Nie,Nie,Nie,d,Rozszerzony,9800
33,1,08.09.2021,7341,818,Tak,Nie,Nie,Nie,a,Rozszerzony,1320
34,1,08.09.2021,7061,981,Tak,Nie,Nie,Nie,c,Podstawowy,2240
35,1,08.09.2021,8266,721,Tak,Nie,Nie,Nie,d,Rozszerzony,7660
37,1,08.09.2021,5195,631,Tak,Nie,Nie,Nie,c,Podstawowy,4230
38,1,08.09.2021,4094,417,Tak,Nie,Nie,Nie,d,Podstawowy,1090
39,1,08.09.2021,4361,582,Tak,Nie,Nie,Nie,a,Podstawowy,260
40,1,08.09.2021,4281,602,Tak,Nie,Nie,Nie,a,Podstawowy,180
42,1,08.09.2021,8512,1001,Tak,Nie,Nie,Nie,a,Rozszerzony,290
43,1,08.09.2021,5617,582,Tak,Nie,Nie,Nie,d,Podstawowy,4880
44,1,08.09.2021,5818,758,Tak,Nie,Nie,Nie,a,Podstawowy,540
45,1,08.09.2021,3916,345,Tak,Nie,Nie,Nie,d,Podstawowy,9710
47,1,08.09.2021,6247,932,Tak,Nie,Nie,Nie,a,Rozszerzony,270
48,1,08.09.2021,3471,416,Tak,Nie,Nie,Nie,a,Podstawowy,1060
49,1,08.09.2021,5667,455,Tak,Nie,Nie,Tak,d,Rozszerzony,18010
50,1,08.09.2021,3346,347,Tak,Nie,Nie,Nie,d,Podstawowy,6260
1,7,07.09.2021,0,0,Nie,Nie,Nie,Nie,c,Podstawowy,1270
2,7,07.09.2021,0,0,Nie,Nie,Nie,Nie,a,Podstawowy,570
3,7,07.09.2021,0,0,Nie,Nie,Nie,Nie,a,Podstawowy,14130
4,7,07.09.2021,0,0,Nie,Nie,Nie,Nie,c,Rozszerzony,620
5,7,07.09.2021,0,0,Nie,Nie,Nie,Nie,a,Podstawowy,29910
6,7,07.09.2021,0,0,Nie,Nie,Nie,Nie,a,Podstawowy,310
7,7,07.09.2021,0,0,Nie,Nie,Nie,Nie,a,Rozszerzony,24000
8,7,07.09.2021,0,0,Nie,Nie,Nie,Nie,a,Podstawowy,7520
9,7,07.09.2021,0,0,Nie,Nie,Nie,Nie,a,Rozszerzony,2030
10,7,07.09.2021,0,0,Nie,Nie,Nie,Tak,a,Podstawowy,3160
11,7,07.09.2021,0,0,Nie,Nie,Nie,Nie,a,Rozszerzony,960
12,7,07.09.2021,0,0,Nie,Nie,Nie,Nie,a,Rozszerzony,1070
14,7,07.09.2021,0,0,Nie,Nie,Nie,Nie,a,Podstawowy,1300
15,7,07.09.2021,0,0,Nie,Nie,Nie,Nie,d,Rozszerzony,4110
16,7,07.09.2021,0,0,Nie,Nie,Nie,Nie,a,Rozszerzony,3270
17,7,07.09.2021,0,0,Nie,Nie,Nie,Nie,a,Podstawowy,50
18,7,07.09.2021,0,0,Nie,Nie,Nie,Nie,d,Rozszerzony,13840
19,7,07.09.2021,0,0,Nie,Nie,Nie,Nie,a,Rozszerzony,3240
21,7,07.09.2021,0,0,Nie,Nie,Nie,Nie,c,Rozszerzony,550
23,7,07.09.2021,0,0,Nie,Nie,Nie,Nie,d,Podstawowy,4060
24,7,07.09.2021,0,0,Nie,Nie,Nie,Nie,a,Rozszerzony,4590
25,7,07.09.2021,0,0,Nie,Nie,Nie,Nie,c,Podstawowy,430
26,7,07.09.2021,0,0,Nie,Nie,Nie,Nie,d,Podstawowy,2300
27,7,07.09.2021,0,0,Nie,Nie,Nie,Nie,a,Podstawowy,60
28,7,07.09.2021,0,0,Nie,Nie,Nie,Nie,a,Podstawowy,1200
29,7,07.09.2021,0,0,Nie,Nie,Nie,Nie,d,Rozszerzony,2170
30,7,07.09.2021,0,0,Nie,Nie,Nie,Nie,a,Podstawowy,40
31,7,07.09.2021,0,0,Nie,Nie,Nie,Nie,d,Rozszerzony,9800
33,7,07.09.2021,0,0,Nie,Nie,Nie,Nie,a,Rozszerzony,1320
34,7,07.09.2021,0,0,Nie,Nie,Nie,Nie,c,Podstawowy,2240
35,7,07.09.2021,0,0,Nie,Nie,Nie,Nie,d,Rozszerzony,7660
37,7,07.09.2021,0,0,Nie,Nie,Nie,Nie,c,Podstawowy,4230
38,7,07.09.2021,0,0,Nie,Nie,Nie,Nie,d,Podstawowy,1090
39,7,07.09.2021,0,0,Nie,Nie,Nie,Nie,a,Podstawowy,260
40,7,07.09.2021,0,0,Nie,Nie,Nie,Nie,a,Podstawowy,180
42,7,07.09.2021,0,0,Nie,Nie,Nie,Nie,a,Rozszerzony,290
43,7,07.09.2021,0,0,Nie,Nie,Nie,Nie,d,Podstawowy,4880
44,7,07.09.2021,0,0,Nie,Nie,Nie,Nie,a,Podstawowy,540
45,7,07.09.2021,0,0,Nie,Nie,Nie,Nie,d,Podstawowy,9710
47,7,07.09.2021,0,0,Nie,Nie,Nie,Nie,a,Rozszerzony,270
48,7,07.09.2021,0,0,Nie,Nie,Nie,Nie,a,Podstawowy,1060
49,7,07.09.2021,0,0,Nie,Nie,Nie,Nie,d,Rozszerzony,18010
50,7,07.09.2021,0,0,Nie,Nie,Nie,Nie,d,Podstawowy,6260
1,6,06.09.2021,3959,515,Tak,Nie,Nie,Nie,c,Podstawowy,1270
2,6,06.09.2021,2551,329,Tak,Nie,Nie,Nie,a,Podstawowy,570
3,6,06.09.2021,3562,439,Tak,Nie,Nie,Nie,a,Podstawowy,14130
4,6,06.09.2021,9382,1368,Tak,Nie,Nie,Nie,c,Rozszerzony,620
5,6,06.09.2021,2187,234,Tak,Nie,Nie,Nie,a,Podstawowy,29910
6,6,06.09.2021,2962,330,Tak,Nie,Nie,Nie,a,Podstawowy,310
7,6,06.09.2021,6500,743,Tak,Nie,Nie,Nie,a,Rozszerzony,24000
8,6,06.09.2021,2823,355,Tak,Nie,Nie,Nie,a,Podstawowy,7520
9,6,06.09.2021,5762,549,Tak,Nie,Nie,Nie,a,Rozszerzony,2030
10,6,06.09.2021,4228,458,Tak,Nie,Nie,Tak,a,Podstawowy,3160
11,6,06.09.2021,6050,898,Tak,Nie,Nie,Nie,a,Rozszerzony,960
12,6,06.09.2021,5191,742,Tak,Nie,Nie,Nie,a,Rozszerzony,1070
14,6,06.09.2021,3551,383,Tak,Nie,Nie,Nie,a,Podstawowy,1300
15,6,06.09.2021,5130,581,Tak,Nie,Nie,Nie,d,Rozszerzony,4110
16,6,06.09.2021,4946,531,Tak,Nie,Nie,Nie,a,Rozszerzony,3270
17,6,06.09.2021,2479,342,Tak,Nie,Nie,Nie,a,Podstawowy,50
18,6,06.09.2021,4225,504,Tak,Nie,Nie,Nie,d,Rozszerzony,13840
19,6,06.09.2021,4178,401,Tak,Nie,Nie,Nie,a,Rozszerzony,3240
21,6,06.09.2021,4659,479,Tak,Nie,Nie,Nie,c,Rozszerzony,550
23,6,06.09.2021,4008,413,Tak,Nie,Nie,Nie,d,Podstawowy,4060
24,6,06.09.2021,6314,607,Tak,Nie,Nie,Nie,a,Rozszerzony,4590
25,6,06.09.2021,8276,1207,Tak,Nie,Nie,Nie,c,Podstawowy,430
26,6,06.09.2021,4436,428,Tak,Nie,Nie,Nie,d,Podstawowy,2300
27,6,06.09.2021,6442,771,Tak,Nie,Nie,Nie,a,Podstawowy,60
28,6,06.09.2021,5515,604,Tak,Nie,Nie,Nie,a,Podstawowy,1200
29,6,06.09.2021,6806,656,Tak,Nie,Nie,Nie,d,Rozszerzony,2170
30,6,06.09.2021,4247,668,Tak,Nie,Nie,Nie,a,Podstawowy,40
31,6,06.09.2021,5503,556,Tak,Nie,Nie,Nie,d,Rozszerzony,9800
33,6,06.09.2021,8378,844,Tak,Nie,Nie,Nie,a,Rozszerzony,1320
34,6,06.09.2021,6391,873,Tak,Nie,Nie,Nie,c,Podstawowy,2240
35,6,06.09.2021,6766,615,Tak,Nie,Nie,Nie,d,Rozszerzony,7660
37,6,06.09.2021,6096,750,Tak,Nie,Nie,Nie,c,Podstawowy,4230
38,6,06.09.2021,5862,590,Tak,Nie,Nie,Nie,d,Podstawowy,1090
39,6,06.09.2021,2735,417,Tak,Nie,Nie,Nie,a,Podstawowy,260
40,6,06.09.2021,5086,770,Tak,Nie,Nie,Nie,a,Podstawowy,180
42,6,06.09.2021,7703,995,Tak,Nie,Nie,Nie,a,Rozszerzony,290
43,6,06.09.2021,4410,439,Tak,Nie,Nie,Nie,d,Podstawowy,4880
44,6,06.09.2021,3619,452,Tak,Nie,Nie,Nie,a,Podstawowy,540
45,6,06.09.2021,4934,419,Tak,Nie,Nie,Nie,d,Podstawowy,9710
47,6,06.09.2021,5462,737,Tak,Nie,Nie,Nie,a,Rozszerzony,270
48,6,06.09.2021,2362,265,Tak,Nie,Nie,Nie,a,Podstawowy,1060
49,6,06.09.2021,6580,507,Tak,Nie,Nie,Nie,d,Rozszerzony,18010
50,6,06.09.2021,3865,356,Tak,Nie,Nie,Nie,d,Podstawowy,6260
1,5,05.09.2021,4706,553,Tak,Tak,Nie,Tak,c,Podstawowy,1270
2,5,05.09.2021,4823,578,Tak,Tak,Nie,Nie,a,Podstawowy,570
3,5,05.09.2021,6564,686,Tak,Tak,Nie,Nie,a,Podstawowy,14130
4,5,05.09.2021,10528,1387,Tak,Tak,Nie,Nie,c,Rozszerzony,620
5,5,05.09.2021,4686,554,Tak,Tak,Nie,Nie,a,Podstawowy,29910
6,5,05.09.2021,5642,628,Tak,Tak,Nie,Nie,a,Podstawowy,310
7,5,05.09.2021,10543,1167,Tak,Tak,Nie,Nie,a,Rozszerzony,24000
8,5,05.09.2021,5838,667,Tak,Tak,Nie,Nie,a,Podstawowy,7520
9,5,05.09.2021,7752,651,Tak,Tak,Nie,Nie,a,Rozszerzony,2030
10,5,05.09.2021,5391,563,Tak,Tak,Nie,Tak,a,Podstawowy,3160
11,5,05.09.2021,7336,1118,Tak,Tak,Nie,Nie,a,Rozszerzony,960
12,5,05.09.2021,7921,919,Tak,Tak,Nie,Nie,a,Rozszerzony,1070
14,5,05.09.2021,5614,643,Tak,Tak,Nie,Nie,a,Podstawowy,1300
15,5,05.09.2021,7360,729,Tak,Tak,Nie,Nie,d,Rozszerzony,4110
16,5,05.09.2021,7390,776,Tak,Tak,Nie,Tak,a,Rozszerzony,3270
17,5,05.09.2021,7112,886,Tak,Tak,Nie,Nie,a,Podstawowy,50
18,5,05.09.2021,7236,810,Tak,Tak,Nie,Nie,d,Rozszerzony,13840
19,5,05.09.2021,7405,710,Tak,Tak,Nie,Nie,a,Rozszerzony,3240
21,5,05.09.2021,5804,524,Tak,Tak,Nie,Tak,c,Rozszerzony,550
23,5,05.09.2021,6356,557,Tak,Tak,Nie,Tak,d,Podstawowy,4060
24,5,05.09.2021,10523,907,Tak,Tak,Nie,Nie,a,Rozszerzony,4590
25,5,05.09.2021,10167,1435,Tak,Tak,Nie,Nie,c,Podstawowy,430
26,5,05.09.2021,6679,574,Tak,Tak,Nie,Nie,d,Podstawowy,2300
27,5,05.09.2021,9604,1113,Tak,Tak,Nie,Nie,a,Podstawowy,60
28,5,05.09.2021,16611,1592,Tak,Tak,Nie,Nie,a,Podstawowy,1200
29,5,05.09.2021,8230,737,Tak,Tak,Nie,Nie,d,Rozszerzony,2170
30,5,05.09.2021,4571,673,Tak,Tak,Nie,Nie,a,Podstawowy,40
31,5,05.09.2021,6603,623,Tak,Tak,Nie,Nie,d,Rozszerzony,9800
33,5,05.09.2021,8244,826,Tak,Tak,Nie,Nie,a,Rozszerzony,1320
34,5,05.09.2021,8140,1038,Tak,Tak,Nie,Nie,c,Podstawowy,2240
35,5,05.09.2021,10555,787,Tak,Tak,Nie,Nie,d,Rozszerzony,7660
37,5,05.09.2021,6899,759,Tak,Tak,Nie,Nie,c,Podstawowy,4230
38,5,05.09.2021,7434,575,Tak,Tak,Nie,Nie,d,Podstawowy,1090
39,5,05.09.2021,5400,682,Tak,Tak,Nie,Nie,a,Podstawowy,260
40,5,05.09.2021,5128,667,Tak,Tak,Nie,Nie,a,Podstawowy,180
42,5,05.09.2021,10938,1263,Tak,Tak,Nie,Nie,a,Rozszerzony,290
43,5,05.09.2021,7292,657,Tak,Tak,Nie,Nie,d,Podstawowy,4880
44,5,05.09.2021,6832,816,Tak,Tak,Nie,Nie,a,Podstawowy,540
45,5,05.09.2021,5662,399,Tak,Tak,Nie,Tak,d,Podstawowy,9710
47,5,05.09.2021,7983,909,Tak,Tak,Nie,Nie,a,Rozszerzony,270
48,5,05.09.2021,4919,436,Tak,Tak,Nie,Nie,a,Podstawowy,1060
49,5,05.09.2021,7828,539,Tak,Tak,Nie,Tak,d,Rozszerzony,18010
50,5,05.09.2021,4343,386,Tak,Tak,Nie,Tak,d,Podstawowy,6260
1,4,04.09.2021,4346,507,Tak,Tak,Nie,Tak,c,Podstawowy,1270
2,4,04.09.2021,5401,635,Tak,Tak,Nie,Nie,a,Podstawowy,570
3,4,04.09.2021,7659,796,Tak,Tak,Nie,Nie,a,Podstawowy,14130
4,4,04.09.2021,10522,1402,Tak,Tak,Nie,Nie,c,Rozszerzony,620
5,4,04.09.2021,5380,587,Tak,Tak,Nie,Nie,a,Podstawowy,29910
6,4,04.09.2021,5592,635,Tak,Tak,Nie,Nie,a,Podstawowy,310
7,4,04.09.2021,9839,1054,Tak,Tak,Nie,Nie,a,Rozszerzony,24000
8,4,04.09.2021,6689,822,Tak,Tak,Nie,Nie,a,Podstawowy,7520
9,4,04.09.2021,6734,601,Tak,Tak,Nie,Nie,a,Rozszerzony,2030
10,4,04.09.2021,5840,565,Tak,Tak,Nie,Tak,a,Podstawowy,3160
11,4,04.09.2021,8490,1250,Tak,Tak,Nie,Nie,a,Rozszerzony,960
12,4,04.09.2021,8373,984,Tak,Tak,Nie,Nie,a,Rozszerzony,1070
14,4,04.09.2021,6020,651,Tak,Tak,Nie,Nie,a,Podstawowy,1300
15,4,04.09.2021,6598,656,Tak,Tak,Nie,Nie,d,Rozszerzony,4110
16,4,04.09.2021,7551,806,Tak,Tak,Nie,Tak,a,Rozszerzony,3270
17,4,04.09.2021,6997,866,Tak,Tak,Nie,Nie,a,Podstawowy,50
18,4,04.09.2021,6615,759,Tak,Tak,Nie,Nie,d,Rozszerzony,13840
19,4,04.09.2021,8051,725,Tak,Tak,Nie,Nie,a,Rozszerzony,3240
21,4,04.09.2021,5278,496,Tak,Tak,Nie,Tak,c,Rozszerzony,550
23,4,04.09.2021,5568,518,Tak,Tak,Nie,Tak,d,Podstawowy,4060
24,4,04.09.2021,9049,822,Tak,Tak,Nie,Nie,a,Rozszerzony,4590
25,4,04.09.2021,11130,1589,Tak,Tak,Nie,Nie,c,Podstawowy,430
26,4,04.09.2021,7731,642,Tak,Tak,Nie,Nie,d,Podstawowy,2300
27,4,04.09.2021,9419,1086,Tak,Tak,Nie,Nie,a,Podstawowy,60
28,4,04.09.2021,0,0,Tak,Tak,Nie,Nie,a,Podstawowy,1200
29,4,04.09.2021,8009,657,Tak,Tak,Nie,Nie,d,Rozszerzony,2170
30,4,04.09.2021,5838,817,Tak,Tak,Nie,Nie,a,Podstawowy,40
31,4,04.09.2021,6631,613,Tak,Tak,Nie,Nie,d,Rozszerzony,9800
33,4,04.09.2021,7866,779,Tak,Tak,Nie,Nie,a,Rozszerzony,1320
34,4,04.09.2021,7412,944,Tak,Tak,Nie,Nie,c,Podstawowy,2240
35,4,04.09.2021,10999,758,Tak,Tak,Nie,Nie,d,Rozszerzony,7660
37,4,04.09.2021,7653,798,Tak,Tak,Nie,Nie,c,Podstawowy,4230
38,4,04.09.2021,5715,472,Tak,Tak,Nie,Nie,d,Podstawowy,1090
39,4,04.09.2021,5101,647,Tak,Tak,Nie,Nie,a,Podstawowy,260
40,4,04.09.2021,4731,670,Tak,Tak,Nie,Nie,a,Podstawowy,180
42,4,04.09.2021,10447,1189,Tak,Tak,Nie,Nie,a,Rozszerzony,290
43,4,04.09.2021,8046,707,Tak,Tak,Nie,Nie,d,Podstawowy,4880
44,4,04.09.2021,7739,824,Tak,Tak,Nie,Nie,a,Podstawowy,540
45,4,04.09.2021,5919,443,Tak,Tak,Nie,Tak,d,Podstawowy,9710
47,4,04.09.2021,8266,944,Tak,Tak,Nie,Nie,a,Rozszerzony,270
48,4,04.09.2021,3734,410,Tak,Tak,Nie,Nie,a,Podstawowy,1060
49,4,04.09.2021,7237,516,Tak,Tak,Nie,Tak,d,Rozszerzony,18010
50,4,04.09.2021,4817,381,Tak,Tak,Nie,Tak,d,Podstawowy,6260
1,3,03.09.2021,4978,539,Tak,Tak,Nie,Tak,c,Podstawowy,1270
2,3,03.09.2021,6615,754,Tak,Tak,Nie,Nie,a,Podstawowy,570
3,3,03.09.2021,8659,843,Tak,Tak,Nie,Nie,a,Podstawowy,14130
4,3,03.09.2021,10729,1406,Tak,Tak,Nie,Nie,c,Rozszerzony,620
5,3,03.09.2021,5884,654,Tak,Tak,Nie,Nie,a,Podstawowy,29910
6,3,03.09.2021,5741,634,Tak,Tak,Nie,Nie,a,Podstawowy,310
7,3,03.09.2021,10774,1129,Tak,Tak,Nie,Nie,a,Rozszerzony,24000
8,3,03.09.2021,6428,689,Tak,Tak,Nie,Nie,a,Podstawowy,7520
9,3,03.09.2021,7865,658,Tak,Tak,Nie,Nie,a,Rozszerzony,2030
10,3,03.09.2021,5397,559,Tak,Tak,Nie,Tak,a,Podstawowy,3160
11,3,03.09.2021,9351,1345,Tak,Tak,Nie,Nie,a,Rozszerzony,960
12,3,03.09.2021,8661,980,Tak,Tak,Nie,Nie,a,Rozszerzony,1070
14,3,03.09.2021,6229,668,Tak,Tak,Nie,Nie,a,Podstawowy,1300
15,3,03.09.2021,6935,646,Tak,Tak,Nie,Nie,d,Rozszerzony,4110
16,3,03.09.2021,7492,818,Tak,Tak,Nie,Tak,a,Rozszerzony,3270
17,3,03.09.2021,7947,900,Tak,Tak,Nie,Nie,a,Podstawowy,50
18,3,03.09.2021,7691,809,Tak,Tak,Nie,Nie,d,Rozszerzony,13840
19,3,03.09.2021,7935,692,Tak,Tak,Nie,Nie,a,Rozszerzony,3240
21,3,03.09.2021,5545,503,Tak,Tak,Nie,Tak,c,Rozszerzony,550
23,3,03.09.2021,5051,460,Tak,Tak,Nie,Tak,d,Podstawowy,4060
24,3,03.09.2021,11021,973,Tak,Tak,Nie,Nie,a,Rozszerzony,4590
25,3,03.09.2021,11744,1601,Tak,Tak,Nie,Nie,c,Podstawowy,430
26,3,03.09.2021,7275,601,Tak,Tak,Nie,Nie,d,Podstawowy,2300
27,3,03.09.2021,11566,1197,Tak,Tak,Nie,Nie,a,Podstawowy,60
28,3,03.09.2021,0,0,Tak,Tak,Nie,Tak,a,Podstawowy,1200
29,3,03.09.2021,8257,704,Tak,Tak,Nie,Nie,d,Rozszerzony,2170
30,3,03.09.2021,5156,702,Tak,Tak,Nie,Nie,a,Podstawowy,40
31,3,03.09.2021,6305,608,Tak,Tak,Nie,Nie,d,Rozszerzony,9800
33,3,03.09.2021,8585,844,Tak,Tak,Nie,Nie,a,Rozszerzony,1320
34,3,03.09.2021,8513,1034,Tak,Tak,Nie,Nie,c,Podstawowy,2240
35,3,03.09.2021,10718,756,Tak,Tak,Nie,Nie,d,Rozszerzony,7660
37,3,03.09.2021,6644,751,Tak,Tak,Nie,Tak,c,Podstawowy,4230
38,3,03.09.2021,6976,551,Tak,Tak,Nie,Nie,d,Podstawowy,1090
39,3,03.09.2021,6051,775,Tak,Tak,Nie,Nie,a,Podstawowy,260
40,3,03.09.2021,5259,661,Tak,Tak,Nie,Nie,a,Podstawowy,180
42,3,03.09.2021,11986,1306,Tak,Tak,Nie,Nie,a,Rozszerzony,290
43,3,03.09.2021,8338,704,Tak,Tak,Nie,Nie,d,Podstawowy,4880
44,3,03.09.2021,7652,869,Tak,Tak,Nie,Nie,a,Podstawowy,540
45,3,03.09.2021,5157,382,Tak,Tak,Nie,Tak,d,Podstawowy,9710
47,3,03.09.2021,8660,1107,Tak,Tak,Nie,Nie,a,Rozszerzony,270
48,3,03.09.2021,3778,436,Tak,Tak,Nie,Nie,a,Podstawowy,1060
49,3,03.09.2021,8551,544,Tak,Tak,Nie,Tak,d,Rozszerzony,18010
50,3,03.09.2021,4239,359,Tak,Tak,Nie,Tak,d,Podstawowy,6260
1,2,02.09.2021,5008,564,Tak,Tak,Nie,Tak,c,Podstawowy,1270
2,2,02.09.2021,6422,645,Tak,Tak,Nie,Nie,a,Podstawowy,570
3,2,02.09.2021,8989,863,Tak,Tak,Nie,Nie,a,Podstawowy,14130
4,2,02.09.2021,11932,1524,Tak,Tak,Nie,Nie,c,Rozszerzony,620
5,2,02.09.2021,6226,619,Tak,Tak,Nie,Nie,a,Podstawowy,29910
6,2,02.09.2021,5934,662,Tak,Tak,Nie,Nie,a,Podstawowy,310
7,2,02.09.2021,12542,1338,Tak,Tak,Nie,Nie,a,Rozszerzony,24000
8,2,02.09.2021,6897,794,Tak,Tak,Nie,Nie,a,Podstawowy,7520
9,2,02.09.2021,8395,688,Tak,Tak,Nie,Nie,a,Rozszerzony,2030
10,2,02.09.2021,5937,562,Tak,Tak,Nie,Tak,a,Podstawowy,3160
11,2,02.09.2021,9546,1337,Tak,Tak,Nie,Nie,a,Rozszerzony,960
12,2,02.09.2021,10399,1113,Tak,Tak,Nie,Nie,a,Rozszerzony,1070
14,2,02.09.2021,6674,710,Tak,Tak,Nie,Nie,a,Podstawowy,1300
15,2,02.09.2021,7847,716,Tak,Tak,Nie,Nie,d,Rozszerzony,4110
16,2,02.09.2021,7990,850,Tak,Tak,Nie,Tak,a,Rozszerzony,3270
17,2,02.09.2021,7894,985,Tak,Tak,Nie,Nie,a,Podstawowy,50
18,2,02.09.2021,7161,751,Tak,Tak,Nie,Nie,d,Rozszerzony,13840
19,2,02.09.2021,8119,727,Tak,Tak,Nie,Nie,a,Rozszerzony,3240
21,2,02.09.2021,6383,518,Tak,Tak,Nie,Tak,c,Rozszerzony,550
23,2,02.09.2021,6777,541,Tak,Tak,Nie,Tak,d,Podstawowy,4060
24,2,02.09.2021,11288,973,Tak,Tak,Nie,Nie,a,Rozszerzony,4590
25,2,02.09.2021,13771,1779,Tak,Tak,Nie,Nie,c,Podstawowy,430
26,2,02.09.2021,8377,647,Tak,Tak,Nie,Nie,d,Podstawowy,2300
27,2,02.09.2021,12916,1290,Tak,Tak,Nie,Nie,a,Podstawowy,60
28,2,02.09.2021,0,0,Tak,Tak,Nie,Tak,a,Podstawowy,1200
29,2,02.09.2021,9680,801,Tak,Tak,Nie,Nie,d,Rozszerzony,2170
30,2,02.09.2021,6785,870,Tak,Tak,Nie,Nie,a,Podstawowy,40
31,2,02.09.2021,6451,592,Tak,Tak,Nie,Nie,d,Rozszerzony,9800
33,2,02.09.2021,9066,848,Tak,Tak,Nie,Nie,a,Rozszerzony,1320
34,2,02.09.2021,10762,1180,Tak,Tak,Nie,Nie,c,Podstawowy,2240
35,2,02.09.2021,12795,888,Tak,Tak,Nie,Nie,d,Rozszerzony,7660
37,2,02.09.2021,7908,807,Tak,Tak,Nie,Tak,c,Podstawowy,4230
38,2,02.09.2021,7263,571,Tak,Tak,Nie,Nie,d,Podstawowy,1090
39,2,02.09.2021,6910,756,Tak,Tak,Nie,Nie,a,Podstawowy,260
40,2,02.09.2021,5779,762,Tak,Tak,Nie,Nie,a,Podstawowy,180
42,2,02.09.2021,12358,1232,Tak,Tak,Nie,Nie,a,Rozszerzony,290
43,2,02.09.2021,8920,689,Tak,Tak,Nie,Nie,d,Podstawowy,4880
44,2,02.09.2021,7917,850,Tak,Tak,Nie,Nie,a,Podstawowy,540
45,2,02.09.2021,5370,385,Tak,Tak,Nie,Tak,d,Podstawowy,9710
47,2,02.09.2021,9339,1102,Tak,Tak,Nie,Nie,a,Rozszerzony,270
48,2,02.09.2021,4114,396,Tak,Tak,Nie,Nie,a,Podstawowy,1060
49,2,02.09.2021,7491,508,Tak,Tak,Nie,Tak,d,Rozszerzony,18010
50,2,02.09.2021,4540,350,Tak,Tak,Nie,Tak,d,Podstawowy,6260
1,1,01.09.2021,5464,561,Tak,Tak,Nie,Tak,c,Podstawowy,1270
2,1,01.09.2021,8173,805,Tak,Tak,Nie,Nie,a,Podstawowy,570
3,1,01.09.2021,10679,962,Tak,Tak,Nie,Nie,a,Podstawowy,14130
4,1,01.09.2021,15595,1796,Tak,Tak,Nie,Nie,c,Rozszerzony,620
5,1,01.09.2021,7786,758,Tak,Tak,Nie,Nie,a,Podstawowy,29910
6,1,01.09.2021,7586,807,Tak,Tak,Nie,Nie,a,Podstawowy,310
7,1,01.09.2021,15349,1429,Tak,Tak,Nie,Nie,a,Rozszerzony,24000
8,1,01.09.2021,9367,918,Tak,Tak,Nie,Nie,a,Podstawowy,7520
9,1,01.09.2021,10494,817,Tak,Tak,Nie,Nie,a,Rozszerzony,2030
10,1,01.09.2021,7033,697,Tak,Tak,Nie,Tak,a,Podstawowy,3160
11,1,01.09.2021,10379,1356,Tak,Tak,Nie,Nie,a,Rozszerzony,960
12,1,01.09.2021,11086,1164,Tak,Tak,Nie,Nie,a,Rozszerzony,1070
14,1,01.09.2021,7675,826,Tak,Tak,Nie,Nie,a,Podstawowy,1300
15,1,01.09.2021,10058,882,Tak,Tak,Nie,Nie,d,Rozszerzony,4110
16,1,01.09.2021,9676,923,Tak,Tak,Nie,Tak,a,Rozszerzony,3270
17,1,01.09.2021,8261,966,Tak,Tak,Nie,Nie,a,Podstawowy,50
18,1,01.09.2021,10024,989,Tak,Tak,Nie,Nie,d,Rozszerzony,13840
19,1,01.09.2021,7913,779,Tak,Tak,Nie,Nie,a,Rozszerzony,3240
21,1,01.09.2021,7931,646,Tak,Tak,Nie,Tak,c,Rozszerzony,550
23,1,01.09.2021,8325,622,Tak,Tak,Nie,Tak,d,Podstawowy,4060
24,1,01.09.2021,15968,1256,Tak,Tak,Nie,Nie,a,Rozszerzony,4590
25,1,01.09.2021,15819,2024,Tak,Tak,Nie,Nie,c,Podstawowy,430
26,1,01.09.2021,10935,785,Tak,Tak,Nie,Nie,d,Podstawowy,2300
27,1,01.09.2021,15205,1429,Tak,Tak,Nie,Nie,a,Podstawowy,60
28,1,01.09.2021,0,0,Nie,Tak,Nie,Tak,a,Podstawowy,1200
29,1,01.09.2021,12800,1025,Tak,Tak,Nie,Nie,d,Rozszerzony,2170
30,1,01.09.2021,7399,906,Tak,Tak,Nie,Nie,a,Podstawowy,40
31,1,01.09.2021,8654,724,Tak,Tak,Nie,Nie,d,Rozszerzony,9800
33,1,01.09.2021,11658,1065,Tak,Tak,Nie,Nie,a,Rozszerzony,1320
34,1,01.09.2021,11494,1296,Tak,Tak,Nie,Nie,c,Podstawowy,2240
35,1,01.09.2021,16771,1056,Tak,Tak,Nie,Nie,d,Rozszerzony,7660
37,1,01.09.2021,10316,976,Tak,Tak,Nie,Tak,c,Podstawowy,4230
38,1,01.09.2021,10087,795,Tak,Tak,Nie,Nie,d,Podstawowy,1090
39,1,01.09.2021,8557,939,Tak,Tak,Nie,Nie,a,Podstawowy,260
40,1,01.09.2021,5668,716,Tak,Tak,Nie,Nie,a,Podstawowy,180
42,1,01.09.2021,15030,1415,Tak,Tak,Nie,Nie,a,Rozszerzony,290
43,1,01.09.2021,9620,781,Tak,Tak,Nie,Nie,d,Podstawowy,4880
44,1,01.09.2021,10426,1033,Tak,Tak,Nie,Nie,a,Podstawowy,540
45,1,01.09.2021,6750,482,Tak,Tak,Nie,Tak,d,Podstawowy,9710
47,1,01.09.2021,11031,1273,Tak,Tak,Nie,Nie,a,Rozszerzony,270
48,1,01.09.2021,5052,501,Tak,Tak,Nie,Nie,a,Podstawowy,1060
49,1,01.09.2021,10609,694,Tak,Tak,Nie,Tak,d,Rozszerzony,18010
50,1,01.09.2021,6399,496,Tak,Tak,Nie,Tak,d,Podstawowy,6260
1,7,31.08.2021,0,0,Nie,Nie,Nie,Tak,c,Podstawowy,1270
2,7,31.08.2021,0,0,Nie,Nie,Nie,Nie,a,Podstawowy,570
3,7,31.08.2021,0,0,Nie,Nie,Nie,Nie,a,Podstawowy,14130
4,7,31.08.2021,0,0,Nie,Nie,Nie,Nie,c,Rozszerzony,620
5,7,31.08.2021,0,0,Nie,Nie,Nie,Nie,a,Podstawowy,29910
6,7,31.08.2021,0,0,Nie,Nie,Nie,Nie,a,Podstawowy,310
7,7,31.08.2021,0,0,Nie,Nie,Nie,Nie,a,Rozszerzony,24000
8,7,31.08.2021,0,0,Nie,Nie,Nie,Nie,a,Podstawowy,7520
9,7,31.08.2021,0,0,Nie,Nie,Nie,Nie,a,Rozszerzony,2030
10,7,31.08.2021,0,0,Nie,Nie,Nie,Tak,a,Podstawowy,3160
11,7,31.08.2021,0,0,Nie,Nie,Nie,Nie,a,Rozszerzony,960
12,7,31.08.2021,0,0,Nie,Nie,Nie,Nie,a,Rozszerzony,1070
14,7,31.08.2021,0,0,Nie,Nie,Nie,Nie,a,Podstawowy,1300
15,7,31.08.2021,0,0,Nie,Nie,Nie,Nie,d,Rozszerzony,4110
16,7,31.08.2021,0,0,Nie,Nie,Nie,Nie,a,Rozszerzony,3270
17,7,31.08.2021,0,0,Nie,Nie,Nie,Nie,a,Podstawowy,50
18,7,31.08.2021,0,0,Nie,Nie,Nie,Nie,d,Rozszerzony,13840
19,7,31.08.2021,0,0,Nie,Nie,Nie,Nie,a,Rozszerzony,3240
21,7,31.08.2021,0,0,Nie,Nie,Nie,Nie,c,Rozszerzony,550
23,7,31.08.2021,0,0,Nie,Nie,Nie,Nie,d,Podstawowy,4060
24,7,31.08.2021,0,0,Nie,Nie,Nie,Nie,a,Rozszerzony,4590
25,7,31.08.2021,0,0,Nie,Nie,Nie,Nie,c,Podstawowy,430
26,7,31.08.2021,0,0,Nie,Nie,Nie,Nie,d,Podstawowy,2300
27,7,31.08.2021,0,0,Nie,Nie,Nie,Nie,a,Podstawowy,60
28,7,31.08.2021,0,0,Nie,Nie,Nie,Nie,a,Podstawowy,1200
29,7,31.08.2021,0,0,Nie,Nie,Nie,Nie,d,Rozszerzony,2170
30,7,31.08.2021,0,0,Nie,Nie,Nie,Nie,a,Podstawowy,40
31,7,31.08.2021,0,0,Nie,Nie,Nie,Nie,d,Rozszerzony,9800
33,7,31.08.2021,0,0,Nie,Nie,Nie,Nie,a,Rozszerzony,1320
34,7,31.08.2021,0,0,Nie,Nie,Nie,Nie,c,Podstawowy,2240
35,7,31.08.2021,0,0,Nie,Nie,Nie,Nie,d,Rozszerzony,7660
37,7,31.08.2021,0,0,Nie,Nie,Nie,Nie,c,Podstawowy,4230
38,7,31.08.2021,0,0,Nie,Nie,Nie,Nie,d,Podstawowy,1090
39,7,31.08.2021,0,0,Nie,Nie,Nie,Nie,a,Podstawowy,260
40,7,31.08.2021,0,0,Nie,Nie,Nie,Nie,a,Podstawowy,180
42,7,31.08.2021,0,0,Nie,Nie,Nie,Nie,a,Rozszerzony,290
43,7,31.08.2021,0,0,Nie,Nie,Nie,Nie,d,Podstawowy,4880
44,7,31.08.2021,0,0,Nie,Nie,Nie,Nie,a,Podstawowy,540
45,7,31.08.2021,0,0,Nie,Nie,Nie,Nie,d,Podstawowy,9710
47,7,31.08.2021,0,0,Nie,Nie,Nie,Nie,a,Rozszerzony,270
48,7,31.08.2021,0,0,Nie,Nie,Nie,Nie,a,Podstawowy,1060
49,7,31.08.2021,0,0,Nie,Nie,Nie,Nie,d,Rozszerzony,18010
50,7,31.08.2021,0,0,Nie,Nie,Nie,Nie,d,Podstawowy,6260
1,6,30.08.2021,4094,518,Tak,Nie,Nie,Tak,c,Podstawowy,1270
2,6,30.08.2021,2976,376,Tak,Nie,Nie,Nie,a,Podstawowy,570
3,6,30.08.2021,4322,475,Tak,Nie,Nie,Nie,a,Podstawowy,14130
4,6,30.08.2021,11930,1542,Tak,Nie,Nie,Nie,c,Rozszerzony,620
5,6,30.08.2021,2315,240,Tak,Nie,Nie,Nie,a,Podstawowy,29910
6,6,30.08.2021,3282,379,Tak,Nie,Nie,Nie,a,Podstawowy,310
7,6,30.08.2021,7271,815,Tak,Nie,Nie,Nie,a,Rozszerzony,24000
8,6,30.08.2021,3802,433,Tak,Nie,Nie,Nie,a,Podstawowy,7520
9,6,30.08.2021,6326,576,Tak,Nie,Nie,Nie,a,Rozszerzony,2030
10,6,30.08.2021,4372,464,Tak,Nie,Nie,Tak,a,Podstawowy,3160
11,6,30.08.2021,6367,955,Tak,Nie,Nie,Nie,a,Rozszerzony,960
12,6,30.08.2021,6465,828,Tak,Nie,Nie,Nie,a,Rozszerzony,1070
14,6,30.08.2021,3455,416,Tak,Nie,Nie,Nie,a,Podstawowy,1300
15,6,30.08.2021,6278,705,Tak,Nie,Nie,Nie,d,Rozszerzony,4110
16,6,30.08.2021,4831,485,Tak,Nie,Nie,Nie,a,Rozszerzony,3270
17,6,30.08.2021,2898,405,Tak,Nie,Nie,Nie,a,Podstawowy,50
18,6,30.08.2021,5549,581,Tak,Nie,Nie,Nie,d,Rozszerzony,13840
19,6,30.08.2021,5229,480,Tak,Nie,Nie,Nie,a,Rozszerzony,3240
21,6,30.08.2021,4996,462,Tak,Nie,Nie,Nie,c,Rozszerzony,550
23,6,30.08.2021,4406,405,Tak,Nie,Nie,Nie,d,Podstawowy,4060
24,6,30.08.2021,7345,700,Tak,Nie,Nie,Nie,a,Rozszerzony,4590
25,6,30.08.2021,10446,1365,Tak,Nie,Nie,Nie,c,Podstawowy,430
26,6,30.08.2021,5995,525,Tak,Nie,Nie,Nie,d,Podstawowy,2300
27,6,30.08.2021,8326,909,Tak,Nie,Nie,Nie,a,Podstawowy,60
28,6,30.08.2021,0,0,Nie,Nie,Nie,Nie,a,Podstawowy,1200
29,6,30.08.2021,8072,709,Tak,Nie,Nie,Nie,d,Rozszerzony,2170
30,6,30.08.2021,5043,776,Tak,Nie,Nie,Nie,a,Podstawowy,40
31,6,30.08.2021,6827,662,Tak,Nie,Nie,Nie,d,Rozszerzony,9800
33,6,30.08.2021,9200,937,Tak,Nie,Nie,Nie,a,Rozszerzony,1320
34,6,30.08.2021,7933,946,Tak,Nie,Nie,Nie,c,Podstawowy,2240
35,6,30.08.2021,8152,653,Tak,Nie,Nie,Nie,d,Rozszerzony,7660
37,6,30.08.2021,7621,856,Tak,Nie,Nie,Nie,c,Podstawowy,4230
38,6,30.08.2021,6793,608,Tak,Nie,Nie,Nie,d,Podstawowy,1090
39,6,30.08.2021,3212,447,Tak,Nie,Nie,Nie,a,Podstawowy,260
40,6,30.08.2021,5394,738,Tak,Nie,Nie,Nie,a,Podstawowy,180
42,6,30.08.2021,8668,995,Tak,Nie,Nie,Nie,a,Rozszerzony,290
43,6,30.08.2021,4350,384,Tak,Nie,Nie,Nie,d,Podstawowy,4880
44,6,30.08.2021,4440,523,Tak,Nie,Nie,Nie,a,Podstawowy,540
45,6,30.08.2021,5357,446,Tak,Nie,Nie,Nie,d,Podstawowy,9710
47,6,30.08.2021,6359,862,Tak,Nie,Nie,Nie,a,Rozszerzony,270
48,6,30.08.2021,2852,270,Tak,Nie,Nie,Nie,a,Podstawowy,1060
49,6,30.08.2021,7041,522,Tak,Nie,Nie,Nie,d,Rozszerzony,18010
50,6,30.08.2021,4165,373,Tak,Nie,Nie,Nie,d,Podstawowy,6260
1,5,29.08.2021,3869,439,Tak,Nie,Nie,Tak,c,Podstawowy,1270
2,5,29.08.2021,4318,537,Tak,Nie,Nie,Tak,a,Podstawowy,570
3,5,29.08.2021,6889,750,Tak,Nie,Nie,Nie,a,Podstawowy,14130
4,5,29.08.2021,11938,1577,Tak,Nie,Nie,Nie,c,Rozszerzony,620
5,5,29.08.2021,4860,559,Tak,Nie,Nie,Tak,a,Podstawowy,29910
6,5,29.08.2021,5142,620,Tak,Nie,Nie,Tak,a,Podstawowy,310
7,5,29.08.2021,10951,1258,Tak,Nie,Nie,Nie,a,Rozszerzony,24000
8,5,29.08.2021,5373,646,Tak,Nie,Nie,Nie,a,Podstawowy,7520
9,5,29.08.2021,6559,577,Tak,Nie,Nie,Nie,a,Rozszerzony,2030
10,5,29.08.2021,5266,539,Tak,Nie,Nie,Tak,a,Podstawowy,3160
11,5,29.08.2021,8993,1375,Tak,Nie,Nie,Nie,a,Rozszerzony,960
12,5,29.08.2021,7049,862,Tak,Nie,Nie,Nie,a,Rozszerzony,1070
14,5,29.08.2021,5042,615,Tak,Nie,Nie,Nie,a,Podstawowy,1300
15,5,29.08.2021,7341,746,Tak,Nie,Nie,Nie,d,Rozszerzony,4110
16,5,29.08.2021,6421,722,Tak,Nie,Nie,Tak,a,Rozszerzony,3270
17,5,29.08.2021,6098,868,Tak,Nie,Nie,Tak,a,Podstawowy,50
18,5,29.08.2021,8501,936,Tak,Nie,Nie,Tak,d,Rozszerzony,13840
19,5,29.08.2021,8194,737,Tak,Nie,Nie,Nie,a,Rozszerzony,3240
21,5,29.08.2021,3652,442,Tak,Nie,Nie,Tak,c,Rozszerzony,550
23,5,29.08.2021,4677,448,Tak,Nie,Nie,Tak,d,Podstawowy,4060
24,5,29.08.2021,10669,882,Tak,Nie,Nie,Nie,a,Rozszerzony,4590
25,5,29.08.2021,12126,1571,Tak,Nie,Nie,Nie,c,Podstawowy,430
26,5,29.08.2021,6823,611,Tak,Nie,Nie,Tak,d,Podstawowy,2300
27,5,29.08.2021,9331,1062,Tak,Nie,Nie,Nie,a,Podstawowy,60
28,5,29.08.2021,0,0,Nie,Nie,Nie,Tak,a,Podstawowy,1200
29,5,29.08.2021,7282,657,Tak,Nie,Nie,Nie,d,Rozszerzony,2170
30,5,29.08.2021,4326,660,Tak,Nie,Nie,Nie,a,Podstawowy,40
31,5,29.08.2021,6966,718,Tak,Nie,Nie,Nie,d,Rozszerzony,9800
33,5,29.08.2021,8504,845,Tak,Nie,Nie,Nie,a,Rozszerzony,1320
34,5,29.08.2021,7190,979,Tak,Nie,Nie,Nie,c,Podstawowy,2240
35,5,29.08.2021,9501,742,Tak,Nie,Nie,Nie,d,Rozszerzony,7660
37,5,29.08.2021,7045,771,Tak,Nie,Nie,Tak,c,Podstawowy,4230
38,5,29.08.2021,5604,523,Tak,Nie,Nie,Nie,d,Podstawowy,1090
39,5,29.08.2021,5049,658,Tak,Nie,Nie,Nie,a,Podstawowy,260
40,5,29.08.2021,4298,624,Tak,Nie,Nie,Nie,a,Podstawowy,180
42,5,29.08.2021,11001,1140,Tak,Nie,Nie,Nie,a,Rozszerzony,290
43,5,29.08.2021,5457,549,Tak,Nie,Nie,Nie,d,Podstawowy,4880
44,5,29.08.2021,6341,794,Tak,Nie,Nie,Nie,a,Podstawowy,540
45,5,29.08.2021,4412,373,Tak,Nie,Nie,Tak,d,Podstawowy,9710
47,5,29.08.2021,7729,968,Tak,Nie,Nie,Nie,a,Rozszerzony,270
48,5,29.08.2021,3542,388,Tak,Nie,Nie,Nie,a,Podstawowy,1060
49,5,29.08.2021,6330,476,Tak,Nie,Nie,Tak,d,Rozszerzony,18010
50,5,29.08.2021,3928,313,Tak,Nie,Nie,Tak,d,Podstawowy,6260
1,4,28.08.2021,3920,467,Tak,Nie,Nie,Tak,c,Podstawowy,1270
2,4,28.08.2021,3717,524,Tak,Nie,Nie,Tak,a,Podstawowy,570
3,4,28.08.2021,5452,714,Tak,Nie,Nie,Nie,a,Podstawowy,14130
4,4,28.08.2021,9205,1366,Tak,Nie,Nie,Nie,c,Rozszerzony,620
5,4,28.08.2021,4070,508,Tak,Nie,Nie,Tak,a,Podstawowy,29910
6,4,28.08.2021,3962,502,Tak,Nie,Nie,Tak,a,Podstawowy,310
7,4,28.08.2021,8414,1045,Tak,Nie,Nie,Nie,a,Rozszerzony,24000
8,4,28.08.2021,5374,733,Tak,Nie,Nie,Nie,a,Podstawowy,7520
9,4,28.08.2021,5369,549,Tak,Nie,Nie,Nie,a,Rozszerzony,2030
10,4,28.08.2021,4043,443,Tak,Nie,Nie,Tak,a,Podstawowy,3160
11,4,28.08.2021,7999,1274,Tak,Nie,Nie,Nie,a,Rozszerzony,960
12,4,28.08.2021,6146,878,Tak,Nie,Nie,Nie,a,Rozszerzony,1070
14,4,28.08.2021,4359,576,Tak,Nie,Nie,Nie,a,Podstawowy,1300
15,4,28.08.2021,6176,671,Tak,Nie,Nie,Nie,d,Rozszerzony,4110
16,4,28.08.2021,6215,719,Tak,Nie,Nie,Tak,a,Rozszerzony,3270
17,4,28.08.2021,5058,719,Tak,Nie,Nie,Tak,a,Podstawowy,50
18,4,28.08.2021,5189,619,Tak,Nie,Nie,Tak,d,Rozszerzony,13840
19,4,28.08.2021,7027,666,Tak,Nie,Nie,Nie,a,Rozszerzony,3240
21,4,28.08.2021,3770,383,Tak,Nie,Nie,Tak,c,Rozszerzony,550
23,4,28.08.2021,4142,419,Tak,Nie,Nie,Tak,d,Podstawowy,4060
24,4,28.08.2021,7404,720,Tak,Nie,Nie,Nie,a,Rozszerzony,4590
25,4,28.08.2021,9349,1365,Tak,Nie,Nie,Nie,c,Podstawowy,430
26,4,28.08.2021,5373,523,Tak,Nie,Nie,Tak,d,Podstawowy,2300
27,4,28.08.2021,7269,899,Tak,Nie,Nie,Nie,a,Podstawowy,60
28,4,28.08.2021,0,0,Nie,Nie,Nie,Tak,a,Podstawowy,1200
29,4,28.08.2021,5594,532,Tak,Nie,Nie,Nie,d,Rozszerzony,2170
30,4,28.08.2021,4681,718,Tak,Nie,Nie,Nie,a,Podstawowy,40
31,4,28.08.2021,5408,567,Tak,Nie,Nie,Nie,d,Rozszerzony,9800
33,4,28.08.2021,6703,692,Tak,Nie,Nie,Nie,a,Rozszerzony,1320
34,4,28.08.2021,6306,871,Tak,Nie,Nie,Nie,c,Podstawowy,2240
35,4,28.08.2021,7805,634,Tak,Nie,Nie,Nie,d,Rozszerzony,7660
37,4,28.08.2021,5168,608,Tak,Nie,Nie,Tak,c,Podstawowy,4230
38,4,28.08.2021,3977,391,Tak,Nie,Nie,Nie,d,Podstawowy,1090
39,4,28.08.2021,3815,527,Tak,Nie,Nie,Nie,a,Podstawowy,260
40,4,28.08.2021,4724,648,Tak,Nie,Nie,Nie,a,Podstawowy,180
42,4,28.08.2021,8311,1006,Tak,Nie,Nie,Nie,a,Rozszerzony,290
43,4,28.08.2021,4889,512,Tak,Nie,Nie,Nie,d,Podstawowy,4880
44,4,28.08.2021,5374,678,Tak,Nie,Nie,Nie,a,Podstawowy,540
45,4,28.08.2021,4198,331,Tak,Nie,Nie,Tak,d,Podstawowy,9710
47,4,28.08.2021,6229,871,Tak,Nie,Nie,Nie,a,Rozszerzony,270
48,4,28.08.2021,3045,378,Tak,Nie,Nie,Nie,a,Podstawowy,1060
49,4,28.08.2021,5481,443,Tak,Nie,Nie,Tak,d,Rozszerzony,18010
50,4,28.08.2021,2825,252,Tak,Nie,Nie,Tak,d,Podstawowy,6260
1,3,27.08.2021,3148,421,Tak,Nie,Nie,Tak,c,Podstawowy,1270
2,3,27.08.2021,5127,699,Tak,Nie,Nie,Tak,a,Podstawowy,570
3,3,27.08.2021,5055,658,Tak,Nie,Nie,Nie,a,Podstawowy,14130
4,3,27.08.2021,8718,1203,Tak,Nie,Nie,Nie,c,Rozszerzony,620
5,3,27.08.2021,4306,590,Tak,Nie,Nie,Tak,a,Podstawowy,29910
6,3,27.08.2021,4467,519,Tak,Nie,Nie,Tak,a,Podstawowy,310
7,3,27.08.2021,8038,973,Tak,Nie,Nie,Nie,a,Rozszerzony,24000
8,3,27.08.2021,4563,603,Tak,Nie,Nie,Nie,a,Podstawowy,7520
9,3,27.08.2021,4445,448,Tak,Nie,Nie,Nie,a,Rozszerzony,2030
10,3,27.08.2021,3755,464,Tak,Nie,Nie,Tak,a,Podstawowy,3160
11,3,27.08.2021,8529,1291,Tak,Nie,Nie,Nie,a,Rozszerzony,960
12,3,27.08.2021,5548,786,Tak,Nie,Nie,Nie,a,Rozszerzony,1070
14,3,27.08.2021,4815,603,Tak,Nie,Nie,Nie,a,Podstawowy,1300
15,3,27.08.2021,5945,609,Tak,Nie,Nie,Nie,d,Rozszerzony,4110
16,3,27.08.2021,5482,674,Tak,Nie,Nie,Tak,a,Rozszerzony,3270
17,3,27.08.2021,5655,796,Tak,Nie,Nie,Tak,a,Podstawowy,50
18,3,27.08.2021,5418,658,Tak,Nie,Nie,Tak,d,Rozszerzony,13840
19,3,27.08.2021,5215,566,Tak,Nie,Nie,Nie,a,Rozszerzony,3240
21,3,27.08.2021,3826,347,Tak,Nie,Nie,Tak,c,Rozszerzony,550
23,3,27.08.2021,3698,362,Tak,Nie,Nie,Tak,d,Podstawowy,4060
24,3,27.08.2021,7167,753,Tak,Nie,Nie,Nie,a,Rozszerzony,4590
25,3,27.08.2021,8877,1357,Tak,Nie,Nie,Nie,c,Podstawowy,430
26,3,27.08.2021,4854,469,Tak,Nie,Nie,Tak,d,Podstawowy,2300
27,3,27.08.2021,6691,870,Tak,Nie,Nie,Nie,a,Podstawowy,60
28,3,27.08.2021,0,0,Nie,Nie,Nie,Tak,a,Podstawowy,1200
29,3,27.08.2021,5507,560,Tak,Nie,Nie,Nie,d,Rozszerzony,2170
30,3,27.08.2021,4111,650,Tak,Nie,Nie,Nie,a,Podstawowy,40
31,3,27.08.2021,4952,553,Tak,Nie,Nie,Nie,d,Rozszerzony,9800
33,3,27.08.2021,6810,760,Tak,Nie,Nie,Nie,a,Rozszerzony,1320
34,3,27.08.2021,6916,918,Tak,Nie,Nie,Nie,c,Podstawowy,2240
35,3,27.08.2021,6273,576,Tak,Nie,Nie,Nie,d,Rozszerzony,7660
37,3,27.08.2021,4080,548,Tak,Nie,Nie,Tak,c,Podstawowy,4230
38,3,27.08.2021,4043,386,Tak,Nie,Nie,Nie,d,Podstawowy,1090
39,3,27.08.2021,3715,577,Tak,Nie,Nie,Nie,a,Podstawowy,260
40,3,27.08.2021,4093,607,Tak,Nie,Nie,Nie,a,Podstawowy,180
42,3,27.08.2021,8812,1140,Tak,Nie,Nie,Nie,a,Rozszerzony,290
43,3,27.08.2021,5006,544,Tak,Nie,Nie,Nie,d,Podstawowy,4880
44,3,27.08.2021,5177,679,Tak,Nie,Nie,Nie,a,Podstawowy,540
45,3,27.08.2021,3218,266,Tak,Nie,Nie,Tak,d,Podstawowy,9710
47,3,27.08.2021,6456,964,Tak,Nie,Nie,Nie,a,Rozszerzony,270
48,3,27.08.2021,3025,370,Tak,Nie,Nie,Nie,a,Podstawowy,1060
49,3,27.08.2021,5565,482,Tak,Nie,Nie,Tak,d,Rozszerzony,18010
50,3,27.08.2021,2979,265,Tak,Nie,Nie,Tak,d,Podstawowy,6260
1,2,26.08.2021,3396,460,Tak,Nie,Nie,Tak,c,Podstawowy,1270
2,2,26.08.2021,3647,462,Tak,Nie,Nie,Tak,a,Podstawowy,570
3,2,26.08.2021,5666,690,Tak,Nie,Nie,Nie,a,Podstawowy,14130
4,2,26.08.2021,8985,1304,Tak,Nie,Nie,Nie,c,Rozszerzony,620
5,2,26.08.2021,3623,442,Tak,Nie,Nie,Tak,a,Podstawowy,29910
6,2,26.08.2021,3768,507,Tak,Nie,Nie,Tak,a,Podstawowy,310
7,2,26.08.2021,10029,1326,Tak,Nie,Nie,Nie,a,Rozszerzony,24000
8,2,26.08.2021,4027,599,Tak,Nie,Nie,Nie,a,Podstawowy,7520
9,2,26.08.2021,5430,539,Tak,Nie,Nie,Nie,a,Rozszerzony,2030
10,2,26.08.2021,4496,484,Tak,Nie,Nie,Tak,a,Podstawowy,3160
11,2,26.08.2021,9084,1387,Tak,Nie,Nie,Nie,a,Rozszerzony,960
12,2,26.08.2021,6061,836,Tak,Nie,Nie,Nie,a,Rozszerzony,1070
14,2,26.08.2021,4167,477,Tak,Nie,Nie,Nie,a,Podstawowy,1300
15,2,26.08.2021,5580,644,Tak,Nie,Nie,Nie,d,Rozszerzony,4110
16,2,26.08.2021,5289,639,Tak,Nie,Nie,Tak,a,Rozszerzony,3270
17,2,26.08.2021,4690,679,Tak,Nie,Nie,Tak,a,Podstawowy,50
18,2,26.08.2021,5287,604,Tak,Nie,Nie,Tak,d,Rozszerzony,13840
19,2,26.08.2021,5279,553,Tak,Nie,Nie,Nie,a,Rozszerzony,3240
21,2,26.08.2021,2866,337,Tak,Nie,Nie,Tak,c,Rozszerzony,550
23,2,26.08.2021,3694,357,Tak,Nie,Nie,Tak,d,Podstawowy,4060
24,2,26.08.2021,6255,637,Tak,Nie,Nie,Nie,a,Rozszerzony,4590
25,2,26.08.2021,7645,1291,Tak,Nie,Nie,Nie,c,Podstawowy,430
26,2,26.08.2021,4331,426,Tak,Nie,Nie,Tak,d,Podstawowy,2300
27,2,26.08.2021,6628,897,Tak,Nie,Nie,Nie,a,Podstawowy,60
28,2,26.08.2021,0,0,Nie,Nie,Nie,Tak,a,Podstawowy,1200
29,2,26.08.2021,5324,544,Tak,Nie,Nie,Nie,d,Rozszerzony,2170
30,2,26.08.2021,3585,559,Tak,Nie,Nie,Nie,a,Podstawowy,40
31,2,26.08.2021,5030,579,Tak,Nie,Nie,Nie,d,Rozszerzony,9800
33,2,26.08.2021,5972,684,Tak,Nie,Nie,Nie,a,Rozszerzony,1320
34,2,26.08.2021,6604,947,Tak,Nie,Nie,Nie,c,Podstawowy,2240
35,2,26.08.2021,7015,630,Tak,Nie,Nie,Nie,d,Rozszerzony,7660
37,2,26.08.2021,4995,623,Tak,Nie,Nie,Tak,c,Podstawowy,4230
38,2,26.08.2021,3870,356,Tak,Nie,Nie,Nie,d,Podstawowy,1090
39,2,26.08.2021,3304,455,Tak,Nie,Nie,Nie,a,Podstawowy,260
40,2,26.08.2021,3604,561,Tak,Nie,Nie,Nie,a,Podstawowy,180
42,2,26.08.2021,6533,834,Tak,Nie,Nie,Nie,a,Rozszerzony,290
43,2,26.08.2021,4069,425,Tak,Nie,Nie,Nie,d,Podstawowy,4880
44,2,26.08.2021,4900,628,Tak,Nie,Nie,Nie,a,Podstawowy,540
45,2,26.08.2021,3085,273,Tak,Nie,Nie,Tak,d,Podstawowy,9710
47,2,26.08.2021,6021,892,Tak,Nie,Nie,Nie,a,Rozszerzony,270
48,2,26.08.2021,3122,348,Tak,Nie,Nie,Nie,a,Podstawowy,1060
49,2,26.08.2021,5635,416,Tak,Nie,Nie,Tak,d,Rozszerzony,18010
50,2,26.08.2021,2620,244,Tak,Nie,Nie,Tak,d,Podstawowy,6260
1,1,25.08.2021,3414,449,Tak,Nie,Nie,Tak,c,Podstawowy,1270
2,1,25.08.2021,3927,538,Tak,Nie,Nie,Tak,a,Podstawowy,570
3,1,25.08.2021,5393,703,Tak,Nie,Nie,Nie,a,Podstawowy,14130
4,1,25.08.2021,10919,1513,Tak,Nie,Nie,Nie,c,Rozszerzony,620
5,1,25.08.2021,3693,484,Tak,Nie,Nie,Tak,a,Podstawowy,29910
6,1,25.08.2021,4330,602,Tak,Nie,Nie,Tak,a,Podstawowy,310
7,1,25.08.2021,11405,1366,Tak,Nie,Nie,Nie,a,Rozszerzony,24000
8,1,25.08.2021,4894,692,Tak,Nie,Nie,Nie,a,Podstawowy,7520
9,1,25.08.2021,5977,592,Tak,Nie,Nie,Nie,a,Rozszerzony,2030
10,1,25.08.2021,4346,539,Tak,Nie,Nie,Tak,a,Podstawowy,3160
11,1,25.08.2021,9673,1365,Tak,Nie,Nie,Nie,a,Rozszerzony,960
12,1,25.08.2021,7210,958,Tak,Nie,Nie,Nie,a,Rozszerzony,1070
14,1,25.08.2021,5077,648,Tak,Nie,Nie,Nie,a,Podstawowy,1300
15,1,25.08.2021,7644,818,Tak,Nie,Nie,Nie,d,Rozszerzony,4110
16,1,25.08.2021,6098,727,Tak,Nie,Nie,Tak,a,Rozszerzony,3270
17,1,25.08.2021,5121,721,Tak,Nie,Nie,Tak,a,Podstawowy,50
18,1,25.08.2021,6110,715,Tak,Nie,Nie,Tak,d,Rozszerzony,13840
19,1,25.08.2021,6122,679,Tak,Nie,Nie,Nie,a,Rozszerzony,3240
21,1,25.08.2021,3933,415,Tak,Nie,Nie,Tak,c,Rozszerzony,550
23,1,25.08.2021,3980,382,Tak,Nie,Nie,Tak,d,Podstawowy,4060
24,1,25.08.2021,7073,779,Tak,Nie,Nie,Nie,a,Rozszerzony,4590
25,1,25.08.2021,9765,1514,Tak,Nie,Nie,Nie,c,Podstawowy,430
26,1,25.08.2021,4853,475,Tak,Nie,Nie,Tak,d,Podstawowy,2300
27,1,25.08.2021,7469,989,Tak,Nie,Nie,Nie,a,Podstawowy,60
28,1,25.08.2021,0,0,Nie,Nie,Nie,Tak,a,Podstawowy,1200
29,1,25.08.2021,5745,592,Tak,Nie,Nie,Nie,d,Rozszerzony,2170
30,1,25.08.2021,3829,576,Tak,Nie,Nie,Nie,a,Podstawowy,40
31,1,25.08.2021,6633,706,Tak,Nie,Nie,Nie,d,Rozszerzony,9800
33,1,25.08.2021,7099,819,Tak,Nie,Nie,Nie,a,Rozszerzony,1320
34,1,25.08.2021,7843,1032,Tak,Nie,Nie,Nie,c,Podstawowy,2240
35,1,25.08.2021,7529,654,Tak,Nie,Nie,Nie,d,Rozszerzony,7660
37,1,25.08.2021,4859,566,Tak,Nie,Nie,Tak,c,Podstawowy,4230
38,1,25.08.2021,4371,429,Tak,Nie,Nie,Nie,d,Podstawowy,1090
39,1,25.08.2021,3732,561,Tak,Nie,Nie,Nie,a,Podstawowy,260
40,1,25.08.2021,4424,587,Tak,Nie,Nie,Nie,a,Podstawowy,180
42,1,25.08.2021,8931,1075,Tak,Nie,Nie,Nie,a,Rozszerzony,290
43,1,25.08.2021,5426,576,Tak,Nie,Nie,Nie,d,Podstawowy,4880
44,1,25.08.2021,6003,778,Tak,Nie,Nie,Nie,a,Podstawowy,540
45,1,25.08.2021,3885,321,Tak,Nie,Nie,Tak,d,Podstawowy,9710
47,1,25.08.2021,7987,1066,Tak,Nie,Nie,Nie,a,Rozszerzony,270
48,1,25.08.2021,4014,421,Tak,Nie,Nie,Nie,a,Podstawowy,1060
49,1,25.08.2021,5855,451,Tak,Nie,Nie,Tak,d,Rozszerzony,18010
50,1,25.08.2021,3012,292,Tak,Nie,Nie,Tak,d,Podstawowy,6260
1,7,24.08.2021,0,0,Nie,Nie,Nie,Tak,c,Podstawowy,1270
2,7,24.08.2021,0,0,Nie,Nie,Nie,Nie,a,Podstawowy,570
3,7,24.08.2021,0,0,Nie,Nie,Nie,Nie,a,Podstawowy,14130
4,7,24.08.2021,0,0,Nie,Nie,Nie,Nie,c,Rozszerzony,620
5,7,24.08.2021,0,0,Nie,Nie,Nie,Nie,a,Podstawowy,29910
6,7,24.08.2021,0,0,Nie,Nie,Nie,Nie,a,Podstawowy,310
7,7,24.08.2021,0,0,Nie,Nie,Nie,Nie,a,Rozszerzony,24000
8,7,24.08.2021,0,0,Nie,Nie,Nie,Nie,a,Podstawowy,7520
9,7,24.08.2021,0,0,Nie,Nie,Nie,Nie,a,Rozszerzony,2030
10,7,24.08.2021,0,0,Nie,Nie,Nie,Tak,a,Podstawowy,3160
11,7,24.08.2021,0,0,Nie,Nie,Nie,Nie,a,Rozszerzony,960
12,7,24.08.2021,0,0,Nie,Nie,Nie,Nie,a,Rozszerzony,1070
14,7,24.08.2021,0,0,Nie,Nie,Nie,Nie,a,Podstawowy,1300
15,7,24.08.2021,0,0,Nie,Nie,Nie,Nie,d,Rozszerzony,4110
16,7,24.08.2021,0,0,Nie,Nie,Nie,Nie,a,Rozszerzony,3270
17,7,24.08.2021,0,0,Nie,Nie,Nie,Nie,a,Podstawowy,50
18,7,24.08.2021,0,0,Nie,Nie,Nie,Nie,d,Rozszerzony,13840
19,7,24.08.2021,0,0,Nie,Nie,Nie,Nie,a,Rozszerzony,3240
21,7,24.08.2021,0,0,Nie,Nie,Nie,Nie,c,Rozszerzony,550
23,7,24.08.2021,0,0,Nie,Nie,Nie,Nie,d,Podstawowy,4060
24,7,24.08.2021,0,0,Nie,Nie,Nie,Nie,a,Rozszerzony,4590
25,7,24.08.2021,0,0,Nie,Nie,Nie,Nie,c,Podstawowy,430
26,7,24.08.2021,0,0,Nie,Nie,Nie,Nie,d,Podstawowy,2300
27,7,24.08.2021,0,0,Nie,Nie,Nie,Nie,a,Podstawowy,60
28,7,24.08.2021,0,0,Nie,Nie,Nie,Nie,a,Podstawowy,1200
29,7,24.08.2021,0,0,Nie,Nie,Nie,Nie,d,Rozszerzony,2170
30,7,24.08.2021,0,0,Nie,Nie,Nie,Nie,a,Podstawowy,40
31,7,24.08.2021,0,0,Nie,Nie,Nie,Nie,d,Rozszerzony,9800
33,7,24.08.2021,0,0,Nie,Nie,Nie,Nie,a,Rozszerzony,1320
34,7,24.08.2021,0,0,Nie,Nie,Nie,Nie,c,Podstawowy,2240
35,7,24.08.2021,0,0,Nie,Nie,Nie,Nie,d,Rozszerzony,7660
37,7,24.08.2021,0,0,Nie,Nie,Nie,Nie,c,Podstawowy,4230
38,7,24.08.2021,0,0,Nie,Nie,Nie,Nie,d,Podstawowy,1090
39,7,24.08.2021,0,0,Nie,Nie,Nie,Nie,a,Podstawowy,260
40,7,24.08.2021,0,0,Nie,Nie,Nie,Nie,a,Podstawowy,180
42,7,24.08.2021,0,0,Nie,Nie,Nie,Nie,a,Rozszerzony,290
43,7,24.08.2021,0,0,Nie,Nie,Nie,Nie,d,Podstawowy,4880
44,7,24.08.2021,0,0,Nie,Nie,Nie,Nie,a,Podstawowy,540
45,7,24.08.2021,0,0,Nie,Nie,Nie,Nie,d,Podstawowy,9710
47,7,24.08.2021,0,0,Nie,Nie,Nie,Nie,a,Rozszerzony,270
48,7,24.08.2021,0,0,Nie,Nie,Nie,Nie,a,Podstawowy,1060
49,7,24.08.2021,0,0,Nie,Nie,Nie,Nie,d,Rozszerzony,18010
50,7,24.08.2021,0,0,Nie,Nie,Nie,Nie,d,Podstawowy,6260
1,6,23.08.2021,3582,469,Tak,Nie,Nie,Tak,c,Podstawowy,1270
2,6,23.08.2021,2738,341,Tak,Nie,Nie,Nie,a,Podstawowy,570
3,6,23.08.2021,3698,457,Tak,Nie,Nie,Nie,a,Podstawowy,14130
4,6,23.08.2021,10208,1447,Tak,Nie,Nie,Nie,c,Rozszerzony,620
5,6,23.08.2021,1791,217,Tak,Nie,Nie,Nie,a,Podstawowy,29910
6,6,23.08.2021,2822,345,Tak,Nie,Nie,Nie,a,Podstawowy,310
7,6,23.08.2021,6881,728,Tak,Nie,Nie,Nie,a,Rozszerzony,24000
8,6,23.08.2021,2910,375,Tak,Nie,Nie,Nie,a,Podstawowy,7520
9,6,23.08.2021,5727,503,Tak,Nie,Nie,Nie,a,Rozszerzony,2030
10,6,23.08.2021,3567,421,Tak,Nie,Nie,Tak,a,Podstawowy,3160
11,6,23.08.2021,6332,862,Tak,Nie,Nie,Nie,a,Rozszerzony,960
12,6,23.08.2021,6049,799,Tak,Nie,Nie,Nie,a,Rozszerzony,1070
14,6,23.08.2021,3647,429,Tak,Nie,Nie,Nie,a,Podstawowy,1300
15,6,23.08.2021,6470,643,Tak,Nie,Nie,Nie,d,Rozszerzony,4110
16,6,23.08.2021,4174,449,Tak,Nie,Nie,Nie,a,Rozszerzony,3270
17,6,23.08.2021,2418,342,Tak,Nie,Nie,Nie,a,Podstawowy,50
18,6,23.08.2021,4371,439,Tak,Nie,Nie,Nie,d,Rozszerzony,13840
19,6,23.08.2021,3431,371,Tak,Nie,Nie,Nie,a,Rozszerzony,3240
21,6,23.08.2021,4634,448,Tak,Nie,Nie,Nie,c,Rozszerzony,550
23,6,23.08.2021,4625,451,Tak,Nie,Nie,Nie,d,Podstawowy,4060
24,6,23.08.2021,6247,660,Tak,Nie,Nie,Nie,a,Rozszerzony,4590
25,6,23.08.2021,8251,1221,Tak,Nie,Nie,Nie,c,Podstawowy,430
26,6,23.08.2021,4625,458,Tak,Nie,Nie,Nie,d,Podstawowy,2300
27,6,23.08.2021,6977,879,Tak,Nie,Nie,Nie,a,Podstawowy,60
28,6,23.08.2021,0,0,Nie,Nie,Nie,Nie,a,Podstawowy,1200
29,6,23.08.2021,7208,712,Tak,Nie,Nie,Nie,d,Rozszerzony,2170
30,6,23.08.2021,4082,687,Tak,Nie,Nie,Nie,a,Podstawowy,40
31,6,23.08.2021,5368,578,Tak,Nie,Nie,Nie,d,Rozszerzony,9800
33,6,23.08.2021,7627,780,Tak,Nie,Nie,Nie,a,Rozszerzony,1320
34,6,23.08.2021,7092,892,Tak,Nie,Nie,Nie,c,Podstawowy,2240
35,6,23.08.2021,7402,708,Tak,Nie,Nie,Nie,d,Rozszerzony,7660
37,6,23.08.2021,6725,825,Tak,Nie,Nie,Nie,c,Podstawowy,4230
38,6,23.08.2021,5818,582,Tak,Nie,Nie,Nie,d,Podstawowy,1090
39,6,23.08.2021,2909,408,Tak,Nie,Nie,Nie,a,Podstawowy,260
40,6,23.08.2021,5660,737,Tak,Nie,Nie,Nie,a,Podstawowy,180
42,6,23.08.2021,8604,969,Tak,Nie,Nie,Nie,a,Rozszerzony,290
43,6,23.08.2021,4170,410,Tak,Nie,Nie,Nie,d,Podstawowy,4880
44,6,23.08.2021,3643,483,Tak,Nie,Nie,Nie,a,Podstawowy,540
45,6,23.08.2021,4870,402,Tak,Nie,Nie,Nie,d,Podstawowy,9710
47,6,23.08.2021,5211,737,Tak,Nie,Nie,Nie,a,Rozszerzony,270
48,6,23.08.2021,3092,303,Tak,Nie,Nie,Nie,a,Podstawowy,1060
49,6,23.08.2021,5642,431,Tak,Nie,Nie,Nie,d,Rozszerzony,18010
50,6,23.08.2021,3461,346,Tak,Nie,Nie,Nie,d,Podstawowy,6260
1,5,22.08.2021,3971,461,Tak,Tak,Nie,Tak,c,Podstawowy,1270
2,5,22.08.2021,5064,586,Tak,Tak,Nie,Tak,a,Podstawowy,570
3,5,22.08.2021,6610,752,Tak,Tak,Nie,Nie,a,Podstawowy,14130
4,5,22.08.2021,10315,1318,Tak,Tak,Nie,Tak,c,Rozszerzony,620
5,5,22.08.2021,4956,577,Tak,Tak,Nie,Tak,a,Podstawowy,29910
6,5,22.08.2021,5012,580,Tak,Tak,Nie,Tak,a,Podstawowy,310
7,5,22.08.2021,11115,1201,Tak,Tak,Nie,Tak,a,Rozszerzony,24000
8,5,22.08.2021,5039,588,Tak,Tak,Nie,Tak,a,Podstawowy,7520
9,5,22.08.2021,6972,613,Tak,Tak,Nie,Nie,a,Rozszerzony,2030
10,5,22.08.2021,4682,531,Tak,Tak,Nie,Tak,a,Podstawowy,3160
11,5,22.08.2021,8349,1091,Tak,Tak,Nie,Tak,a,Rozszerzony,960
12,5,22.08.2021,7473,903,Tak,Tak,Nie,Tak,a,Rozszerzony,1070
14,5,22.08.2021,5558,652,Tak,Tak,Nie,Nie,a,Podstawowy,1300
15,5,22.08.2021,7153,725,Tak,Tak,Nie,Tak,d,Rozszerzony,4110
16,5,22.08.2021,7404,747,Tak,Tak,Nie,Tak,a,Rozszerzony,3270
17,5,22.08.2021,6389,855,Tak,Tak,Nie,Tak,a,Podstawowy,50
18,5,22.08.2021,7158,812,Tak,Tak,Nie,Tak,d,Rozszerzony,13840
19,5,22.08.2021,7292,696,Tak,Tak,Nie,Nie,a,Rozszerzony,3240
21,5,22.08.2021,5703,503,Tak,Tak,Nie,Tak,c,Rozszerzony,550
23,5,22.08.2021,5513,517,Tak,Tak,Nie,Tak,d,Podstawowy,4060
24,5,22.08.2021,10093,926,Tak,Tak,Nie,Nie,a,Rozszerzony,4590
25,5,22.08.2021,9944,1466,Tak,Tak,Nie,Nie,c,Podstawowy,430
26,5,22.08.2021,7670,592,Tak,Tak,Nie,Tak,d,Podstawowy,2300
27,5,22.08.2021,9008,1058,Tak,Tak,Nie,Nie,a,Podstawowy,60
28,5,22.08.2021,0,0,Nie,Tak,Nie,Tak,a,Podstawowy,1200
29,5,22.08.2021,7248,662,Tak,Tak,Nie,Nie,d,Rozszerzony,2170
30,5,22.08.2021,4359,648,Tak,Tak,Nie,Nie,a,Podstawowy,40
31,5,22.08.2021,6555,636,Tak,Tak,Nie,Tak,d,Rozszerzony,9800
33,5,22.08.2021,7510,811,Tak,Tak,Nie,Nie,a,Rozszerzony,1320
34,5,22.08.2021,7712,962,Tak,Tak,Nie,Tak,c,Podstawowy,2240
35,5,22.08.2021,10252,802,Tak,Tak,Nie,Nie,d,Rozszerzony,7660
37,5,22.08.2021,6829,792,Tak,Tak,Nie,Tak,c,Podstawowy,4230
38,5,22.08.2021,5983,569,Tak,Tak,Nie,Nie,d,Podstawowy,1090
39,5,22.08.2021,4723,597,Tak,Tak,Nie,Nie,a,Podstawowy,260
40,5,22.08.2021,5332,707,Tak,Tak,Nie,Nie,a,Podstawowy,180
42,5,22.08.2021,10866,1118,Tak,Tak,Nie,Nie,a,Rozszerzony,290
43,5,22.08.2021,7494,683,Tak,Tak,Nie,Nie,d,Podstawowy,4880
44,5,22.08.2021,6439,811,Tak,Tak,Nie,Tak,a,Podstawowy,540
45,5,22.08.2021,5036,416,Tak,Tak,Nie,Tak,d,Podstawowy,9710
47,5,22.08.2021,7482,973,Tak,Tak,Nie,Nie,a,Rozszerzony,270
48,5,22.08.2021,4129,430,Tak,Tak,Nie,Nie,a,Podstawowy,1060
49,5,22.08.2021,7022,546,Tak,Tak,Nie,Tak,d,Rozszerzony,18010
50,5,22.08.2021,4282,367,Tak,Tak,Nie,Tak,d,Podstawowy,6260
1,4,21.08.2021,4327,484,Tak,Tak,Nie,Tak,c,Podstawowy,1270
2,4,21.08.2021,5626,615,Tak,Tak,Nie,Tak,a,Podstawowy,570
3,4,21.08.2021,6933,768,Tak,Tak,Nie,Nie,a,Podstawowy,14130
4,4,21.08.2021,9954,1288,Tak,Tak,Nie,Tak,c,Rozszerzony,620
5,4,21.08.2021,4773,533,Tak,Tak,Nie,Tak,a,Podstawowy,29910
6,4,21.08.2021,4849,553,Tak,Tak,Nie,Tak,a,Podstawowy,310
7,4,21.08.2021,10789,1114,Tak,Tak,Nie,Tak,a,Rozszerzony,24000
8,4,21.08.2021,6594,801,Tak,Tak,Nie,Tak,a,Podstawowy,7520
9,4,21.08.2021,6664,583,Tak,Tak,Nie,Nie,a,Rozszerzony,2030
10,4,21.08.2021,5182,525,Tak,Tak,Nie,Tak,a,Podstawowy,3160
11,4,21.08.2021,8415,1124,Tak,Tak,Nie,Tak,a,Rozszerzony,960
12,4,21.08.2021,8614,952,Tak,Tak,Nie,Tak,a,Rozszerzony,1070
14,4,21.08.2021,5800,673,Tak,Tak,Nie,Nie,a,Podstawowy,1300
15,4,21.08.2021,7265,667,Tak,Tak,Nie,Tak,d,Rozszerzony,4110
16,4,21.08.2021,7427,802,Tak,Tak,Nie,Tak,a,Rozszerzony,3270
17,4,21.08.2021,6740,858,Tak,Tak,Nie,Tak,a,Podstawowy,50
18,4,21.08.2021,6361,707,Tak,Tak,Nie,Tak,d,Rozszerzony,13840
19,4,21.08.2021,7101,692,Tak,Tak,Nie,Nie,a,Rozszerzony,3240
21,4,21.08.2021,5388,496,Tak,Tak,Nie,Tak,c,Rozszerzony,550
23,4,21.08.2021,5746,537,Tak,Tak,Nie,Tak,d,Podstawowy,4060
24,4,21.08.2021,9205,858,Tak,Tak,Nie,Nie,a,Rozszerzony,4590
25,4,21.08.2021,9926,1538,Tak,Tak,Nie,Nie,c,Podstawowy,430
26,4,21.08.2021,6897,598,Tak,Tak,Nie,Tak,d,Podstawowy,2300
27,4,21.08.2021,9937,1126,Tak,Tak,Nie,Nie,a,Podstawowy,60
28,4,21.08.2021,4407,514,Tak,Tak,Nie,Tak,a,Podstawowy,1200
29,4,21.08.2021,7243,668,Tak,Tak,Nie,Nie,d,Rozszerzony,2170
30,4,21.08.2021,5164,751,Tak,Tak,Nie,Nie,a,Podstawowy,40
31,4,21.08.2021,6444,614,Tak,Tak,Nie,Tak,d,Rozszerzony,9800
33,4,21.08.2021,7995,822,Tak,Tak,Nie,Nie,a,Rozszerzony,1320
34,4,21.08.2021,8324,1005,Tak,Tak,Nie,Tak,c,Podstawowy,2240
35,4,21.08.2021,10103,816,Tak,Tak,Nie,Nie,d,Rozszerzony,7660
37,4,21.08.2021,7539,787,Tak,Tak,Nie,Tak,c,Podstawowy,4230
38,4,21.08.2021,4946,490,Tak,Tak,Nie,Nie,d,Podstawowy,1090
39,4,21.08.2021,4558,602,Tak,Tak,Nie,Nie,a,Podstawowy,260
40,4,21.08.2021,5526,753,Tak,Tak,Nie,Nie,a,Podstawowy,180
42,4,21.08.2021,11113,1210,Tak,Tak,Nie,Nie,a,Rozszerzony,290
43,4,21.08.2021,7113,657,Tak,Tak,Nie,Nie,d,Podstawowy,4880
44,4,21.08.2021,6387,769,Tak,Tak,Nie,Tak,a,Podstawowy,540
45,4,21.08.2021,5094,401,Tak,Tak,Nie,Tak,d,Podstawowy,9710
47,4,21.08.2021,9290,1118,Tak,Tak,Nie,Nie,a,Rozszerzony,270
48,4,21.08.2021,3912,442,Tak,Tak,Nie,Nie,a,Podstawowy,1060
49,4,21.08.2021,6924,501,Tak,Tak,Nie,Tak,d,Rozszerzony,18010
50,4,21.08.2021,4546,342,Tak,Tak,Nie,Tak,d,Podstawowy,6260
1,3,20.08.2021,4280,467,Tak,Tak,Nie,Tak,c,Podstawowy,1270
2,3,20.08.2021,7056,850,Tak,Tak,Nie,Tak,a,Podstawowy,570
3,3,20.08.2021,7661,839,Tak,Tak,Nie,Nie,a,Podstawowy,14130
4,3,20.08.2021,9515,1271,Tak,Tak,Nie,Tak,c,Rozszerzony,620
5,3,20.08.2021,5800,684,Tak,Tak,Nie,Tak,a,Podstawowy,29910
6,3,20.08.2021,5354,633,Tak,Tak,Nie,Tak,a,Podstawowy,310
7,3,20.08.2021,10262,1060,Tak,Tak,Nie,Tak,a,Rozszerzony,24000
8,3,20.08.2021,5982,644,Tak,Tak,Nie,Tak,a,Podstawowy,7520
9,3,20.08.2021,7929,682,Tak,Tak,Nie,Nie,a,Rozszerzony,2030
10,3,20.08.2021,5053,537,Tak,Tak,Nie,Tak,a,Podstawowy,3160
11,3,20.08.2021,9114,1170,Tak,Tak,Nie,Tak,a,Rozszerzony,960
12,3,20.08.2021,8799,959,Tak,Tak,Nie,Tak,a,Rozszerzony,1070
14,3,20.08.2021,6410,701,Tak,Tak,Nie,Nie,a,Podstawowy,1300
15,3,20.08.2021,7124,664,Tak,Tak,Nie,Tak,d,Rozszerzony,4110
16,3,20.08.2021,7912,784,Tak,Tak,Nie,Tak,a,Rozszerzony,3270
17,3,20.08.2021,6947,866,Tak,Tak,Nie,Tak,a,Podstawowy,50
18,3,20.08.2021,7606,781,Tak,Tak,Nie,Tak,d,Rozszerzony,13840
19,3,20.08.2021,7837,771,Tak,Tak,Nie,Nie,a,Rozszerzony,3240
21,3,20.08.2021,6528,478,Tak,Tak,Nie,Tak,c,Rozszerzony,550
23,3,20.08.2021,5818,506,Tak,Tak,Nie,Tak,d,Podstawowy,4060
24,3,20.08.2021,11143,1044,Tak,Tak,Nie,Nie,a,Rozszerzony,4590
25,3,20.08.2021,10822,1515,Tak,Tak,Nie,Nie,c,Podstawowy,430
26,3,20.08.2021,7295,576,Tak,Tak,Nie,Tak,d,Podstawowy,2300
27,3,20.08.2021,11403,1244,Tak,Tak,Nie,Nie,a,Podstawowy,60
28,3,20.08.2021,6693,653,Tak,Tak,Nie,Tak,a,Podstawowy,1200
29,3,20.08.2021,8340,712,Tak,Tak,Nie,Nie,d,Rozszerzony,2170
30,3,20.08.2021,5761,790,Tak,Tak,Nie,Nie,a,Podstawowy,40
31,3,20.08.2021,6168,566,Tak,Tak,Nie,Tak,d,Rozszerzony,9800
33,3,20.08.2021,9856,961,Tak,Tak,Nie,Nie,a,Rozszerzony,1320
34,3,20.08.2021,8599,1054,Tak,Tak,Nie,Tak,c,Podstawowy,2240
35,3,20.08.2021,10778,803,Tak,Tak,Nie,Nie,d,Rozszerzony,7660
37,3,20.08.2021,6943,717,Tak,Tak,Nie,Tak,c,Podstawowy,4230
38,3,20.08.2021,6766,563,Tak,Tak,Nie,Nie,d,Podstawowy,1090
39,3,20.08.2021,5883,786,Tak,Tak,Nie,Nie,a,Podstawowy,260
40,3,20.08.2021,5614,694,Tak,Tak,Nie,Nie,a,Podstawowy,180
42,3,20.08.2021,12729,1391,Tak,Tak,Nie,Nie,a,Rozszerzony,290
43,3,20.08.2021,7840,699,Tak,Tak,Nie,Nie,d,Podstawowy,4880
44,3,20.08.2021,6462,776,Tak,Tak,Nie,Tak,a,Podstawowy,540
45,3,20.08.2021,5193,364,Tak,Tak,Nie,Tak,d,Podstawowy,9710
47,3,20.08.2021,9541,1141,Tak,Tak,Nie,Tak,a,Rozszerzony,270
48,3,20.08.2021,3562,371,Tak,Tak,Nie,Tak,a,Podstawowy,1060
49,3,20.08.2021,7390,520,Tak,Tak,Nie,Tak,d,Rozszerzony,18010
50,3,20.08.2021,4555,364,Tak,Tak,Nie,Tak,d,Podstawowy,6260
1,2,19.08.2021,5190,528,Tak,Tak,Nie,Tak,c,Podstawowy,1270
2,2,19.08.2021,6000,647,Tak,Tak,Nie,Tak,a,Podstawowy,570
3,2,19.08.2021,8854,884,Tak,Tak,Nie,Tak,a,Podstawowy,14130
4,2,19.08.2021,10163,1323,Tak,Tak,Nie,Tak,c,Rozszerzony,620
5,2,19.08.2021,5784,616,Tak,Tak,Nie,Tak,a,Podstawowy,29910
6,2,19.08.2021,5209,612,Tak,Tak,Nie,Tak,a,Podstawowy,310
7,2,19.08.2021,12348,1363,Tak,Tak,Nie,Tak,a,Rozszerzony,24000
8,2,19.08.2021,6890,760,Tak,Tak,Nie,Tak,a,Podstawowy,7520
9,2,19.08.2021,8539,728,Tak,Tak,Nie,Tak,a,Rozszerzony,2030
10,2,19.08.2021,5044,525,Tak,Tak,Nie,Tak,a,Podstawowy,3160
11,2,19.08.2021,9657,1219,Tak,Tak,Nie,Tak,a,Rozszerzony,960
12,2,19.08.2021,9863,1043,Tak,Tak,Nie,Tak,a,Rozszerzony,1070
14,2,19.08.2021,6956,761,Tak,Tak,Nie,Tak,a,Podstawowy,1300
15,2,19.08.2021,8930,761,Tak,Tak,Nie,Tak,d,Rozszerzony,4110
16,2,19.08.2021,8223,898,Tak,Tak,Nie,Tak,a,Rozszerzony,3270
17,2,19.08.2021,8687,1031,Tak,Tak,Nie,Tak,a,Podstawowy,50
18,2,19.08.2021,7204,726,Tak,Tak,Nie,Tak,d,Rozszerzony,13840
19,2,19.08.2021,8143,720,Tak,Tak,Nie,Tak,a,Rozszerzony,3240
21,2,19.08.2021,7262,539,Tak,Tak,Nie,Tak,c,Rozszerzony,550
23,2,19.08.2021,5763,453,Tak,Tak,Nie,Tak,d,Podstawowy,4060
24,2,19.08.2021,12611,1039,Tak,Tak,Nie,Tak,a,Rozszerzony,4590
25,2,19.08.2021,12345,1708,Tak,Tak,Nie,Tak,c,Podstawowy,430
26,2,19.08.2021,7152,578,Tak,Tak,Nie,Tak,d,Podstawowy,2300
27,2,19.08.2021,10969,1186,Tak,Tak,Nie,Tak,a,Podstawowy,60
28,2,19.08.2021,9044,883,Tak,Tak,Nie,Tak,a,Podstawowy,1200
29,2,19.08.2021,9296,795,Tak,Tak,Nie,Tak,d,Rozszerzony,2170
30,2,19.08.2021,6565,881,Tak,Tak,Nie,Tak,a,Podstawowy,40
31,2,19.08.2021,7136,601,Tak,Tak,Nie,Tak,d,Rozszerzony,9800
33,2,19.08.2021,10425,973,Tak,Tak,Nie,Tak,a,Rozszerzony,1320
34,2,19.08.2021,9769,1134,Tak,Tak,Nie,Tak,c,Podstawowy,2240
35,2,19.08.2021,12696,918,Tak,Tak,Nie,Tak,d,Rozszerzony,7660
37,2,19.08.2021,7812,748,Tak,Tak,Nie,Tak,c,Podstawowy,4230
38,2,19.08.2021,7161,614,Tak,Tak,Nie,Tak,d,Podstawowy,1090
39,2,19.08.2021,5778,715,Tak,Tak,Nie,Tak,a,Podstawowy,260
40,2,19.08.2021,5681,764,Tak,Tak,Nie,Tak,a,Podstawowy,180
42,2,19.08.2021,13218,1303,Tak,Tak,Nie,Tak,a,Rozszerzony,290
43,2,19.08.2021,8300,675,Tak,Tak,Nie,Tak,d,Podstawowy,4880
44,2,19.08.2021,8367,910,Tak,Tak,Nie,Tak,a,Podstawowy,540
45,2,19.08.2021,4912,377,Tak,Tak,Nie,Tak,d,Podstawowy,9710
47,2,19.08.2021,9061,1077,Tak,Tak,Nie,Tak,a,Rozszerzony,270
48,2,19.08.2021,4311,419,Tak,Tak,Nie,Tak,a,Podstawowy,1060
49,2,19.08.2021,7979,550,Tak,Tak,Nie,Tak,d,Rozszerzony,18010
50,2,19.08.2021,4532,363,Tak,Tak,Nie,Tak,d,Podstawowy,6260
1,1,18.08.2021,5623,598,Tak,Tak,Nie,Tak,c,Podstawowy,1270
2,1,18.08.2021,6355,688,Tak,Tak,Nie,Tak,a,Podstawowy,570
3,1,18.08.2021,9258,888,Tak,Tak,Nie,Tak,a,Podstawowy,14130
4,1,18.08.2021,13564,1584,Tak,Tak,Nie,Tak,c,Rozszerzony,620
5,1,18.08.2021,7521,714,Tak,Tak,Nie,Tak,a,Podstawowy,29910
6,1,18.08.2021,6426,706,Tak,Tak,Nie,Tak,a,Podstawowy,310
7,1,18.08.2021,13814,1334,Tak,Tak,Nie,Tak,a,Rozszerzony,24000
8,1,18.08.2021,7444,768,Tak,Tak,Nie,Tak,a,Podstawowy,7520
9,1,18.08.2021,9631,783,Tak,Tak,Nie,Tak,a,Rozszerzony,2030
10,1,18.08.2021,6450,640,Tak,Tak,Nie,Tak,a,Podstawowy,3160
11,1,18.08.2021,9121,1082,Tak,Tak,Nie,Tak,a,Rozszerzony,960
12,1,18.08.2021,9846,1059,Tak,Tak,Nie,Tak,a,Rozszerzony,1070
14,1,18.08.2021,8176,830,Tak,Tak,Nie,Tak,a,Podstawowy,1300
15,1,18.08.2021,9501,729,Tak,Tak,Nie,Tak,d,Rozszerzony,4110
16,1,18.08.2021,9507,903,Tak,Tak,Nie,Tak,a,Rozszerzony,3270
17,1,18.08.2021,10048,1137,Tak,Tak,Nie,Tak,a,Podstawowy,50
18,1,18.08.2021,9218,897,Tak,Tak,Nie,Tak,d,Rozszerzony,13840
19,1,18.08.2021,10403,853,Tak,Tak,Nie,Tak,a,Rozszerzony,3240
21,1,18.08.2021,7935,598,Tak,Tak,Nie,Tak,c,Rozszerzony,550
23,1,18.08.2021,8233,659,Tak,Tak,Nie,Tak,d,Podstawowy,4060
24,1,18.08.2021,15409,1171,Tak,Tak,Nie,Tak,a,Rozszerzony,4590
25,1,18.08.2021,13897,1868,Tak,Tak,Nie,Tak,c,Podstawowy,430
26,1,18.08.2021,11127,804,Tak,Tak,Nie,Tak,d,Podstawowy,2300
27,1,18.08.2021,14136,1362,Tak,Tak,Nie,Tak,a,Podstawowy,60
28,1,18.08.2021,12724,978,Tak,Tak,Nie,Tak,a,Podstawowy,1200
29,1,18.08.2021,12595,1040,Tak,Tak,Nie,Tak,d,Rozszerzony,2170
30,1,18.08.2021,6892,920,Tak,Tak,Nie,Tak,a,Podstawowy,40
31,1,18.08.2021,8116,674,Tak,Tak,Nie,Tak,d,Rozszerzony,9800
33,1,18.08.2021,12095,1104,Tak,Tak,Nie,Tak,a,Rozszerzony,1320
34,1,18.08.2021,11080,1247,Tak,Tak,Nie,Tak,c,Podstawowy,2240
35,1,18.08.2021,15992,1049,Tak,Tak,Nie,Tak,d,Rozszerzony,7660
37,1,18.08.2021,8906,878,Tak,Tak,Nie,Tak,c,Podstawowy,4230
38,1,18.08.2021,9754,780,Tak,Tak,Nie,Tak,d,Podstawowy,1090
39,1,18.08.2021,7492,869,Tak,Tak,Nie,Tak,a,Podstawowy,260
40,1,18.08.2021,6155,775,Tak,Tak,Nie,Tak,a,Podstawowy,180
42,1,18.08.2021,13839,1370,Tak,Tak,Nie,Tak,a,Rozszerzony,290
43,1,18.08.2021,10177,833,Tak,Tak,Nie,Tak,d,Podstawowy,4880
44,1,18.08.2021,9392,1006,Tak,Tak,Nie,Tak,a,Podstawowy,540
45,1,18.08.2021,6476,464,Tak,Tak,Nie,Tak,d,Podstawowy,9710
47,1,18.08.2021,9784,1138,Tak,Tak,Nie,Tak,a,Rozszerzony,270
48,1,18.08.2021,5123,481,Tak,Tak,Nie,Tak,a,Podstawowy,1060
49,1,18.08.2021,10984,681,Tak,Tak,Nie,Tak,d,Rozszerzony,18010
50,1,18.08.2021,6173,463,Tak,Tak,Nie,Tak,d,Podstawowy,6260
1,7,17.08.2021,0,0,Nie,Nie,Nie,Tak,c,Podstawowy,1270
2,7,17.08.2021,0,0,Nie,Nie,Nie,Nie,a,Podstawowy,570
3,7,17.08.2021,0,0,Nie,Nie,Nie,Nie,a,Podstawowy,14130
4,7,17.08.2021,0,0,Nie,Nie,Nie,Nie,c,Rozszerzony,620
5,7,17.08.2021,0,0,Nie,Nie,Nie,Nie,a,Podstawowy,29910
6,7,17.08.2021,0,0,Nie,Nie,Nie,Nie,a,Podstawowy,310
7,7,17.08.2021,0,0,Nie,Nie,Nie,Nie,a,Rozszerzony,24000
8,7,17.08.2021,0,0,Nie,Nie,Nie,Nie,a,Podstawowy,7520
9,7,17.08.2021,0,0,Nie,Nie,Nie,Nie,a,Rozszerzony,2030
10,7,17.08.2021,0,0,Nie,Nie,Nie,Tak,a,Podstawowy,3160
11,7,17.08.2021,0,0,Nie,Nie,Nie,Nie,a,Rozszerzony,960
12,7,17.08.2021,0,0,Nie,Nie,Nie,Nie,a,Rozszerzony,1070
14,7,17.08.2021,0,0,Nie,Nie,Nie,Nie,a,Podstawowy,1300
15,7,17.08.2021,0,0,Nie,Nie,Nie,Nie,d,Rozszerzony,4110
16,7,17.08.2021,0,0,Nie,Nie,Nie,Nie,a,Rozszerzony,3270
17,7,17.08.2021,0,0,Nie,Nie,Nie,Nie,a,Podstawowy,50
18,7,17.08.2021,0,0,Nie,Nie,Nie,Nie,d,Rozszerzony,13840
19,7,17.08.2021,0,0,Nie,Nie,Nie,Nie,a,Rozszerzony,3240
21,7,17.08.2021,0,0,Nie,Nie,Nie,Nie,c,Rozszerzony,550
23,7,17.08.2021,0,0,Nie,Nie,Nie,Nie,d,Podstawowy,4060
24,7,17.08.2021,0,0,Nie,Nie,Nie,Nie,a,Rozszerzony,4590
25,7,17.08.2021,0,0,Nie,Nie,Nie,Nie,c,Podstawowy,430
26,7,17.08.2021,0,0,Nie,Nie,Nie,Nie,d,Podstawowy,2300
27,7,17.08.2021,0,0,Nie,Nie,Nie,Nie,a,Podstawowy,60
28,7,17.08.2021,0,0,Nie,Nie,Nie,Nie,a,Podstawowy,1200
29,7,17.08.2021,0,0,Nie,Nie,Nie,Nie,d,Rozszerzony,2170
30,7,17.08.2021,0,0,Nie,Nie,Nie,Nie,a,Podstawowy,40
31,7,17.08.2021,0,0,Nie,Nie,Nie,Nie,d,Rozszerzony,9800
33,7,17.08.2021,0,0,Nie,Nie,Nie,Nie,a,Rozszerzony,1320
34,7,17.08.2021,0,0,Nie,Nie,Nie,Nie,c,Podstawowy,2240
35,7,17.08.2021,0,0,Nie,Nie,Nie,Nie,d,Rozszerzony,7660
37,7,17.08.2021,0,0,Nie,Nie,Nie,Nie,c,Podstawowy,4230
38,7,17.08.2021,0,0,Nie,Nie,Nie,Nie,d,Podstawowy,1090
39,7,17.08.2021,0,0,Nie,Nie,Nie,Nie,a,Podstawowy,260
40,7,17.08.2021,0,0,Nie,Nie,Nie,Nie,a,Podstawowy,180
42,7,17.08.2021,0,0,Nie,Nie,Nie,Nie,a,Rozszerzony,290
43,7,17.08.2021,0,0,Nie,Nie,Nie,Nie,d,Podstawowy,4880
44,7,17.08.2021,0,0,Nie,Nie,Nie,Nie,a,Podstawowy,540
45,7,17.08.2021,0,0,Nie,Nie,Nie,Nie,d,Podstawowy,9710
47,7,17.08.2021,0,0,Nie,Nie,Nie,Nie,a,Rozszerzony,270
48,7,17.08.2021,0,0,Nie,Nie,Nie,Nie,a,Podstawowy,1060
49,7,17.08.2021,0,0,Nie,Nie,Nie,Nie,d,Rozszerzony,18010
50,7,17.08.2021,0,0,Nie,Nie,Nie,Nie,d,Podstawowy,6260
1,6,16.08.2021,4425,544,Tak,Nie,Nie,Tak,c,Podstawowy,1270
2,6,16.08.2021,2847,336,Tak,Nie,Nie,Nie,a,Podstawowy,570
3,6,16.08.2021,3216,404,Tak,Nie,Nie,Nie,a,Podstawowy,14130
4,6,16.08.2021,9756,1276,Tak,Nie,Nie,Nie,c,Rozszerzony,620
5,6,16.08.2021,1998,228,Tak,Nie,Nie,Nie,a,Podstawowy,29910
6,6,16.08.2021,2910,335,Tak,Nie,Nie,Nie,a,Podstawowy,310
7,6,16.08.2021,6991,762,Tak,Nie,Nie,Nie,a,Rozszerzony,24000
8,6,16.08.2021,2254,373,Tak,Nie,Nie,Nie,a,Podstawowy,7520
9,6,16.08.2021,6597,571,Tak,Nie,Nie,Nie,a,Rozszerzony,2030
10,6,16.08.2021,4478,464,Tak,Nie,Nie,Tak,a,Podstawowy,3160
11,6,16.08.2021,5237,793,Tak,Nie,Nie,Nie,a,Rozszerzony,960
12,6,16.08.2021,4817,636,Tak,Nie,Nie,Nie,a,Rozszerzony,1070
14,6,16.08.2021,3452,394,Tak,Nie,Nie,Nie,a,Podstawowy,1300
15,6,16.08.2021,5923,629,Tak,Nie,Nie,Nie,d,Rozszerzony,4110
16,6,16.08.2021,4857,491,Tak,Nie,Nie,Nie,a,Rozszerzony,3270
17,6,16.08.2021,2592,361,Tak,Nie,Nie,Nie,a,Podstawowy,50
18,6,16.08.2021,4394,491,Tak,Nie,Nie,Nie,d,Rozszerzony,13840
19,6,16.08.2021,4154,383,Tak,Nie,Nie,Nie,a,Rozszerzony,3240
21,6,16.08.2021,4691,465,Tak,Nie,Nie,Nie,c,Rozszerzony,550
23,6,16.08.2021,4236,415,Tak,Nie,Nie,Nie,d,Podstawowy,4060
24,6,16.08.2021,6892,651,Tak,Nie,Nie,Nie,a,Rozszerzony,4590
25,6,16.08.2021,8208,1197,Tak,Nie,Nie,Nie,c,Podstawowy,430
26,6,16.08.2021,5067,471,Tak,Nie,Nie,Nie,d,Podstawowy,2300
27,6,16.08.2021,7252,864,Tak,Nie,Nie,Nie,a,Podstawowy,60
28,6,16.08.2021,7906,573,Tak,Nie,Nie,Nie,a,Podstawowy,1200
29,6,16.08.2021,6234,571,Tak,Nie,Nie,Nie,d,Rozszerzony,2170
30,6,16.08.2021,3883,655,Tak,Nie,Nie,Nie,a,Podstawowy,40
31,6,16.08.2021,5048,528,Tak,Nie,Nie,Nie,d,Rozszerzony,9800
33,6,16.08.2021,7309,787,Tak,Nie,Nie,Nie,a,Rozszerzony,1320
34,6,16.08.2021,6834,860,Tak,Nie,Nie,Nie,c,Podstawowy,2240
35,6,16.08.2021,7680,627,Tak,Nie,Nie,Nie,d,Rozszerzony,7660
37,6,16.08.2021,6846,829,Tak,Nie,Nie,Nie,c,Podstawowy,4230
38,6,16.08.2021,5707,588,Tak,Nie,Nie,Nie,d,Podstawowy,1090
39,6,16.08.2021,2897,383,Tak,Nie,Nie,Nie,a,Podstawowy,260
40,6,16.08.2021,5441,740,Tak,Nie,Nie,Nie,a,Podstawowy,180
42,6,16.08.2021,8121,955,Tak,Nie,Nie,Nie,a,Rozszerzony,290
43,6,16.08.2021,4605,432,Tak,Nie,Nie,Nie,d,Podstawowy,4880
44,6,16.08.2021,3625,480,Tak,Nie,Nie,Nie,a,Podstawowy,540
45,6,16.08.2021,4976,410,Tak,Nie,Nie,Nie,d,Podstawowy,9710
47,6,16.08.2021,5528,708,Tak,Nie,Nie,Nie,a,Rozszerzony,270
48,6,16.08.2021,1901,255,Tak,Nie,Nie,Nie,a,Podstawowy,1060
49,6,16.08.2021,6830,527,Tak,Nie,Nie,Nie,d,Rozszerzony,18010
50,6,16.08.2021,3754,351,Tak,Nie,Nie,Nie,d,Podstawowy,6260
1,5,15.08.2021,3746,479,Tak,Nie,Nie,Tak,c,Podstawowy,1270
2,5,15.08.2021,4218,498,Tak,Nie,Nie,Tak,a,Podstawowy,570
3,5,15.08.2021,5156,677,Tak,Nie,Nie,Tak,a,Podstawowy,14130
4,5,15.08.2021,9048,1217,Tak,Nie,Nie,Tak,c,Rozszerzony,620
5,5,15.08.2021,3667,512,Tak,Nie,Nie,Tak,a,Podstawowy,29910
6,5,15.08.2021,4115,523,Tak,Nie,Nie,Tak,a,Podstawowy,310
7,5,15.08.2021,10659,1263,Tak,Nie,Nie,Tak,a,Rozszerzony,24000
8,5,15.08.2021,4095,646,Tak,Nie,Nie,Tak,a,Podstawowy,7520
9,5,15.08.2021,5746,547,Tak,Nie,Nie,Tak,a,Rozszerzony,2030
10,5,15.08.2021,5205,523,Tak,Nie,Nie,Tak,a,Podstawowy,3160
11,5,15.08.2021,6966,1003,Tak,Nie,Nie,Tak,a,Rozszerzony,960
12,5,15.08.2021,6044,769,Tak,Nie,Nie,Tak,a,Rozszerzony,1070
14,5,15.08.2021,4444,564,Tak,Nie,Nie,Tak,a,Podstawowy,1300
15,5,15.08.2021,5641,614,Tak,Nie,Nie,Tak,d,Rozszerzony,4110
16,5,15.08.2021,6152,677,Tak,Nie,Nie,Tak,a,Rozszerzony,3270
17,5,15.08.2021,5005,715,Tak,Nie,Nie,Tak,a,Podstawowy,50
18,5,15.08.2021,6633,764,Tak,Nie,Nie,Tak,d,Rozszerzony,13840
19,5,15.08.2021,5494,556,Tak,Nie,Nie,Tak,a,Rozszerzony,3240
21,5,15.08.2021,3555,367,Tak,Nie,Nie,Tak,c,Rozszerzony,550
23,5,15.08.2021,5115,427,Tak,Nie,Nie,Tak,d,Podstawowy,4060
24,5,15.08.2021,8141,759,Tak,Nie,Nie,Tak,a,Rozszerzony,4590
25,5,15.08.2021,9416,1291,Tak,Nie,Nie,Tak,c,Podstawowy,430
26,5,15.08.2021,5596,531,Tak,Nie,Nie,Tak,d,Podstawowy,2300
27,5,15.08.2021,6669,861,Tak,Nie,Nie,Tak,a,Podstawowy,60
28,5,15.08.2021,18474,1202,Tak,Nie,Nie,Tak,a,Podstawowy,1200
29,5,15.08.2021,5720,560,Tak,Nie,Nie,Tak,d,Rozszerzony,2170
30,5,15.08.2021,3257,528,Tak,Nie,Nie,Tak,a,Podstawowy,40
31,5,15.08.2021,5047,581,Tak,Nie,Nie,Tak,d,Rozszerzony,9800
33,5,15.08.2021,6573,663,Tak,Nie,Nie,Tak,a,Rozszerzony,1320
34,5,15.08.2021,6080,786,Tak,Nie,Nie,Tak,c,Podstawowy,2240
35,5,15.08.2021,9162,720,Tak,Nie,Nie,Tak,d,Rozszerzony,7660
37,5,15.08.2021,5999,747,Tak,Nie,Nie,Tak,c,Podstawowy,4230
38,5,15.08.2021,3942,397,Tak,Nie,Nie,Tak,d,Podstawowy,1090
39,5,15.08.2021,3805,533,Tak,Nie,Nie,Tak,a,Podstawowy,260
40,5,15.08.2021,4383,622,Tak,Nie,Nie,Tak,a,Podstawowy,180
42,5,15.08.2021,8012,947,Tak,Nie,Nie,Tak,a,Rozszerzony,290
43,5,15.08.2021,5606,536,Tak,Nie,Nie,Tak,d,Podstawowy,4880
44,5,15.08.2021,5125,667,Tak,Nie,Nie,Tak,a,Podstawowy,540
45,5,15.08.2021,4542,385,Tak,Nie,Nie,Tak,d,Podstawowy,9710
47,5,15.08.2021,5882,814,Tak,Nie,Nie,Tak,a,Rozszerzony,270
48,5,15.08.2021,3354,393,Tak,Nie,Nie,Tak,a,Podstawowy,1060
49,5,15.08.2021,6506,479,Tak,Nie,Nie,Tak,d,Rozszerzony,18010
50,5,15.08.2021,3593,329,Tak,Nie,Nie,Tak,d,Podstawowy,6260
1,4,14.08.2021,3906,481,Tak,Nie,Nie,Tak,c,Podstawowy,1270
2,4,14.08.2021,4606,564,Tak,Nie,Nie,Tak,a,Podstawowy,570
3,4,14.08.2021,5668,702,Tak,Nie,Nie,Tak,a,Podstawowy,14130
4,4,14.08.2021,8230,1107,Tak,Nie,Nie,Tak,c,Rozszerzony,620
5,4,14.08.2021,3790,484,Tak,Nie,Nie,Tak,a,Podstawowy,29910
6,4,14.08.2021,3930,507,Tak,Nie,Nie,Tak,a,Podstawowy,310
7,4,14.08.2021,9091,1081,Tak,Nie,Nie,Tak,a,Rozszerzony,24000
8,4,14.08.2021,4588,662,Tak,Nie,Nie,Tak,a,Podstawowy,7520
9,4,14.08.2021,5435,492,Tak,Nie,Nie,Tak,a,Rozszerzony,2030
10,4,14.08.2021,4206,478,Tak,Nie,Nie,Tak,a,Podstawowy,3160
11,4,14.08.2021,6502,966,Tak,Nie,Nie,Tak,a,Rozszerzony,960
12,4,14.08.2021,5581,785,Tak,Nie,Nie,Tak,a,Rozszerzony,1070
14,4,14.08.2021,4705,603,Tak,Nie,Nie,Tak,a,Podstawowy,1300
15,4,14.08.2021,5529,582,Tak,Nie,Nie,Tak,d,Rozszerzony,4110
16,4,14.08.2021,6389,724,Tak,Nie,Nie,Tak,a,Rozszerzony,3270
17,4,14.08.2021,5453,783,Tak,Nie,Nie,Tak,a,Podstawowy,50
18,4,14.08.2021,5753,671,Tak,Nie,Nie,Tak,d,Rozszerzony,13840
19,4,14.08.2021,4945,539,Tak,Nie,Nie,Tak,a,Rozszerzony,3240
21,4,14.08.2021,4893,429,Tak,Nie,Nie,Tak,c,Rozszerzony,550
23,4,14.08.2021,4267,396,Tak,Nie,Nie,Tak,d,Podstawowy,4060
24,4,14.08.2021,6852,617,Tak,Nie,Nie,Tak,a,Rozszerzony,4590
25,4,14.08.2021,8637,1342,Tak,Nie,Nie,Tak,c,Podstawowy,430
26,4,14.08.2021,5810,516,Tak,Nie,Nie,Tak,d,Podstawowy,2300
27,4,14.08.2021,6478,910,Tak,Nie,Nie,Tak,a,Podstawowy,60
28,4,14.08.2021,13195,936,Tak,Nie,Nie,Tak,a,Podstawowy,1200
29,4,14.08.2021,5580,576,Tak,Nie,Nie,Tak,d,Rozszerzony,2170
30,4,14.08.2021,4088,667,Tak,Nie,Nie,Tak,a,Podstawowy,40
31,4,14.08.2021,4660,493,Tak,Nie,Nie,Tak,d,Rozszerzony,9800
33,4,14.08.2021,6492,692,Tak,Nie,Nie,Tak,a,Rozszerzony,1320
34,4,14.08.2021,6663,857,Tak,Nie,Nie,Tak,c,Podstawowy,2240
35,4,14.08.2021,7596,652,Tak,Nie,Nie,Tak,d,Rozszerzony,7660
37,4,14.08.2021,6145,722,Tak,Nie,Nie,Tak,c,Podstawowy,4230
38,4,14.08.2021,4234,394,Tak,Nie,Nie,Tak,d,Podstawowy,1090
39,4,14.08.2021,3501,494,Tak,Nie,Nie,Tak,a,Podstawowy,260
40,4,14.08.2021,4818,713,Tak,Nie,Nie,Tak,a,Podstawowy,180
42,4,14.08.2021,8373,962,Tak,Nie,Nie,Tak,a,Rozszerzony,290
43,4,14.08.2021,5001,524,Tak,Nie,Nie,Tak,d,Podstawowy,4880
44,4,14.08.2021,4808,661,Tak,Nie,Nie,Tak,a,Podstawowy,540
45,4,14.08.2021,4493,357,Tak,Nie,Nie,Tak,d,Podstawowy,9710
47,4,14.08.2021,5925,765,Tak,Nie,Nie,Tak,a,Rozszerzony,270
48,4,14.08.2021,2932,367,Tak,Nie,Nie,Tak,a,Podstawowy,1060
49,4,14.08.2021,5950,442,Tak,Nie,Nie,Tak,d,Rozszerzony,18010
50,4,14.08.2021,3308,301,Tak,Nie,Nie,Tak,d,Podstawowy,6260
1,3,13.08.2021,4069,496,Tak,Nie,Nie,Tak,c,Podstawowy,1270
2,3,13.08.2021,5010,670,Tak,Nie,Nie,Tak,a,Podstawowy,570
3,3,13.08.2021,6051,753,Tak,Nie,Nie,Tak,a,Podstawowy,14130
4,3,13.08.2021,7832,1136,Tak,Nie,Nie,Tak,c,Rozszerzony,620
5,3,13.08.2021,4458,592,Tak,Nie,Nie,Tak,a,Podstawowy,29910
6,3,13.08.2021,4153,534,Tak,Nie,Nie,Tak,a,Podstawowy,310
7,3,13.08.2021,9134,1011,Tak,Nie,Nie,Tak,a,Rozszerzony,24000
8,3,13.08.2021,4178,582,Tak,Nie,Nie,Tak,a,Podstawowy,7520
9,3,13.08.2021,5513,556,Tak,Nie,Nie,Tak,a,Rozszerzony,2030
10,3,13.08.2021,4791,506,Tak,Nie,Nie,Tak,a,Podstawowy,3160
11,3,13.08.2021,7271,1102,Tak,Nie,Nie,Tak,a,Rozszerzony,960
12,3,13.08.2021,5616,772,Tak,Nie,Nie,Tak,a,Rozszerzony,1070
14,3,13.08.2021,4393,568,Tak,Nie,Nie,Tak,a,Podstawowy,1300
15,3,13.08.2021,5449,575,Tak,Nie,Nie,Tak,d,Rozszerzony,4110
16,3,13.08.2021,6421,688,Tak,Nie,Nie,Tak,a,Rozszerzony,3270
17,3,13.08.2021,4944,726,Tak,Nie,Nie,Tak,a,Podstawowy,50
18,3,13.08.2021,5694,690,Tak,Nie,Nie,Tak,d,Rozszerzony,13840
19,3,13.08.2021,5485,554,Tak,Nie,Nie,Tak,a,Rozszerzony,3240
21,3,13.08.2021,3742,399,Tak,Nie,Nie,Tak,c,Rozszerzony,550
23,3,13.08.2021,4052,379,Tak,Nie,Nie,Tak,d,Podstawowy,4060
24,3,13.08.2021,7783,764,Tak,Nie,Nie,Tak,a,Rozszerzony,4590
25,3,13.08.2021,8100,1200,Tak,Nie,Nie,Tak,c,Podstawowy,430
26,3,13.08.2021,4823,446,Tak,Nie,Nie,Tak,d,Podstawowy,2300
27,3,13.08.2021,7542,945,Tak,Nie,Nie,Tak,a,Podstawowy,60
28,3,13.08.2021,4244,517,Tak,Nie,Nie,Tak,a,Podstawowy,1200
29,3,13.08.2021,5297,543,Tak,Nie,Nie,Tak,d,Rozszerzony,2170
30,3,13.08.2021,3337,543,Tak,Nie,Nie,Tak,a,Podstawowy,40
31,3,13.08.2021,5103,521,Tak,Nie,Nie,Tak,d,Rozszerzony,9800
33,3,13.08.2021,6415,634,Tak,Nie,Nie,Tak,a,Rozszerzony,1320
34,3,13.08.2021,6141,864,Tak,Nie,Nie,Tak,c,Podstawowy,2240
35,3,13.08.2021,8013,625,Tak,Nie,Nie,Tak,d,Rozszerzony,7660
37,3,13.08.2021,5096,618,Tak,Nie,Nie,Tak,c,Podstawowy,4230
38,3,13.08.2021,3794,388,Tak,Nie,Nie,Tak,d,Podstawowy,1090
39,3,13.08.2021,4160,646,Tak,Nie,Nie,Tak,a,Podstawowy,260
40,3,13.08.2021,3922,635,Tak,Nie,Nie,Tak,a,Podstawowy,180
42,3,13.08.2021,8318,1059,Tak,Nie,Nie,Tak,a,Rozszerzony,290
43,3,13.08.2021,4591,471,Tak,Nie,Nie,Tak,d,Podstawowy,4880
44,3,13.08.2021,5140,657,Tak,Nie,Nie,Tak,a,Podstawowy,540
45,3,13.08.2021,3158,295,Tak,Nie,Nie,Tak,d,Podstawowy,9710
47,3,13.08.2021,6685,898,Tak,Nie,Nie,Tak,a,Rozszerzony,270
48,3,13.08.2021,2701,346,Tak,Nie,Nie,Tak,a,Podstawowy,1060
49,3,13.08.2021,5735,405,Tak,Nie,Nie,Tak,d,Rozszerzony,18010
50,3,13.08.2021,2798,269,Tak,Nie,Nie,Tak,d,Podstawowy,6260
1,2,12.08.2021,3185,421,Tak,Nie,Nie,Tak,c,Podstawowy,1270
2,2,12.08.2021,4319,535,Tak,Nie,Nie,Tak,a,Podstawowy,570
3,2,12.08.2021,5431,696,Tak,Nie,Nie,Tak,a,Podstawowy,14130
4,2,12.08.2021,7896,1130,Tak,Nie,Nie,Tak,c,Rozszerzony,620
5,2,12.08.2021,3831,529,Tak,Nie,Nie,Tak,a,Podstawowy,29910
6,2,12.08.2021,4140,528,Tak,Nie,Nie,Tak,a,Podstawowy,310
7,2,12.08.2021,11089,1334,Tak,Nie,Nie,Tak,a,Rozszerzony,24000
8,2,12.08.2021,4351,606,Tak,Nie,Nie,Tak,a,Podstawowy,7520
9,2,12.08.2021,4911,462,Tak,Nie,Nie,Tak,a,Rozszerzony,2030
10,2,12.08.2021,4672,475,Tak,Nie,Nie,Tak,a,Podstawowy,3160
11,2,12.08.2021,7214,1079,Tak,Nie,Nie,Tak,a,Rozszerzony,960
12,2,12.08.2021,5076,708,Tak,Nie,Nie,Tak,a,Rozszerzony,1070
14,2,12.08.2021,4567,620,Tak,Nie,Nie,Tak,a,Podstawowy,1300
15,2,12.08.2021,4888,504,Tak,Nie,Nie,Tak,d,Rozszerzony,4110
16,2,12.08.2021,6601,757,Tak,Nie,Nie,Tak,a,Rozszerzony,3270
17,2,12.08.2021,5440,793,Tak,Nie,Nie,Tak,a,Podstawowy,50
18,2,12.08.2021,5171,608,Tak,Nie,Nie,Tak,d,Rozszerzony,13840
19,2,12.08.2021,5532,581,Tak,Nie,Nie,Tak,a,Rozszerzony,3240
21,2,12.08.2021,3296,379,Tak,Nie,Nie,Tak,c,Rozszerzony,550
23,2,12.08.2021,3718,389,Tak,Nie,Nie,Tak,d,Podstawowy,4060
24,2,12.08.2021,7500,727,Tak,Nie,Nie,Tak,a,Rozszerzony,4590
25,2,12.08.2021,9212,1359,Tak,Nie,Nie,Tak,c,Podstawowy,430
26,2,12.08.2021,4511,445,Tak,Nie,Nie,Tak,d,Podstawowy,2300
27,2,12.08.2021,7515,999,Tak,Nie,Nie,Tak,a,Podstawowy,60
28,2,12.08.2021,4373,546,Tak,Nie,Nie,Tak,a,Podstawowy,1200
29,2,12.08.2021,6344,576,Tak,Nie,Nie,Tak,d,Rozszerzony,2170
30,2,12.08.2021,4296,680,Tak,Nie,Nie,Tak,a,Podstawowy,40
31,2,12.08.2021,5088,483,Tak,Nie,Nie,Tak,d,Rozszerzony,9800
33,2,12.08.2021,6437,694,Tak,Nie,Nie,Tak,a,Rozszerzony,1320
34,2,12.08.2021,6249,893,Tak,Nie,Nie,Tak,c,Podstawowy,2240
35,2,12.08.2021,7302,636,Tak,Nie,Nie,Tak,d,Rozszerzony,7660
37,2,12.08.2021,4906,636,Tak,Nie,Nie,Tak,c,Podstawowy,4230
38,2,12.08.2021,4311,400,Tak,Nie,Nie,Tak,d,Podstawowy,1090
39,2,12.08.2021,3321,491,Tak,Nie,Nie,Tak,a,Podstawowy,260
40,2,12.08.2021,4774,716,Tak,Nie,Nie,Tak,a,Podstawowy,180
42,2,12.08.2021,8366,1026,Tak,Nie,Nie,Tak,a,Rozszerzony,290
43,2,12.08.2021,5296,560,Tak,Nie,Nie,Tak,d,Podstawowy,4880
44,2,12.08.2021,5431,651,Tak,Nie,Nie,Tak,a,Podstawowy,540
45,2,12.08.2021,3754,315,Tak,Nie,Nie,Tak,d,Podstawowy,9710
47,2,12.08.2021,6089,807,Tak,Nie,Nie,Tak,a,Rozszerzony,270
48,2,12.08.2021,3637,354,Tak,Nie,Nie,Tak,a,Podstawowy,1060
49,2,12.08.2021,5494,418,Tak,Nie,Nie,Tak,d,Rozszerzony,18010
50,2,12.08.2021,2836,254,Tak,Nie,Nie,Tak,d,Podstawowy,6260
1,1,11.08.2021,3886,505,Tak,Nie,Nie,Tak,c,Podstawowy,1270
2,1,11.08.2021,4158,554,Tak,Nie,Nie,Tak,a,Podstawowy,570
3,1,11.08.2021,6114,757,Tak,Nie,Nie,Tak,a,Podstawowy,14130
4,1,11.08.2021,9674,1343,Tak,Nie,Nie,Tak,c,Rozszerzony,620
5,1,11.08.2021,4414,554,Tak,Nie,Nie,Tak,a,Podstawowy,29910
6,1,11.08.2021,4552,594,Tak,Nie,Nie,Tak,a,Podstawowy,310
7,1,11.08.2021,10864,1247,Tak,Nie,Nie,Tak,a,Rozszerzony,24000
8,1,11.08.2021,4815,614,Tak,Nie,Nie,Tak,a,Podstawowy,7520
9,1,11.08.2021,6381,621,Tak,Nie,Nie,Tak,a,Rozszerzony,2030
10,1,11.08.2021,5661,567,Tak,Nie,Nie,Tak,a,Podstawowy,3160
11,1,11.08.2021,7431,1123,Tak,Nie,Nie,Tak,a,Rozszerzony,960
12,1,11.08.2021,6276,876,Tak,Nie,Nie,Tak,a,Rozszerzony,1070
14,1,11.08.2021,5066,647,Tak,Nie,Nie,Tak,a,Podstawowy,1300
15,1,11.08.2021,5420,615,Tak,Nie,Nie,Tak,d,Rozszerzony,4110
16,1,11.08.2021,7273,812,Tak,Nie,Nie,Tak,a,Rozszerzony,3270
17,1,11.08.2021,5287,798,Tak,Nie,Nie,Tak,a,Podstawowy,50
18,1,11.08.2021,5722,647,Tak,Nie,Nie,Tak,d,Rozszerzony,13840
19,1,11.08.2021,6349,631,Tak,Nie,Nie,Tak,a,Rozszerzony,3240
21,1,11.08.2021,4293,418,Tak,Nie,Nie,Tak,c,Rozszerzony,550
23,1,11.08.2021,4073,417,Tak,Nie,Nie,Tak,d,Podstawowy,4060
24,1,11.08.2021,8159,774,Tak,Nie,Nie,Tak,a,Rozszerzony,4590
25,1,11.08.2021,10571,1545,Tak,Nie,Nie,Tak,c,Podstawowy,430
26,1,11.08.2021,5098,486,Tak,Nie,Nie,Tak,d,Podstawowy,2300
27,1,11.08.2021,8177,1044,Tak,Nie,Nie,Tak,a,Podstawowy,60
28,1,11.08.2021,5276,640,Tak,Nie,Nie,Tak,a,Podstawowy,1200
29,1,11.08.2021,6176,614,Tak,Nie,Nie,Tak,d,Rozszerzony,2170
30,1,11.08.2021,3693,622,Tak,Nie,Nie,Tak,a,Podstawowy,40
31,1,11.08.2021,5197,564,Tak,Nie,Nie,Tak,d,Rozszerzony,9800
33,1,11.08.2021,7301,798,Tak,Nie,Nie,Tak,a,Rozszerzony,1320
34,1,11.08.2021,7752,1030,Tak,Nie,Nie,Tak,c,Podstawowy,2240
35,1,11.08.2021,8905,728,Tak,Nie,Nie,Tak,d,Rozszerzony,7660
37,1,11.08.2021,5145,628,Tak,Nie,Nie,Tak,c,Podstawowy,4230
38,1,11.08.2021,4503,459,Tak,Nie,Nie,Tak,d,Podstawowy,1090
39,1,11.08.2021,4144,617,Tak,Nie,Nie,Tak,a,Podstawowy,260
40,1,11.08.2021,4448,676,Tak,Nie,Nie,Tak,a,Podstawowy,180
42,1,11.08.2021,8716,1033,Tak,Nie,Nie,Tak,a,Rozszerzony,290
43,1,11.08.2021,6774,603,Tak,Nie,Nie,Tak,d,Podstawowy,4880
44,1,11.08.2021,5632,750,Tak,Nie,Nie,Tak,a,Podstawowy,540
45,1,11.08.2021,3974,347,Tak,Nie,Nie,Tak,d,Podstawowy,9710
47,1,11.08.2021,6516,875,Tak,Nie,Nie,Tak,a,Rozszerzony,270
48,1,11.08.2021,3351,385,Tak,Nie,Nie,Tak,a,Podstawowy,1060
49,1,11.08.2021,6552,488,Tak,Nie,Nie,Tak,d,Rozszerzony,18010
50,1,11.08.2021,3151,290,Tak,Nie,Nie,Tak,d,Podstawowy,6260
1,7,10.08.2021,0,0,Nie,Nie,Nie,Tak,c,Podstawowy,1270
2,7,10.08.2021,0,0,Nie,Nie,Nie,Nie,a,Podstawowy,570
3,7,10.08.2021,0,0,Nie,Nie,Nie,Nie,a,Podstawowy,14130
4,7,10.08.2021,0,0,Nie,Nie,Nie,Nie,c,Rozszerzony,620
5,7,10.08.2021,0,0,Nie,Nie,Nie,Nie,a,Podstawowy,29910
6,7,10.08.2021,0,0,Nie,Nie,Nie,Nie,a,Podstawowy,310
7,7,10.08.2021,0,0,Nie,Nie,Nie,Nie,a,Rozszerzony,24000
8,7,10.08.2021,0,0,Nie,Nie,Nie,Nie,a,Podstawowy,7520
9,7,10.08.2021,0,0,Nie,Nie,Nie,Nie,a,Rozszerzony,2030
10,7,10.08.2021,0,0,Nie,Nie,Nie,Tak,a,Podstawowy,3160
11,7,10.08.2021,0,0,Nie,Nie,Nie,Nie,a,Rozszerzony,960
12,7,10.08.2021,0,0,Nie,Nie,Nie,Nie,a,Rozszerzony,1070
14,7,10.08.2021,0,0,Nie,Nie,Nie,Nie,a,Podstawowy,1300
15,7,10.08.2021,0,0,Nie,Nie,Nie,Nie,d,Rozszerzony,4110
16,7,10.08.2021,0,0,Nie,Nie,Nie,Nie,a,Rozszerzony,3270
17,7,10.08.2021,0,0,Nie,Nie,Nie,Nie,a,Podstawowy,50
18,7,10.08.2021,0,0,Nie,Nie,Nie,Nie,d,Rozszerzony,13840
19,7,10.08.2021,0,0,Nie,Nie,Nie,Nie,a,Rozszerzony,3240
21,7,10.08.2021,0,0,Nie,Nie,Nie,Nie,c,Rozszerzony,550
23,7,10.08.2021,0,0,Nie,Nie,Nie,Nie,d,Podstawowy,4060
24,7,10.08.2021,0,0,Nie,Nie,Nie,Nie,a,Rozszerzony,4590
25,7,10.08.2021,0,0,Nie,Nie,Nie,Nie,c,Podstawowy,430
26,7,10.08.2021,0,0,Nie,Nie,Nie,Nie,d,Podstawowy,2300
27,7,10.08.2021,0,0,Nie,Nie,Nie,Nie,a,Podstawowy,60
28,7,10.08.2021,0,0,Nie,Nie,Nie,Nie,a,Podstawowy,1200
29,7,10.08.2021,0,0,Nie,Nie,Nie,Nie,d,Rozszerzony,2170
30,7,10.08.2021,0,0,Nie,Nie,Nie,Nie,a,Podstawowy,40
31,7,10.08.2021,0,0,Nie,Nie,Nie,Nie,d,Rozszerzony,9800
33,7,10.08.2021,0,0,Nie,Nie,Nie,Nie,a,Rozszerzony,1320
34,7,10.08.2021,0,0,Nie,Nie,Nie,Nie,c,Podstawowy,2240
35,7,10.08.2021,0,0,Nie,Nie,Nie,Nie,d,Rozszerzony,7660
37,7,10.08.2021,0,0,Nie,Nie,Nie,Nie,c,Podstawowy,4230
38,7,10.08.2021,0,0,Nie,Nie,Nie,Nie,d,Podstawowy,1090
39,7,10.08.2021,0,0,Nie,Nie,Nie,Nie,a,Podstawowy,260
40,7,10.08.2021,0,0,Nie,Nie,Nie,Nie,a,Podstawowy,180
42,7,10.08.2021,0,0,Nie,Nie,Nie,Nie,a,Rozszerzony,290
43,7,10.08.2021,0,0,Nie,Nie,Nie,Nie,d,Podstawowy,4880
44,7,10.08.2021,0,0,Nie,Nie,Nie,Nie,a,Podstawowy,540
45,7,10.08.2021,0,0,Nie,Nie,Nie,Nie,d,Podstawowy,9710
47,7,10.08.2021,0,0,Nie,Nie,Nie,Nie,a,Rozszerzony,270
48,7,10.08.2021,0,0,Nie,Nie,Nie,Nie,a,Podstawowy,1060
49,7,10.08.2021,0,0,Nie,Nie,Nie,Nie,d,Rozszerzony,18010
50,7,10.08.2021,0,0,Nie,Nie,Nie,Nie,d,Podstawowy,6260
1,6,09.08.2021,4174,504,Tak,Nie,Nie,Tak,c,Podstawowy,1270
2,6,09.08.2021,2592,344,Tak,Nie,Nie,Nie,a,Podstawowy,570
3,6,09.08.2021,3131,408,Tak,Nie,Nie,Nie,a,Podstawowy,14130
4,6,09.08.2021,9266,1227,Tak,Nie,Nie,Nie,c,Rozszerzony,620
5,6,09.08.2021,1711,205,Tak,Nie,Nie,Nie,a,Podstawowy,29910
6,6,09.08.2021,3023,343,Tak,Nie,Nie,Nie,a,Podstawowy,310
7,6,09.08.2021,7815,900,Tak,Nie,Nie,Nie,a,Rozszerzony,24000
8,6,09.08.2021,2483,336,Tak,Nie,Nie,Nie,a,Podstawowy,7520
9,6,09.08.2021,6109,528,Tak,Nie,Nie,Nie,a,Rozszerzony,2030
10,6,09.08.2021,4420,477,Tak,Nie,Nie,Tak,a,Podstawowy,3160
11,6,09.08.2021,4951,690,Tak,Nie,Nie,Nie,a,Rozszerzony,960
12,6,09.08.2021,5272,677,Tak,Nie,Nie,Nie,a,Rozszerzony,1070
14,6,09.08.2021,2994,373,Tak,Nie,Nie,Nie,a,Podstawowy,1300
15,6,09.08.2021,5682,626,Tak,Nie,Nie,Nie,d,Rozszerzony,4110
16,6,09.08.2021,4458,483,Tak,Nie,Nie,Nie,a,Rozszerzony,3270
17,6,09.08.2021,2344,345,Tak,Nie,Nie,Nie,a,Podstawowy,50
18,6,09.08.2021,4465,494,Tak,Nie,Nie,Nie,d,Rozszerzony,13840
19,6,09.08.2021,4043,383,Tak,Nie,Nie,Nie,a,Rozszerzony,3240
21,6,09.08.2021,4236,437,Tak,Nie,Nie,Nie,c,Rozszerzony,550
23,6,09.08.2021,4400,450,Tak,Nie,Nie,Nie,d,Podstawowy,4060
24,6,09.08.2021,6865,637,Tak,Nie,Nie,Nie,a,Rozszerzony,4590
25,6,09.08.2021,7532,1107,Tak,Nie,Nie,Nie,c,Podstawowy,430
26,6,09.08.2021,5396,464,Tak,Nie,Nie,Nie,d,Podstawowy,2300
27,6,09.08.2021,6409,802,Tak,Nie,Nie,Nie,a,Podstawowy,60
28,6,09.08.2021,2578,314,Tak,Nie,Nie,Nie,a,Podstawowy,1200
29,6,09.08.2021,6750,622,Tak,Nie,Nie,Nie,d,Rozszerzony,2170
30,6,09.08.2021,4144,653,Tak,Nie,Nie,Nie,a,Podstawowy,40
31,6,09.08.2021,5385,571,Tak,Nie,Nie,Nie,d,Rozszerzony,9800
33,6,09.08.2021,7700,772,Tak,Nie,Nie,Nie,a,Rozszerzony,1320
34,6,09.08.2021,6299,847,Tak,Nie,Nie,Nie,c,Podstawowy,2240
35,6,09.08.2021,7054,606,Tak,Nie,Nie,Nie,d,Rozszerzony,7660
37,6,09.08.2021,6561,788,Tak,Nie,Nie,Nie,c,Podstawowy,4230
38,6,09.08.2021,5771,522,Tak,Nie,Nie,Nie,d,Podstawowy,1090
39,6,09.08.2021,2885,405,Tak,Nie,Nie,Nie,a,Podstawowy,260
40,6,09.08.2021,5550,734,Tak,Nie,Nie,Nie,a,Podstawowy,180
42,6,09.08.2021,7729,931,Tak,Nie,Nie,Nie,a,Rozszerzony,290
43,6,09.08.2021,4402,448,Tak,Nie,Nie,Nie,d,Podstawowy,4880
44,6,09.08.2021,3410,428,Tak,Nie,Nie,Nie,a,Podstawowy,540
45,6,09.08.2021,5257,450,Tak,Nie,Nie,Nie,d,Podstawowy,9710
47,6,09.08.2021,5267,645,Tak,Nie,Nie,Nie,a,Rozszerzony,270
48,6,09.08.2021,1991,240,Tak,Nie,Nie,Nie,a,Podstawowy,1060
49,6,09.08.2021,7594,525,Tak,Nie,Nie,Nie,d,Rozszerzony,18010
50,6,09.08.2021,3846,367,Tak,Nie,Nie,Nie,d,Podstawowy,6260
1,5,08.08.2021,4451,503,Tak,Tak,Nie,Tak,c,Podstawowy,1270
2,5,08.08.2021,4597,498,Tak,Tak,Nie,Tak,a,Podstawowy,570
3,5,08.08.2021,6763,760,Tak,Tak,Nie,Tak,a,Podstawowy,14130
4,5,08.08.2021,9698,1219,Tak,Tak,Nie,Tak,c,Rozszerzony,620
5,5,08.08.2021,5051,573,Tak,Tak,Nie,Tak,a,Podstawowy,29910
6,5,08.08.2021,5351,619,Tak,Tak,Nie,Tak,a,Podstawowy,310
7,5,08.08.2021,10040,1148,Tak,Tak,Nie,Tak,a,Rozszerzony,24000
8,5,08.08.2021,5187,626,Tak,Tak,Nie,Tak,a,Podstawowy,7520
9,5,08.08.2021,6368,574,Tak,Tak,Nie,Tak,a,Rozszerzony,2030
10,5,08.08.2021,5683,595,Tak,Tak,Nie,Tak,a,Podstawowy,3160
11,5,08.08.2021,7734,1085,Tak,Tak,Nie,Tak,a,Rozszerzony,960
12,5,08.08.2021,7813,894,Tak,Tak,Nie,Tak,a,Rozszerzony,1070
14,5,08.08.2021,5545,658,Tak,Tak,Nie,Tak,a,Podstawowy,1300
15,5,08.08.2021,7731,734,Tak,Tak,Nie,Tak,d,Rozszerzony,4110
16,5,08.08.2021,7421,804,Tak,Tak,Nie,Tak,a,Rozszerzony,3270
17,5,08.08.2021,5975,789,Tak,Tak,Nie,Tak,a,Podstawowy,50
18,5,08.08.2021,7171,802,Tak,Tak,Nie,Tak,d,Rozszerzony,13840
19,5,08.08.2021,7193,657,Tak,Tak,Nie,Tak,a,Rozszerzony,3240
21,5,08.08.2021,5854,519,Tak,Tak,Nie,Tak,c,Rozszerzony,550
23,5,08.08.2021,5581,523,Tak,Tak,Nie,Tak,d,Podstawowy,4060
24,5,08.08.2021,10035,853,Tak,Tak,Nie,Tak,a,Rozszerzony,4590
25,5,08.08.2021,9146,1370,Tak,Tak,Nie,Tak,c,Podstawowy,430
26,5,08.08.2021,6503,574,Tak,Tak,Nie,Tak,d,Podstawowy,2300
27,5,08.08.2021,8983,1002,Tak,Tak,Nie,Tak,a,Podstawowy,60
28,5,08.08.2021,5735,655,Tak,Tak,Nie,Tak,a,Podstawowy,1200
29,5,08.08.2021,7343,660,Tak,Tak,Nie,Tak,d,Rozszerzony,2170
30,5,08.08.2021,4824,648,Tak,Tak,Nie,Tak,a,Podstawowy,40
31,5,08.08.2021,6595,623,Tak,Tak,Nie,Tak,d,Rozszerzony,9800
33,5,08.08.2021,7337,746,Tak,Tak,Nie,Tak,a,Rozszerzony,1320
34,5,08.08.2021,7456,908,Tak,Tak,Nie,Tak,c,Podstawowy,2240
35,5,08.08.2021,10186,779,Tak,Tak,Nie,Tak,d,Rozszerzony,7660
37,5,08.08.2021,7555,796,Tak,Tak,Nie,Tak,c,Podstawowy,4230
38,5,08.08.2021,5400,501,Tak,Tak,Nie,Tak,d,Podstawowy,1090
39,5,08.08.2021,4909,581,Tak,Tak,Nie,Tak,a,Podstawowy,260
40,5,08.08.2021,5722,752,Tak,Tak,Nie,Tak,a,Podstawowy,180
42,5,08.08.2021,9759,1055,Tak,Tak,Nie,Tak,a,Rozszerzony,290
43,5,08.08.2021,6694,613,Tak,Tak,Nie,Tak,d,Podstawowy,4880
44,5,08.08.2021,6171,733,Tak,Tak,Nie,Tak,a,Podstawowy,540
45,5,08.08.2021,5499,415,Tak,Tak,Nie,Tak,d,Podstawowy,9710
47,5,08.08.2021,6966,882,Tak,Tak,Nie,Tak,a,Rozszerzony,270
48,5,08.08.2021,3826,383,Tak,Tak,Nie,Tak,a,Podstawowy,1060
49,5,08.08.2021,7468,543,Tak,Tak,Nie,Tak,d,Rozszerzony,18010
50,5,08.08.2021,4098,343,Tak,Tak,Nie,Tak,d,Podstawowy,6260
1,4,07.08.2021,4154,480,Tak,Tak,Nie,Tak,c,Podstawowy,1270
2,4,07.08.2021,4809,563,Tak,Tak,Nie,Tak,a,Podstawowy,570
3,4,07.08.2021,8010,827,Tak,Tak,Nie,Tak,a,Podstawowy,14130
4,4,07.08.2021,9872,1269,Tak,Tak,Nie,Tak,c,Rozszerzony,620
5,4,07.08.2021,4940,583,Tak,Tak,Nie,Tak,a,Podstawowy,29910
6,4,07.08.2021,5251,576,Tak,Tak,Nie,Tak,a,Podstawowy,310
7,4,07.08.2021,11960,1335,Tak,Tak,Nie,Tak,a,Rozszerzony,24000
8,4,07.08.2021,6240,747,Tak,Tak,Nie,Tak,a,Podstawowy,7520
9,4,07.08.2021,6750,604,Tak,Tak,Nie,Tak,a,Rozszerzony,2030
10,4,07.08.2021,5452,561,Tak,Tak,Nie,Tak,a,Podstawowy,3160
11,4,07.08.2021,7700,1091,Tak,Tak,Nie,Tak,a,Rozszerzony,960
12,4,07.08.2021,7675,892,Tak,Tak,Nie,Tak,a,Rozszerzony,1070
14,4,07.08.2021,5069,611,Tak,Tak,Nie,Tak,a,Podstawowy,1300
15,4,07.08.2021,7670,711,Tak,Tak,Nie,Tak,d,Rozszerzony,4110
16,4,07.08.2021,7465,783,Tak,Tak,Nie,Tak,a,Rozszerzony,3270
17,4,07.08.2021,6866,870,Tak,Tak,Nie,Tak,a,Podstawowy,50
18,4,07.08.2021,6294,687,Tak,Tak,Nie,Tak,d,Rozszerzony,13840
19,4,07.08.2021,7780,683,Tak,Tak,Nie,Tak,a,Rozszerzony,3240
21,4,07.08.2021,5913,528,Tak,Tak,Nie,Tak,c,Rozszerzony,550
23,4,07.08.2021,6156,566,Tak,Tak,Nie,Tak,d,Podstawowy,4060
24,4,07.08.2021,9182,819,Tak,Tak,Nie,Tak,a,Rozszerzony,4590
25,4,07.08.2021,10060,1455,Tak,Tak,Nie,Tak,c,Podstawowy,430
26,4,07.08.2021,7800,635,Tak,Tak,Nie,Tak,d,Podstawowy,2300
27,4,07.08.2021,9985,1082,Tak,Tak,Nie,Tak,a,Podstawowy,60
28,4,07.08.2021,5446,662,Tak,Tak,Nie,Tak,a,Podstawowy,1200
29,4,07.08.2021,8072,686,Tak,Tak,Nie,Tak,d,Rozszerzony,2170
30,4,07.08.2021,6242,852,Tak,Tak,Nie,Tak,a,Podstawowy,40
31,4,07.08.2021,6384,613,Tak,Tak,Nie,Tak,d,Rozszerzony,9800
33,4,07.08.2021,7244,739,Tak,Tak,Nie,Tak,a,Rozszerzony,1320
34,4,07.08.2021,6961,916,Tak,Tak,Nie,Tak,c,Podstawowy,2240
35,4,07.08.2021,10397,704,Tak,Tak,Nie,Tak,d,Rozszerzony,7660
37,4,07.08.2021,7418,839,Tak,Tak,Nie,Tak,c,Podstawowy,4230
38,4,07.08.2021,5334,480,Tak,Tak,Nie,Tak,d,Podstawowy,1090
39,4,07.08.2021,5150,629,Tak,Tak,Nie,Tak,a,Podstawowy,260
40,4,07.08.2021,5794,799,Tak,Tak,Nie,Tak,a,Podstawowy,180
42,4,07.08.2021,10067,1116,Tak,Tak,Nie,Tak,a,Rozszerzony,290
43,4,07.08.2021,6777,624,Tak,Tak,Nie,Tak,d,Podstawowy,4880
44,4,07.08.2021,6800,790,Tak,Tak,Nie,Tak,a,Podstawowy,540
45,4,07.08.2021,5798,455,Tak,Tak,Nie,Tak,d,Podstawowy,9710
47,4,07.08.2021,7104,894,Tak,Tak,Nie,Tak,a,Rozszerzony,270
48,4,07.08.2021,3096,344,Tak,Tak,Nie,Tak,a,Podstawowy,1060
49,4,07.08.2021,8029,562,Tak,Tak,Nie,Tak,d,Rozszerzony,18010
50,4,07.08.2021,4656,401,Tak,Tak,Nie,Tak,d,Podstawowy,6260
1,3,06.08.2021,5337,575,Tak,Tak,Nie,Tak,c,Podstawowy,1270
2,3,06.08.2021,6331,767,Tak,Tak,Nie,Tak,a,Podstawowy,570
3,3,06.08.2021,7499,798,Tak,Tak,Nie,Tak,a,Podstawowy,14130
4,3,06.08.2021,8860,1199,Tak,Tak,Nie,Tak,c,Rozszerzony,620
5,3,06.08.2021,5711,680,Tak,Tak,Nie,Tak,a,Podstawowy,29910
6,3,06.08.2021,5310,586,Tak,Tak,Nie,Tak,a,Podstawowy,310
7,3,06.08.2021,9952,1065,Tak,Tak,Nie,Tak,a,Rozszerzony,24000
8,3,06.08.2021,6070,650,Tak,Tak,Nie,Tak,a,Podstawowy,7520
9,3,06.08.2021,6746,585,Tak,Tak,Nie,Tak,a,Rozszerzony,2030
10,3,06.08.2021,5811,571,Tak,Tak,Nie,Tak,a,Podstawowy,3160
11,3,06.08.2021,9087,1247,Tak,Tak,Nie,Tak,a,Rozszerzony,960
12,3,06.08.2021,7969,990,Tak,Tak,Nie,Tak,a,Rozszerzony,1070
14,3,06.08.2021,6285,664,Tak,Tak,Nie,Tak,a,Podstawowy,1300
15,3,06.08.2021,7313,672,Tak,Tak,Nie,Tak,d,Rozszerzony,4110
16,3,06.08.2021,9129,866,Tak,Tak,Nie,Tak,a,Rozszerzony,3270
17,3,06.08.2021,6742,855,Tak,Tak,Nie,Tak,a,Podstawowy,50
18,3,06.08.2021,6625,727,Tak,Tak,Nie,Tak,d,Rozszerzony,13840
19,3,06.08.2021,6718,595,Tak,Tak,Nie,Tak,a,Rozszerzony,3240
21,3,06.08.2021,5922,492,Tak,Tak,Nie,Tak,c,Rozszerzony,550
23,3,06.08.2021,6024,503,Tak,Tak,Nie,Tak,d,Podstawowy,4060
24,3,06.08.2021,9320,840,Tak,Tak,Nie,Tak,a,Rozszerzony,4590
25,3,06.08.2021,9519,1339,Tak,Tak,Nie,Tak,c,Podstawowy,430
26,3,06.08.2021,6797,566,Tak,Tak,Nie,Tak,d,Podstawowy,2300
27,3,06.08.2021,9389,1069,Tak,Tak,Nie,Tak,a,Podstawowy,60
28,3,06.08.2021,6272,656,Tak,Tak,Nie,Tak,a,Podstawowy,1200
29,3,06.08.2021,7307,636,Tak,Tak,Nie,Tak,d,Rozszerzony,2170
30,3,06.08.2021,5246,716,Tak,Tak,Nie,Tak,a,Podstawowy,40
31,3,06.08.2021,5550,537,Tak,Tak,Nie,Tak,d,Rozszerzony,9800
33,3,06.08.2021,7864,737,Tak,Tak,Nie,Tak,a,Rozszerzony,1320
34,3,06.08.2021,8729,1057,Tak,Tak,Nie,Tak,c,Podstawowy,2240
35,3,06.08.2021,9089,646,Tak,Tak,Nie,Tak,d,Rozszerzony,7660
37,3,06.08.2021,6446,705,Tak,Tak,Nie,Tak,c,Podstawowy,4230
38,3,06.08.2021,5598,510,Tak,Tak,Nie,Tak,d,Podstawowy,1090
39,3,06.08.2021,6031,740,Tak,Tak,Nie,Tak,a,Podstawowy,260
40,3,06.08.2021,5172,767,Tak,Tak,Nie,Tak,a,Podstawowy,180
42,3,06.08.2021,11311,1222,Tak,Tak,Nie,Tak,a,Rozszerzony,290
43,3,06.08.2021,6410,581,Tak,Tak,Nie,Tak,d,Podstawowy,4880
44,3,06.08.2021,6553,775,Tak,Tak,Nie,Tak,a,Podstawowy,540
45,3,06.08.2021,5220,371,Tak,Tak,Nie,Tak,d,Podstawowy,9710
47,3,06.08.2021,7925,976,Tak,Tak,Nie,Tak,a,Rozszerzony,270
48,3,06.08.2021,3631,362,Tak,Tak,Nie,Tak,a,Podstawowy,1060
49,3,06.08.2021,6990,474,Tak,Tak,Nie,Tak,d,Rozszerzony,18010
50,3,06.08.2021,4913,367,Tak,Tak,Nie,Tak,d,Podstawowy,6260
1,2,05.08.2021,5433,620,Tak,Tak,Nie,Tak,c,Podstawowy,1270
2,2,05.08.2021,5811,621,Tak,Tak,Nie,Tak,a,Podstawowy,570
3,2,05.08.2021,8714,868,Tak,Tak,Nie,Tak,a,Podstawowy,14130
4,2,05.08.2021,9990,1336,Tak,Tak,Nie,Tak,c,Rozszerzony,620
5,2,05.08.2021,6108,636,Tak,Tak,Nie,Tak,a,Podstawowy,29910
6,2,05.08.2021,5611,665,Tak,Tak,Nie,Tak,a,Podstawowy,310
7,2,05.08.2021,13813,1471,Tak,Tak,Nie,Tak,a,Rozszerzony,24000
8,2,05.08.2021,7054,758,Tak,Tak,Nie,Tak,a,Podstawowy,7520
9,2,05.08.2021,7438,628,Tak,Tak,Nie,Tak,a,Rozszerzony,2030
10,2,05.08.2021,6201,586,Tak,Tak,Nie,Tak,a,Podstawowy,3160
11,2,05.08.2021,9243,1258,Tak,Tak,Nie,Tak,a,Rozszerzony,960
12,2,05.08.2021,8767,940,Tak,Tak,Nie,Tak,a,Rozszerzony,1070
14,2,05.08.2021,6419,673,Tak,Tak,Nie,Tak,a,Podstawowy,1300
15,2,05.08.2021,7185,689,Tak,Tak,Nie,Tak,d,Rozszerzony,4110
16,2,05.08.2021,9071,914,Tak,Tak,Nie,Tak,a,Rozszerzony,3270
17,2,05.08.2021,9139,1075,Tak,Tak,Nie,Tak,a,Podstawowy,50
18,2,05.08.2021,6141,646,Tak,Tak,Nie,Tak,d,Rozszerzony,13840
19,2,05.08.2021,7497,664,Tak,Tak,Nie,Tak,a,Rozszerzony,3240
21,2,05.08.2021,7691,566,Tak,Tak,Nie,Tak,c,Rozszerzony,550
23,2,05.08.2021,7277,580,Tak,Tak,Nie,Tak,d,Podstawowy,4060
24,2,05.08.2021,10374,878,Tak,Tak,Nie,Tak,a,Rozszerzony,4590
25,2,05.08.2021,11619,1539,Tak,Tak,Nie,Tak,c,Podstawowy,430
26,2,05.08.2021,7765,603,Tak,Tak,Nie,Tak,d,Podstawowy,2300
27,2,05.08.2021,11935,1255,Tak,Tak,Nie,Tak,a,Podstawowy,60
28,2,05.08.2021,7241,726,Tak,Tak,Nie,Tak,a,Podstawowy,1200
29,2,05.08.2021,8088,677,Tak,Tak,Nie,Tak,d,Rozszerzony,2170
30,2,05.08.2021,7312,898,Tak,Tak,Nie,Tak,a,Podstawowy,40
31,2,05.08.2021,6093,519,Tak,Tak,Nie,Tak,d,Rozszerzony,9800
33,2,05.08.2021,9091,820,Tak,Tak,Nie,Tak,a,Rozszerzony,1320
34,2,05.08.2021,9102,1089,Tak,Tak,Nie,Tak,c,Podstawowy,2240
35,2,05.08.2021,10000,702,Tak,Tak,Nie,Tak,d,Rozszerzony,7660
37,2,05.08.2021,7664,801,Tak,Tak,Nie,Tak,c,Podstawowy,4230
38,2,05.08.2021,6745,561,Tak,Tak,Nie,Tak,d,Podstawowy,1090
39,2,05.08.2021,5879,740,Tak,Tak,Nie,Tak,a,Podstawowy,260
40,2,05.08.2021,7122,838,Tak,Tak,Nie,Tak,a,Podstawowy,180
42,2,05.08.2021,11768,1236,Tak,Tak,Nie,Tak,a,Rozszerzony,290
43,2,05.08.2021,8181,641,Tak,Tak,Nie,Tak,d,Podstawowy,4880
44,2,05.08.2021,7222,814,Tak,Tak,Nie,Tak,a,Podstawowy,540
45,2,05.08.2021,5481,414,Tak,Tak,Nie,Tak,d,Podstawowy,9710
47,2,05.08.2021,8130,966,Tak,Tak,Nie,Tak,a,Rozszerzony,270
48,2,05.08.2021,3547,382,Tak,Tak,Nie,Tak,a,Podstawowy,1060
49,2,05.08.2021,9302,553,Tak,Tak,Nie,Tak,d,Rozszerzony,18010
50,2,05.08.2021,4846,412,Tak,Tak,Nie,Tak,d,Podstawowy,6260
1,1,04.08.2021,5655,592,Tak,Tak,Nie,Tak,c,Podstawowy,1270
2,1,04.08.2021,6315,668,Tak,Tak,Nie,Tak,a,Podstawowy,570
3,1,04.08.2021,9055,891,Tak,Tak,Nie,Tak,a,Podstawowy,14130
4,1,04.08.2021,11754,1518,Tak,Tak,Nie,Tak,c,Rozszerzony,620
5,1,04.08.2021,5391,614,Tak,Tak,Nie,Tak,a,Podstawowy,29910
6,1,04.08.2021,6550,702,Tak,Tak,Nie,Tak,a,Podstawowy,310
7,1,04.08.2021,15399,1492,Tak,Tak,Nie,Tak,a,Rozszerzony,24000
8,1,04.08.2021,8066,820,Tak,Tak,Nie,Tak,a,Podstawowy,7520
9,1,04.08.2021,10061,777,Tak,Tak,Nie,Tak,a,Rozszerzony,2030
10,1,04.08.2021,7049,685,Tak,Tak,Nie,Tak,a,Podstawowy,3160
11,1,04.08.2021,11063,1351,Tak,Tak,Nie,Tak,a,Rozszerzony,960
12,1,04.08.2021,11281,1188,Tak,Tak,Nie,Tak,a,Rozszerzony,1070
14,1,04.08.2021,7359,752,Tak,Tak,Nie,Tak,a,Podstawowy,1300
15,1,04.08.2021,9366,820,Tak,Tak,Nie,Tak,d,Rozszerzony,4110
16,1,04.08.2021,10794,1029,Tak,Tak,Nie,Tak,a,Rozszerzony,3270
17,1,04.08.2021,9851,1110,Tak,Tak,Nie,Tak,a,Podstawowy,50
18,1,04.08.2021,8003,810,Tak,Tak,Nie,Tak,d,Rozszerzony,13840
19,1,04.08.2021,9623,797,Tak,Tak,Nie,Tak,a,Rozszerzony,3240
21,1,04.08.2021,10377,692,Tak,Tak,Nie,Tak,c,Rozszerzony,550
23,1,04.08.2021,8259,636,Tak,Tak,Nie,Tak,d,Podstawowy,4060
24,1,04.08.2021,13152,1033,Tak,Tak,Nie,Tak,a,Rozszerzony,4590
25,1,04.08.2021,13970,1764,Tak,Tak,Nie,Tak,c,Podstawowy,430
26,1,04.08.2021,11500,842,Tak,Tak,Nie,Tak,d,Podstawowy,2300
27,1,04.08.2021,14324,1375,Tak,Tak,Nie,Tak,a,Podstawowy,60
28,1,04.08.2021,6602,657,Tak,Tak,Nie,Tak,a,Podstawowy,1200
29,1,04.08.2021,11503,926,Tak,Tak,Nie,Tak,d,Rozszerzony,2170
30,1,04.08.2021,7540,942,Tak,Tak,Nie,Tak,a,Podstawowy,40
31,1,04.08.2021,7732,657,Tak,Tak,Nie,Tak,d,Rozszerzony,9800
33,1,04.08.2021,10777,922,Tak,Tak,Nie,Tak,a,Rozszerzony,1320
34,1,04.08.2021,9911,1119,Tak,Tak,Nie,Tak,c,Podstawowy,2240
35,1,04.08.2021,15379,990,Tak,Tak,Nie,Tak,d,Rozszerzony,7660
37,1,04.08.2021,9732,934,Tak,Tak,Nie,Tak,c,Podstawowy,4230
38,1,04.08.2021,9946,764,Tak,Tak,Nie,Tak,d,Podstawowy,1090
39,1,04.08.2021,8164,904,Tak,Tak,Nie,Tak,a,Podstawowy,260
40,1,04.08.2021,7052,841,Tak,Tak,Nie,Tak,a,Podstawowy,180
42,1,04.08.2021,13557,1310,Tak,Tak,Nie,Tak,a,Rozszerzony,290
43,1,04.08.2021,9828,759,Tak,Tak,Nie,Tak,d,Podstawowy,4880
44,1,04.08.2021,9485,946,Tak,Tak,Nie,Tak,a,Podstawowy,540
45,1,04.08.2021,7639,490,Tak,Tak,Nie,Tak,d,Podstawowy,9710
47,1,04.08.2021,9961,1085,Tak,Tak,Nie,Tak,a,Rozszerzony,270
48,1,04.08.2021,4188,413,Tak,Tak,Nie,Tak,a,Podstawowy,1060
49,1,04.08.2021,10251,673,Tak,Tak,Nie,Tak,d,Rozszerzony,18010
50,1,04.08.2021,6202,456,Tak,Tak,Nie,Tak,d,Podstawowy,6260
1,7,03.08.2021,0,0,Nie,Nie,Nie,Tak,c,Podstawowy,1270
2,7,03.08.2021,0,0,Nie,Nie,Nie,Nie,a,Podstawowy,570
3,7,03.08.2021,0,0,Nie,Nie,Nie,Nie,a,Podstawowy,14130
4,7,03.08.2021,0,0,Nie,Nie,Nie,Nie,c,Rozszerzony,620
5,7,03.08.2021,0,0,Nie,Nie,Nie,Nie,a,Podstawowy,29910
6,7,03.08.2021,0,0,Nie,Nie,Nie,Nie,a,Podstawowy,310
7,7,03.08.2021,0,0,Nie,Nie,Nie,Nie,a,Rozszerzony,24000
8,7,03.08.2021,0,0,Nie,Nie,Nie,Nie,a,Podstawowy,7520
9,7,03.08.2021,0,0,Nie,Nie,Nie,Nie,a,Rozszerzony,2030
10,7,03.08.2021,0,0,Nie,Nie,Nie,Tak,a,Podstawowy,3160
11,7,03.08.2021,0,0,Nie,Nie,Nie,Nie,a,Rozszerzony,960
12,7,03.08.2021,0,0,Nie,Nie,Nie,Nie,a,Rozszerzony,1070
14,7,03.08.2021,0,0,Nie,Nie,Nie,Nie,a,Podstawowy,1300
15,7,03.08.2021,0,0,Nie,Nie,Nie,Nie,d,Rozszerzony,4110
16,7,03.08.2021,0,0,Nie,Nie,Nie,Nie,a,Rozszerzony,3270
17,7,03.08.2021,0,0,Nie,Nie,Nie,Nie,a,Podstawowy,50
18,7,03.08.2021,0,0,Nie,Nie,Nie,Nie,d,Rozszerzony,13840
19,7,03.08.2021,0,0,Nie,Nie,Nie,Nie,a,Rozszerzony,3240
21,7,03.08.2021,0,0,Nie,Nie,Nie,Nie,c,Rozszerzony,550
23,7,03.08.2021,0,0,Nie,Nie,Nie,Nie,d,Podstawowy,4060
24,7,03.08.2021,0,0,Nie,Nie,Nie,Nie,a,Rozszerzony,4590
25,7,03.08.2021,0,0,Nie,Nie,Nie,Nie,c,Podstawowy,430
26,7,03.08.2021,0,0,Nie,Nie,Nie,Nie,d,Podstawowy,2300
27,7,03.08.2021,0,0,Nie,Nie,Nie,Nie,a,Podstawowy,60
28,7,03.08.2021,0,0,Nie,Nie,Nie,Nie,a,Podstawowy,1200
29,7,03.08.2021,0,0,Nie,Nie,Nie,Nie,d,Rozszerzony,2170
30,7,03.08.2021,0,0,Nie,Nie,Nie,Nie,a,Podstawowy,40
31,7,03.08.2021,0,0,Nie,Nie,Nie,Nie,d,Rozszerzony,9800
33,7,03.08.2021,0,0,Nie,Nie,Nie,Nie,a,Rozszerzony,1320
34,7,03.08.2021,0,0,Nie,Nie,Nie,Nie,c,Podstawowy,2240
35,7,03.08.2021,0,0,Nie,Nie,Nie,Nie,d,Rozszerzony,7660
37,7,03.08.2021,0,0,Nie,Nie,Nie,Nie,c,Podstawowy,4230
38,7,03.08.2021,0,0,Nie,Nie,Nie,Nie,d,Podstawowy,1090
39,7,03.08.2021,0,0,Nie,Nie,Nie,Nie,a,Podstawowy,260
40,7,03.08.2021,0,0,Nie,Nie,Nie,Nie,a,Podstawowy,180
42,7,03.08.2021,0,0,Nie,Nie,Nie,Nie,a,Rozszerzony,290
43,7,03.08.2021,0,0,Nie,Nie,Nie,Nie,d,Podstawowy,4880
44,7,03.08.2021,0,0,Nie,Nie,Nie,Nie,a,Podstawowy,540
45,7,03.08.2021,0,0,Nie,Nie,Nie,Nie,d,Podstawowy,9710
47,7,03.08.2021,0,0,Nie,Nie,Nie,Nie,a,Rozszerzony,270
48,7,03.08.2021,0,0,Nie,Nie,Nie,Nie,a,Podstawowy,1060
49,7,03.08.2021,0,0,Nie,Nie,Nie,Nie,d,Rozszerzony,18010
50,7,03.08.2021,0,0,Nie,Nie,Nie,Nie,d,Podstawowy,6260
1,6,02.08.2021,4731,555,Tak,Nie,Nie,Tak,c,Podstawowy,1270
2,6,02.08.2021,3354,451,Tak,Nie,Nie,Nie,a,Podstawowy,570
3,6,02.08.2021,4157,466,Tak,Nie,Nie,Nie,a,Podstawowy,14130
4,6,02.08.2021,10071,1337,Tak,Nie,Nie,Nie,c,Rozszerzony,620
5,6,02.08.2021,1593,220,Tak,Nie,Nie,Nie,a,Podstawowy,29910
6,6,02.08.2021,3201,365,Tak,Nie,Nie,Nie,a,Podstawowy,310
7,6,02.08.2021,7956,873,Tak,Nie,Nie,Nie,a,Rozszerzony,24000
8,6,02.08.2021,3100,380,Tak,Nie,Nie,Nie,a,Podstawowy,7520
9,6,02.08.2021,6233,558,Tak,Nie,Nie,Nie,a,Rozszerzony,2030
10,6,02.08.2021,5284,526,Tak,Nie,Nie,Tak,a,Podstawowy,3160
11,6,02.08.2021,5969,838,Tak,Nie,Nie,Nie,a,Rozszerzony,960
12,6,02.08.2021,5617,745,Tak,Nie,Nie,Nie,a,Rozszerzony,1070
14,6,02.08.2021,3488,395,Tak,Nie,Nie,Nie,a,Podstawowy,1300
15,6,02.08.2021,5124,614,Tak,Nie,Nie,Nie,d,Rozszerzony,4110
16,6,02.08.2021,5719,584,Tak,Nie,Nie,Nie,a,Rozszerzony,3270
17,6,02.08.2021,2589,356,Tak,Nie,Nie,Nie,a,Podstawowy,50
18,6,02.08.2021,4832,541,Tak,Nie,Nie,Nie,d,Rozszerzony,13840
19,6,02.08.2021,4310,392,Tak,Nie,Nie,Nie,a,Rozszerzony,3240
21,6,02.08.2021,5484,528,Tak,Nie,Nie,Nie,c,Rozszerzony,550
23,6,02.08.2021,4566,439,Tak,Nie,Nie,Nie,d,Podstawowy,4060
24,6,02.08.2021,6913,648,Tak,Nie,Nie,Nie,a,Rozszerzony,4590
25,6,02.08.2021,8941,1273,Tak,Nie,Nie,Nie,c,Podstawowy,430
26,6,02.08.2021,4853,471,Tak,Nie,Nie,Nie,d,Podstawowy,2300
27,6,02.08.2021,7180,853,Tak,Nie,Nie,Nie,a,Podstawowy,60
28,6,02.08.2021,2707,338,Tak,Nie,Nie,Nie,a,Podstawowy,1200
29,6,02.08.2021,6198,555,Tak,Nie,Nie,Nie,d,Rozszerzony,2170
30,6,02.08.2021,4057,646,Tak,Nie,Nie,Nie,a,Podstawowy,40
31,6,02.08.2021,4998,555,Tak,Nie,Nie,Nie,d,Rozszerzony,9800
33,6,02.08.2021,8745,828,Tak,Nie,Nie,Nie,a,Rozszerzony,1320
34,6,02.08.2021,6956,888,Tak,Nie,Nie,Nie,c,Podstawowy,2240
35,6,02.08.2021,7897,614,Tak,Nie,Nie,Nie,d,Rozszerzony,7660
37,6,02.08.2021,6552,767,Tak,Nie,Nie,Nie,c,Podstawowy,4230
38,6,02.08.2021,5566,552,Tak,Nie,Nie,Nie,d,Podstawowy,1090
39,6,02.08.2021,3817,509,Tak,Nie,Nie,Nie,a,Podstawowy,260
40,6,02.08.2021,5544,785,Tak,Nie,Nie,Nie,a,Podstawowy,180
42,6,02.08.2021,8375,977,Tak,Nie,Nie,Nie,a,Rozszerzony,290
43,6,02.08.2021,5281,455,Tak,Nie,Nie,Nie,d,Podstawowy,4880
44,6,02.08.2021,4117,458,Tak,Nie,Nie,Nie,a,Podstawowy,540
45,6,02.08.2021,5390,435,Tak,Nie,Nie,Nie,d,Podstawowy,9710
47,6,02.08.2021,5082,720,Tak,Nie,Nie,Nie,a,Rozszerzony,270
48,6,02.08.2021,2375,256,Tak,Nie,Nie,Nie,a,Podstawowy,1060
49,6,02.08.2021,8022,580,Tak,Nie,Nie,Nie,d,Rozszerzony,18010
50,6,02.08.2021,4617,410,Tak,Nie,Nie,Nie,d,Podstawowy,6260
1,5,01.08.2021,5038,572,Tak,Tak,Nie,Tak,c,Podstawowy,1270
2,5,01.08.2021,5434,620,Tak,Tak,Nie,Tak,a,Podstawowy,570
3,5,01.08.2021,7893,787,Tak,Tak,Nie,Tak,a,Podstawowy,14130
4,5,01.08.2021,11112,1354,Tak,Tak,Nie,Tak,c,Rozszerzony,620
5,5,01.08.2021,4381,562,Tak,Tak,Nie,Tak,a,Podstawowy,29910
6,5,01.08.2021,5931,635,Tak,Tak,Nie,Tak,a,Podstawowy,310
7,5,01.08.2021,11885,1264,Tak,Tak,Nie,Tak,a,Rozszerzony,24000
8,5,01.08.2021,6115,689,Tak,Tak,Nie,Tak,a,Podstawowy,7520
9,5,01.08.2021,8424,693,Tak,Tak,Nie,Tak,a,Rozszerzony,2030
10,5,01.08.2021,6997,716,Tak,Tak,Nie,Tak,a,Podstawowy,3160
11,5,01.08.2021,8908,1241,Tak,Tak,Nie,Tak,a,Rozszerzony,960
12,5,01.08.2021,7786,936,Tak,Tak,Nie,Tak,a,Rozszerzony,1070
14,5,01.08.2021,6584,710,Tak,Tak,Nie,Tak,a,Podstawowy,1300
15,5,01.08.2021,7752,736,Tak,Tak,Nie,Tak,d,Rozszerzony,4110
16,5,01.08.2021,9102,964,Tak,Tak,Nie,Tak,a,Rozszerzony,3270
17,5,01.08.2021,7958,968,Tak,Tak,Nie,Tak,a,Podstawowy,50
18,5,01.08.2021,8738,898,Tak,Tak,Nie,Tak,d,Rozszerzony,13840
19,5,01.08.2021,7663,690,Tak,Tak,Nie,Tak,a,Rozszerzony,3240
21,5,01.08.2021,6535,615,Tak,Tak,Nie,Tak,c,Rozszerzony,550
23,5,01.08.2021,6459,562,Tak,Tak,Nie,Tak,d,Podstawowy,4060
24,5,01.08.2021,11883,987,Tak,Tak,Nie,Tak,a,Rozszerzony,4590
25,5,01.08.2021,11359,1538,Tak,Tak,Nie,Tak,c,Podstawowy,430
26,5,01.08.2021,8314,629,Tak,Tak,Nie,Tak,d,Podstawowy,2300
27,5,01.08.2021,10268,1107,Tak,Tak,Nie,Tak,a,Podstawowy,60
28,5,01.08.2021,6711,690,Tak,Tak,Nie,Tak,a,Podstawowy,1200
29,5,01.08.2021,8502,695,Tak,Tak,Nie,Tak,d,Rozszerzony,2170
30,5,01.08.2021,5311,732,Tak,Tak,Nie,Tak,a,Podstawowy,40
31,5,01.08.2021,6744,645,Tak,Tak,Nie,Tak,d,Rozszerzony,9800
33,5,01.08.2021,9132,837,Tak,Tak,Nie,Tak,a,Rozszerzony,1320
34,5,01.08.2021,8598,1019,Tak,Tak,Nie,Tak,c,Podstawowy,2240
35,5,01.08.2021,12014,810,Tak,Tak,Nie,Tak,d,Rozszerzony,7660
37,5,01.08.2021,7953,846,Tak,Tak,Nie,Tak,c,Podstawowy,4230
38,5,01.08.2021,6732,548,Tak,Tak,Nie,Tak,d,Podstawowy,1090
39,5,01.08.2021,5512,692,Tak,Tak,Nie,Tak,a,Podstawowy,260
40,5,01.08.2021,5476,708,Tak,Tak,Nie,Tak,a,Podstawowy,180
42,5,01.08.2021,11181,1235,Tak,Tak,Nie,Tak,a,Rozszerzony,290
43,5,01.08.2021,7540,684,Tak,Tak,Nie,Tak,d,Podstawowy,4880
44,5,01.08.2021,7967,828,Tak,Tak,Nie,Tak,a,Podstawowy,540
45,5,01.08.2021,6301,450,Tak,Tak,Nie,Tak,d,Podstawowy,9710
47,5,01.08.2021,7948,953,Tak,Tak,Nie,Tak,a,Rozszerzony,270
48,5,01.08.2021,3955,402,Tak,Tak,Nie,Tak,a,Podstawowy,1060
49,5,01.08.2021,9048,631,Tak,Tak,Nie,Tak,d,Rozszerzony,18010
50,5,01.08.2021,5137,399,Tak,Tak,Nie,Tak,d,Podstawowy,6260
1,4,31.07.2021,5106,575,Tak,Tak,Nie,Nie,c,Podstawowy,1270
2,4,31.07.2021,6301,703,Tak,Tak,Nie,Tak,a,Podstawowy,570
3,4,31.07.2021,8891,877,Tak,Tak,Nie,Tak,a,Podstawowy,14130
4,4,31.07.2021,12533,1451,Tak,Tak,Nie,Tak,c,Rozszerzony,620
5,4,31.07.2021,5824,630,Tak,Tak,Nie,Tak,a,Podstawowy,29910
6,4,31.07.2021,5933,648,Tak,Tak,Nie,Tak,a,Podstawowy,310
7,4,31.07.2021,13183,1255,Tak,Tak,Nie,Tak,a,Rozszerzony,24000
8,4,31.07.2021,7337,805,Tak,Tak,Nie,Tak,a,Podstawowy,7520
9,4,31.07.2021,8176,645,Tak,Tak,Nie,Tak,a,Rozszerzony,2030
10,4,31.07.2021,6637,662,Tak,Tak,Nie,Tak,a,Podstawowy,3160
11,4,31.07.2021,10907,1311,Tak,Tak,Nie,Tak,a,Rozszerzony,960
12,4,31.07.2021,8663,924,Tak,Tak,Nie,Tak,a,Rozszerzony,1070
14,4,31.07.2021,5905,658,Tak,Tak,Nie,Tak,a,Podstawowy,1300
15,4,31.07.2021,8166,798,Tak,Tak,Nie,Tak,d,Rozszerzony,4110
16,4,31.07.2021,10638,1061,Tak,Tak,Nie,Tak,a,Rozszerzony,3270
17,4,31.07.2021,9112,1049,Tak,Tak,Nie,Tak,a,Podstawowy,50
18,4,31.07.2021,8409,796,Tak,Tak,Nie,Tak,d,Rozszerzony,13840
19,4,31.07.2021,8081,664,Tak,Tak,Nie,Tak,a,Rozszerzony,3240
21,4,31.07.2021,7539,635,Tak,Tak,Nie,Tak,c,Rozszerzony,550
23,4,31.07.2021,7307,606,Tak,Tak,Nie,Tak,d,Podstawowy,4060
24,4,31.07.2021,12192,950,Tak,Tak,Nie,Tak,a,Rozszerzony,4590
25,4,31.07.2021,14977,1834,Tak,Tak,Nie,Tak,c,Podstawowy,430
26,4,31.07.2021,8714,736,Tak,Tak,Nie,Tak,d,Podstawowy,2300
27,4,31.07.2021,12380,1270,Tak,Tak,Nie,Tak,a,Podstawowy,60
28,4,31.07.2021,8306,797,Tak,Tak,Nie,Tak,a,Podstawowy,1200
29,4,31.07.2021,8724,722,Tak,Tak,Nie,Tak,d,Rozszerzony,2170
30,4,31.07.2021,6919,850,Tak,Tak,Nie,Tak,a,Podstawowy,40
31,4,31.07.2021,7091,659,Tak,Tak,Nie,Tak,d,Rozszerzony,9800
33,4,31.07.2021,10278,897,Tak,Tak,Nie,Tak,a,Rozszerzony,1320
34,4,31.07.2021,9567,1072,Tak,Tak,Nie,Tak,c,Podstawowy,2240
35,4,31.07.2021,13961,908,Tak,Tak,Nie,Tak,d,Rozszerzony,7660
37,4,31.07.2021,8674,893,Tak,Tak,Nie,Tak,c,Podstawowy,4230
38,4,31.07.2021,7048,557,Tak,Tak,Nie,Tak,d,Podstawowy,1090
39,4,31.07.2021,8135,923,Tak,Tak,Nie,Tak,a,Podstawowy,260
40,4,31.07.2021,7096,900,Tak,Tak,Nie,Tak,a,Podstawowy,180
42,4,31.07.2021,12334,1227,Tak,Tak,Nie,Tak,a,Rozszerzony,290
43,4,31.07.2021,7479,666,Tak,Tak,Nie,Tak,d,Podstawowy,4880
44,4,31.07.2021,7422,791,Tak,Tak,Nie,Tak,a,Podstawowy,540
45,4,31.07.2021,6365,410,Tak,Tak,Nie,Tak,d,Podstawowy,9710
47,4,31.07.2021,9283,1076,Tak,Tak,Nie,Tak,a,Rozszerzony,270
48,4,31.07.2021,3694,373,Tak,Tak,Nie,Tak,a,Podstawowy,1060
49,4,31.07.2021,9568,603,Tak,Tak,Nie,Tak,d,Rozszerzony,18010
50,4,31.07.2021,5467,416,Tak,Tak,Nie,Tak,d,Podstawowy,6260
1,3,30.07.2021,5487,587,Tak,Tak,Nie,Tak,c,Podstawowy,1270
2,3,30.07.2021,6308,768,Tak,Tak,Nie,Tak,a,Podstawowy,570
3,3,30.07.2021,8399,809,Tak,Tak,Nie,Tak,a,Podstawowy,14130
4,3,30.07.2021,10032,1288,Tak,Tak,Nie,Tak,c,Rozszerzony,620
5,3,30.07.2021,5310,649,Tak,Tak,Nie,Tak,a,Podstawowy,29910
6,3,30.07.2021,5589,598,Tak,Tak,Nie,Tak,a,Podstawowy,310
7,3,30.07.2021,13568,1306,Tak,Tak,Nie,Tak,a,Rozszerzony,24000
8,3,30.07.2021,6219,662,Tak,Tak,Nie,Tak,a,Podstawowy,7520
9,3,30.07.2021,7001,576,Tak,Tak,Nie,Tak,a,Rozszerzony,2030
10,3,30.07.2021,6316,619,Tak,Tak,Nie,Nie,a,Podstawowy,3160
11,3,30.07.2021,9674,1291,Tak,Tak,Nie,Tak,a,Rozszerzony,960
12,3,30.07.2021,9101,1000,Tak,Tak,Nie,Tak,a,Rozszerzony,1070
14,3,30.07.2021,5355,598,Tak,Tak,Nie,Tak,a,Podstawowy,1300
15,3,30.07.2021,8040,720,Tak,Tak,Nie,Tak,d,Rozszerzony,4110
16,3,30.07.2021,10724,1040,Tak,Tak,Nie,Nie,a,Rozszerzony,3270
17,3,30.07.2021,6764,830,Tak,Tak,Nie,Tak,a,Podstawowy,50
18,3,30.07.2021,7146,743,Tak,Tak,Nie,Tak,d,Rozszerzony,13840
19,3,30.07.2021,8194,729,Tak,Tak,Nie,Tak,a,Rozszerzony,3240
21,3,30.07.2021,7606,592,Tak,Tak,Nie,Nie,c,Rozszerzony,550
23,3,30.07.2021,6081,514,Tak,Tak,Nie,Tak,d,Podstawowy,4060
24,3,30.07.2021,11295,934,Tak,Tak,Nie,Tak,a,Rozszerzony,4590
25,3,30.07.2021,10686,1410,Tak,Tak,Nie,Tak,c,Podstawowy,430
26,3,30.07.2021,7571,571,Tak,Tak,Nie,Tak,d,Podstawowy,2300
27,3,30.07.2021,9760,1035,Tak,Tak,Nie,Tak,a,Podstawowy,60
28,3,30.07.2021,6130,635,Tak,Tak,Nie,Tak,a,Podstawowy,1200
29,3,30.07.2021,7847,688,Tak,Tak,Nie,Tak,d,Rozszerzony,2170
30,3,30.07.2021,5640,763,Tak,Tak,Nie,Tak,a,Podstawowy,40
31,3,30.07.2021,5980,561,Tak,Tak,Nie,Tak,d,Rozszerzony,9800
33,3,30.07.2021,8090,775,Tak,Tak,Nie,Tak,a,Rozszerzony,1320
34,3,30.07.2021,8315,968,Tak,Tak,Nie,Tak,c,Podstawowy,2240
35,3,30.07.2021,10433,711,Tak,Tak,Nie,Tak,d,Rozszerzony,7660
37,3,30.07.2021,8594,839,Tak,Tak,Nie,Tak,c,Podstawowy,4230
38,3,30.07.2021,6722,537,Tak,Tak,Nie,Tak,d,Podstawowy,1090
39,3,30.07.2021,6345,794,Tak,Tak,Nie,Tak,a,Podstawowy,260
40,3,30.07.2021,6317,760,Tak,Tak,Nie,Tak,a,Podstawowy,180
42,3,30.07.2021,12572,1231,Tak,Tak,Nie,Tak,a,Rozszerzony,290
43,3,30.07.2021,7973,619,Tak,Tak,Nie,Tak,d,Podstawowy,4880
44,3,30.07.2021,7309,787,Tak,Tak,Nie,Tak,a,Podstawowy,540
45,3,30.07.2021,6198,442,Tak,Tak,Nie,Tak,d,Podstawowy,9710
47,3,30.07.2021,7751,941,Tak,Tak,Nie,Tak,a,Rozszerzony,270
48,3,30.07.2021,3013,350,Tak,Tak,Nie,Tak,a,Podstawowy,1060
49,3,30.07.2021,9649,646,Tak,Tak,Nie,Nie,d,Rozszerzony,18010
50,3,30.07.2021,4977,384,Tak,Tak,Nie,Tak,d,Podstawowy,6260
1,2,29.07.2021,5252,591,Tak,Tak,Nie,Tak,c,Podstawowy,1270
2,2,29.07.2021,5274,561,Tak,Tak,Nie,Tak,a,Podstawowy,570
3,2,29.07.2021,7497,740,Tak,Tak,Nie,Tak,a,Podstawowy,14130
4,2,29.07.2021,9808,1311,Tak,Tak,Nie,Tak,c,Rozszerzony,620
5,2,29.07.2021,5283,551,Tak,Tak,Nie,Tak,a,Podstawowy,29910
6,2,29.07.2021,5658,633,Tak,Tak,Nie,Tak,a,Podstawowy,310
7,2,29.07.2021,12603,1294,Tak,Tak,Nie,Tak,a,Rozszerzony,24000
8,2,29.07.2021,6700,735,Tak,Tak,Nie,Tak,a,Podstawowy,7520
9,2,29.07.2021,5200,466,Tak,Tak,Nie,Tak,a,Rozszerzony,2030
10,2,29.07.2021,6635,662,Tak,Tak,Nie,Nie,a,Podstawowy,3160
11,2,29.07.2021,7874,1117,Tak,Tak,Nie,Tak,a,Rozszerzony,960
12,2,29.07.2021,8184,944,Tak,Tak,Nie,Tak,a,Rozszerzony,1070
14,2,29.07.2021,5818,598,Tak,Tak,Nie,Tak,a,Podstawowy,1300
15,2,29.07.2021,6628,606,Tak,Tak,Nie,Tak,d,Rozszerzony,4110
16,2,29.07.2021,10557,1096,Tak,Tak,Nie,Nie,a,Rozszerzony,3270
17,2,29.07.2021,7446,832,Tak,Tak,Nie,Tak,a,Podstawowy,50
18,2,29.07.2021,6157,618,Tak,Tak,Nie,Tak,d,Rozszerzony,13840
19,2,29.07.2021,7330,621,Tak,Tak,Nie,Tak,a,Rozszerzony,3240
21,2,29.07.2021,7974,625,Tak,Tak,Nie,Nie,c,Rozszerzony,550
23,2,29.07.2021,7049,544,Tak,Tak,Nie,Tak,d,Podstawowy,4060
24,2,29.07.2021,10261,845,Tak,Tak,Nie,Tak,a,Rozszerzony,4590
25,2,29.07.2021,11413,1514,Tak,Tak,Nie,Tak,c,Podstawowy,430
26,2,29.07.2021,7590,576,Tak,Tak,Nie,Tak,d,Podstawowy,2300
27,2,29.07.2021,10362,1140,Tak,Tak,Nie,Tak,a,Podstawowy,60
28,2,29.07.2021,6115,651,Tak,Tak,Nie,Tak,a,Podstawowy,1200
29,2,29.07.2021,8110,668,Tak,Tak,Nie,Tak,d,Rozszerzony,2170
30,2,29.07.2021,5887,744,Tak,Tak,Nie,Tak,a,Podstawowy,40
31,2,29.07.2021,6230,550,Tak,Tak,Nie,Tak,d,Rozszerzony,9800
33,2,29.07.2021,9185,786,Tak,Tak,Nie,Tak,a,Rozszerzony,1320
34,2,29.07.2021,8441,963,Tak,Tak,Nie,Tak,c,Podstawowy,2240
35,2,29.07.2021,11046,756,Tak,Tak,Nie,Tak,d,Rozszerzony,7660
37,2,29.07.2021,8369,779,Tak,Tak,Nie,Tak,c,Podstawowy,4230
38,2,29.07.2021,7100,555,Tak,Tak,Nie,Tak,d,Podstawowy,1090
39,2,29.07.2021,6049,686,Tak,Tak,Nie,Tak,a,Podstawowy,260
40,2,29.07.2021,5726,753,Tak,Tak,Nie,Tak,a,Podstawowy,180
42,2,29.07.2021,10578,1075,Tak,Tak,Nie,Tak,a,Rozszerzony,290
43,2,29.07.2021,7795,612,Tak,Tak,Nie,Tak,d,Podstawowy,4880
44,2,29.07.2021,7161,681,Tak,Tak,Nie,Tak,a,Podstawowy,540
45,2,29.07.2021,5902,432,Tak,Tak,Nie,Tak,d,Podstawowy,9710
47,2,29.07.2021,7110,890,Tak,Tak,Nie,Tak,a,Rozszerzony,270
48,2,29.07.2021,2963,324,Tak,Tak,Nie,Tak,a,Podstawowy,1060
49,2,29.07.2021,9136,604,Tak,Tak,Nie,Nie,d,Rozszerzony,18010
50,2,29.07.2021,5168,390,Tak,Tak,Nie,Tak,d,Podstawowy,6260
1,1,28.07.2021,5372,584,Tak,Tak,Nie,Tak,c,Podstawowy,1270
2,1,28.07.2021,6494,641,Tak,Tak,Nie,Tak,a,Podstawowy,570
3,1,28.07.2021,8778,787,Tak,Tak,Nie,Tak,a,Podstawowy,14130
4,1,28.07.2021,11033,1379,Tak,Tak,Nie,Tak,c,Rozszerzony,620
5,1,28.07.2021,6846,711,Tak,Tak,Nie,Tak,a,Podstawowy,29910
6,1,28.07.2021,6093,670,Tak,Tak,Nie,Tak,a,Podstawowy,310
7,1,28.07.2021,13561,1295,Tak,Tak,Nie,Tak,a,Rozszerzony,24000
8,1,28.07.2021,7774,807,Tak,Tak,Nie,Tak,a,Podstawowy,7520
9,1,28.07.2021,7415,620,Tak,Tak,Nie,Tak,a,Rozszerzony,2030
10,1,28.07.2021,8422,756,Tak,Tak,Nie,Nie,a,Podstawowy,3160
11,1,28.07.2021,8825,1213,Tak,Tak,Nie,Tak,a,Rozszerzony,960
12,1,28.07.2021,10178,1048,Tak,Tak,Nie,Tak,a,Rozszerzony,1070
14,1,28.07.2021,6906,732,Tak,Tak,Nie,Tak,a,Podstawowy,1300
15,1,28.07.2021,8109,759,Tak,Tak,Nie,Tak,d,Rozszerzony,4110
16,1,28.07.2021,10984,1110,Tak,Tak,Nie,Nie,a,Rozszerzony,3270
17,1,28.07.2021,9199,1034,Tak,Tak,Nie,Tak,a,Podstawowy,50
18,1,28.07.2021,8642,809,Tak,Tak,Nie,Tak,d,Rozszerzony,13840
19,1,28.07.2021,8574,702,Tak,Tak,Nie,Tak,a,Rozszerzony,3240
21,1,28.07.2021,10171,734,Tak,Tak,Nie,Nie,c,Rozszerzony,550
23,1,28.07.2021,7589,597,Tak,Tak,Nie,Tak,d,Podstawowy,4060
24,1,28.07.2021,11331,909,Tak,Tak,Nie,Tak,a,Rozszerzony,4590
25,1,28.07.2021,10650,1505,Tak,Tak,Nie,Tak,c,Podstawowy,430
26,1,28.07.2021,10037,721,Tak,Tak,Nie,Tak,d,Podstawowy,2300
27,1,28.07.2021,12412,1171,Tak,Tak,Nie,Tak,a,Podstawowy,60
28,1,28.07.2021,8816,792,Tak,Tak,Nie,Tak,a,Podstawowy,1200
29,1,28.07.2021,10417,830,Tak,Tak,Nie,Tak,d,Rozszerzony,2170
30,1,28.07.2021,6226,764,Tak,Tak,Nie,Tak,a,Podstawowy,40
31,1,28.07.2021,7328,652,Tak,Tak,Nie,Tak,d,Rozszerzony,9800
33,1,28.07.2021,9089,802,Tak,Tak,Nie,Tak,a,Rozszerzony,1320
34,1,28.07.2021,9836,1080,Tak,Tak,Nie,Tak,c,Podstawowy,2240
35,1,28.07.2021,14458,934,Tak,Tak,Nie,Tak,d,Rozszerzony,7660
37,1,28.07.2021,9801,909,Tak,Tak,Nie,Tak,c,Podstawowy,4230
38,1,28.07.2021,8429,647,Tak,Tak,Nie,Tak,d,Podstawowy,1090
39,1,28.07.2021,7545,736,Tak,Tak,Nie,Tak,a,Podstawowy,260
40,1,28.07.2021,6342,769,Tak,Tak,Nie,Tak,a,Podstawowy,180
42,1,28.07.2021,12059,1139,Tak,Tak,Nie,Tak,a,Rozszerzony,290
43,1,28.07.2021,8012,648,Tak,Tak,Nie,Tak,d,Podstawowy,4880
44,1,28.07.2021,8244,844,Tak,Tak,Nie,Tak,a,Podstawowy,540
45,1,28.07.2021,6943,460,Tak,Tak,Nie,Tak,d,Podstawowy,9710
47,1,28.07.2021,8318,933,Tak,Tak,Nie,Tak,a,Rozszerzony,270
48,1,28.07.2021,3663,393,Tak,Tak,Nie,Tak,a,Podstawowy,1060
49,1,28.07.2021,10121,652,Tak,Tak,Nie,Nie,d,Rozszerzony,18010
50,1,28.07.2021,5914,442,Tak,Tak,Nie,Tak,d,Podstawowy,6260
1,7,27.07.2021,0,0,Nie,Nie,Nie,Nie,c,Podstawowy,1270
2,7,27.07.2021,0,0,Nie,Nie,Nie,Nie,a,Podstawowy,570
3,7,27.07.2021,0,0,Nie,Nie,Nie,Nie,a,Podstawowy,14130
4,7,27.07.2021,0,0,Nie,Nie,Nie,Nie,c,Rozszerzony,620
5,7,27.07.2021,0,0,Nie,Nie,Nie,Nie,a,Podstawowy,29910
6,7,27.07.2021,0,0,Nie,Nie,Nie,Nie,a,Podstawowy,310
7,7,27.07.2021,0,0,Nie,Nie,Nie,Nie,a,Rozszerzony,24000
8,7,27.07.2021,0,0,Nie,Nie,Nie,Nie,a,Podstawowy,7520
9,7,27.07.2021,0,0,Nie,Nie,Nie,Nie,a,Rozszerzony,2030
10,7,27.07.2021,0,0,Nie,Nie,Nie,Nie,a,Podstawowy,3160
11,7,27.07.2021,0,0,Nie,Nie,Nie,Nie,a,Rozszerzony,960
12,7,27.07.2021,0,0,Nie,Nie,Nie,Nie,a,Rozszerzony,1070
14,7,27.07.2021,0,0,Nie,Nie,Nie,Nie,a,Podstawowy,1300
15,7,27.07.2021,0,0,Nie,Nie,Nie,Nie,d,Rozszerzony,4110
16,7,27.07.2021,0,0,Nie,Nie,Nie,Nie,a,Rozszerzony,3270
17,7,27.07.2021,0,0,Nie,Nie,Nie,Nie,a,Podstawowy,50
18,7,27.07.2021,0,0,Nie,Nie,Nie,Nie,d,Rozszerzony,13840
19,7,27.07.2021,0,0,Nie,Nie,Nie,Nie,a,Rozszerzony,3240
21,7,27.07.2021,0,0,Nie,Nie,Nie,Nie,c,Rozszerzony,550
23,7,27.07.2021,0,0,Nie,Nie,Nie,Nie,d,Podstawowy,4060
24,7,27.07.2021,0,0,Nie,Nie,Nie,Nie,a,Rozszerzony,4590
25,7,27.07.2021,0,0,Nie,Nie,Nie,Nie,c,Podstawowy,430
26,7,27.07.2021,0,0,Nie,Nie,Nie,Nie,d,Podstawowy,2300
27,7,27.07.2021,0,0,Nie,Nie,Nie,Nie,a,Podstawowy,60
28,7,27.07.2021,0,0,Nie,Nie,Nie,Nie,a,Podstawowy,1200
29,7,27.07.2021,0,0,Nie,Nie,Nie,Nie,d,Rozszerzony,2170
30,7,27.07.2021,0,0,Nie,Nie,Nie,Nie,a,Podstawowy,40
31,7,27.07.2021,0,0,Nie,Nie,Nie,Nie,d,Rozszerzony,9800
33,7,27.07.2021,0,0,Nie,Nie,Nie,Nie,a,Rozszerzony,1320
34,7,27.07.2021,0,0,Nie,Nie,Nie,Nie,c,Podstawowy,2240
35,7,27.07.2021,0,0,Nie,Nie,Nie,Nie,d,Rozszerzony,7660
37,7,27.07.2021,0,0,Nie,Nie,Nie,Nie,c,Podstawowy,4230
38,7,27.07.2021,0,0,Nie,Nie,Nie,Nie,d,Podstawowy,1090
39,7,27.07.2021,0,0,Nie,Nie,Nie,Nie,a,Podstawowy,260
40,7,27.07.2021,0,0,Nie,Nie,Nie,Nie,a,Podstawowy,180
42,7,27.07.2021,0,0,Nie,Nie,Nie,Nie,a,Rozszerzony,290
43,7,27.07.2021,0,0,Nie,Nie,Nie,Nie,d,Podstawowy,4880
44,7,27.07.2021,0,0,Nie,Nie,Nie,Nie,a,Podstawowy,540
45,7,27.07.2021,0,0,Nie,Nie,Nie,Nie,d,Podstawowy,9710
47,7,27.07.2021,0,0,Nie,Nie,Nie,Nie,a,Rozszerzony,270
48,7,27.07.2021,0,0,Nie,Nie,Nie,Nie,a,Podstawowy,1060
49,7,27.07.2021,0,0,Nie,Nie,Nie,Nie,d,Rozszerzony,18010
50,7,27.07.2021,0,0,Nie,Nie,Nie,Nie,d,Podstawowy,6260
1,6,26.07.2021,4266,488,Tak,Nie,Nie,Nie,c,Podstawowy,1270
2,6,26.07.2021,2243,316,Tak,Nie,Nie,Nie,a,Podstawowy,570
3,6,26.07.2021,4132,449,Tak,Nie,Nie,Nie,a,Podstawowy,14130
4,6,26.07.2021,8805,1170,Tak,Nie,Nie,Nie,c,Rozszerzony,620
5,6,26.07.2021,2200,236,Tak,Nie,Nie,Nie,a,Podstawowy,29910
6,6,26.07.2021,2771,312,Tak,Nie,Nie,Nie,a,Podstawowy,310
7,6,26.07.2021,6671,746,Tak,Nie,Nie,Nie,a,Rozszerzony,24000
8,6,26.07.2021,2656,371,Tak,Nie,Nie,Nie,a,Podstawowy,7520
9,6,26.07.2021,5131,488,Tak,Nie,Nie,Nie,a,Rozszerzony,2030
10,6,26.07.2021,5429,539,Tak,Nie,Nie,Nie,a,Podstawowy,3160
11,6,26.07.2021,4782,714,Tak,Nie,Nie,Nie,a,Rozszerzony,960
12,6,26.07.2021,5992,757,Tak,Nie,Nie,Nie,a,Rozszerzony,1070
14,6,26.07.2021,3143,373,Tak,Nie,Nie,Nie,a,Podstawowy,1300
15,6,26.07.2021,5174,585,Tak,Nie,Nie,Nie,d,Rozszerzony,4110
16,6,26.07.2021,5375,526,Tak,Nie,Nie,Nie,a,Rozszerzony,3270
17,6,26.07.2021,2133,307,Tak,Nie,Nie,Nie,a,Podstawowy,50
18,6,26.07.2021,3968,444,Tak,Nie,Nie,Nie,d,Rozszerzony,13840
19,6,26.07.2021,3463,343,Tak,Nie,Nie,Nie,a,Rozszerzony,3240
21,6,26.07.2021,5659,519,Tak,Nie,Nie,Nie,c,Rozszerzony,550
23,6,26.07.2021,4123,391,Tak,Nie,Nie,Nie,d,Podstawowy,4060
24,6,26.07.2021,6687,614,Tak,Nie,Nie,Nie,a,Rozszerzony,4590
25,6,26.07.2021,7445,1107,Tak,Nie,Nie,Nie,c,Podstawowy,430
26,6,26.07.2021,5108,458,Tak,Nie,Nie,Nie,d,Podstawowy,2300
27,6,26.07.2021,6496,801,Tak,Nie,Nie,Nie,a,Podstawowy,60
28,6,26.07.2021,2150,264,Tak,Nie,Nie,Nie,a,Podstawowy,1200
29,6,26.07.2021,6627,598,Tak,Nie,Nie,Nie,d,Rozszerzony,2170
30,6,26.07.2021,4019,627,Tak,Nie,Nie,Nie,a,Podstawowy,40
31,6,26.07.2021,4608,531,Tak,Nie,Nie,Nie,d,Rozszerzony,9800
33,6,26.07.2021,7748,795,Tak,Nie,Nie,Nie,a,Rozszerzony,1320
34,6,26.07.2021,7269,802,Tak,Nie,Nie,Nie,c,Podstawowy,2240
35,6,26.07.2021,6734,566,Tak,Nie,Nie,Nie,d,Rozszerzony,7660
37,6,26.07.2021,6581,759,Tak,Nie,Nie,Nie,c,Podstawowy,4230
38,6,26.07.2021,5725,534,Tak,Nie,Nie,Nie,d,Podstawowy,1090
39,6,26.07.2021,3326,422,Tak,Nie,Nie,Nie,a,Podstawowy,260
40,6,26.07.2021,5421,756,Tak,Nie,Nie,Nie,a,Podstawowy,180
42,6,26.07.2021,6985,834,Tak,Nie,Nie,Nie,a,Rozszerzony,290
43,6,26.07.2021,4202,390,Tak,Nie,Nie,Nie,d,Podstawowy,4880
44,6,26.07.2021,3464,415,Tak,Nie,Nie,Nie,a,Podstawowy,540
45,6,26.07.2021,5627,432,Tak,Nie,Nie,Nie,d,Podstawowy,9710
47,6,26.07.2021,5282,676,Tak,Nie,Nie,Nie,a,Rozszerzony,270
48,6,26.07.2021,2115,244,Tak,Nie,Nie,Nie,a,Podstawowy,1060
49,6,26.07.2021,7394,576,Tak,Nie,Nie,Nie,d,Rozszerzony,18010
50,6,26.07.2021,4178,352,Tak,Nie,Nie,Nie,d,Podstawowy,6260
1,5,25.07.2021,3858,461,Tak,Nie,Nie,Nie,c,Podstawowy,1270
2,5,25.07.2021,3956,500,Tak,Nie,Nie,Tak,a,Podstawowy,570
3,5,25.07.2021,4346,562,Tak,Nie,Nie,Tak,a,Podstawowy,14130
4,5,25.07.2021,7655,1046,Tak,Nie,Nie,Tak,c,Rozszerzony,620
5,5,25.07.2021,3747,500,Tak,Nie,Nie,Tak,a,Podstawowy,29910
6,5,25.07.2021,4128,521,Tak,Nie,Nie,Tak,a,Podstawowy,310
7,5,25.07.2021,9406,1154,Tak,Nie,Nie,Tak,a,Rozszerzony,24000
8,5,25.07.2021,3959,493,Tak,Nie,Nie,Tak,a,Podstawowy,7520
9,5,25.07.2021,5176,518,Tak,Nie,Nie,Tak,a,Rozszerzony,2030
10,5,25.07.2021,5027,572,Tak,Nie,Nie,Nie,a,Podstawowy,3160
11,5,25.07.2021,5942,960,Tak,Nie,Nie,Tak,a,Rozszerzony,960
12,5,25.07.2021,6020,753,Tak,Nie,Nie,Tak,a,Rozszerzony,1070
14,5,25.07.2021,4646,582,Tak,Nie,Nie,Tak,a,Podstawowy,1300
15,5,25.07.2021,5524,593,Tak,Nie,Nie,Tak,d,Rozszerzony,4110
16,5,25.07.2021,7257,813,Tak,Nie,Nie,Nie,a,Rozszerzony,3270
17,5,25.07.2021,4817,662,Tak,Nie,Nie,Tak,a,Podstawowy,50
18,5,25.07.2021,6367,738,Tak,Nie,Nie,Tak,d,Rozszerzony,13840
19,5,25.07.2021,5651,542,Tak,Nie,Nie,Tak,a,Rozszerzony,3240
21,5,25.07.2021,4009,425,Tak,Nie,Nie,Nie,c,Rozszerzony,550
23,5,25.07.2021,4980,464,Tak,Nie,Nie,Nie,d,Podstawowy,4060
24,5,25.07.2021,8014,747,Tak,Nie,Nie,Tak,a,Rozszerzony,4590
25,5,25.07.2021,8014,1193,Tak,Nie,Nie,Tak,c,Podstawowy,430
26,5,25.07.2021,5445,518,Tak,Nie,Nie,Tak,d,Podstawowy,2300
27,5,25.07.2021,6447,803,Tak,Nie,Nie,Tak,a,Podstawowy,60
28,5,25.07.2021,4406,556,Tak,Nie,Nie,Tak,a,Podstawowy,1200
29,5,25.07.2021,5770,564,Tak,Nie,Nie,Tak,d,Rozszerzony,2170
30,5,25.07.2021,3676,534,Tak,Nie,Nie,Tak,a,Podstawowy,40
31,5,25.07.2021,5385,562,Tak,Nie,Nie,Tak,d,Rozszerzony,9800
33,5,25.07.2021,7269,745,Tak,Nie,Nie,Tak,a,Rozszerzony,1320
34,5,25.07.2021,8213,801,Tak,Nie,Nie,Tak,c,Podstawowy,2240
35,5,25.07.2021,8731,629,Tak,Nie,Nie,Tak,d,Rozszerzony,7660
37,5,25.07.2021,6318,761,Tak,Nie,Nie,Tak,c,Podstawowy,4230
38,5,25.07.2021,4687,471,Tak,Nie,Nie,Tak,d,Podstawowy,1090
39,5,25.07.2021,3166,448,Tak,Nie,Nie,Tak,a,Podstawowy,260
40,5,25.07.2021,4127,580,Tak,Nie,Nie,Tak,a,Podstawowy,180
42,5,25.07.2021,7992,858,Tak,Nie,Nie,Tak,a,Rozszerzony,290
43,5,25.07.2021,6049,543,Tak,Nie,Nie,Tak,d,Podstawowy,4880
44,5,25.07.2021,4219,544,Tak,Nie,Nie,Tak,a,Podstawowy,540
45,5,25.07.2021,4463,357,Tak,Nie,Nie,Nie,d,Podstawowy,9710
47,5,25.07.2021,4841,710,Tak,Nie,Nie,Tak,a,Rozszerzony,270
48,5,25.07.2021,2504,315,Tak,Nie,Nie,Tak,a,Podstawowy,1060
49,5,25.07.2021,6323,491,Tak,Nie,Nie,Nie,d,Rozszerzony,18010
50,5,25.07.2021,3433,298,Tak,Nie,Nie,Nie,d,Podstawowy,6260
1,4,24.07.2021,3557,494,Tak,Nie,Nie,Nie,c,Podstawowy,1270
2,4,24.07.2021,3886,510,Tak,Nie,Nie,Tak,a,Podstawowy,570
3,4,24.07.2021,5139,603,Tak,Nie,Nie,Tak,a,Podstawowy,14130
4,4,24.07.2021,7355,1034,Tak,Nie,Nie,Tak,c,Rozszerzony,620
5,4,24.07.2021,3425,454,Tak,Nie,Nie,Tak,a,Podstawowy,29910
6,4,24.07.2021,4230,498,Tak,Nie,Nie,Tak,a,Podstawowy,310
7,4,24.07.2021,8219,957,Tak,Nie,Nie,Tak,a,Rozszerzony,24000
8,4,24.07.2021,4357,640,Tak,Nie,Nie,Tak,a,Podstawowy,7520
9,4,24.07.2021,6086,526,Tak,Nie,Nie,Tak,a,Rozszerzony,2030
10,4,24.07.2021,4833,563,Tak,Nie,Nie,Nie,a,Podstawowy,3160
11,4,24.07.2021,6543,1009,Tak,Nie,Nie,Tak,a,Rozszerzony,960
12,4,24.07.2021,5182,758,Tak,Nie,Nie,Tak,a,Rozszerzony,1070
14,4,24.07.2021,4780,555,Tak,Nie,Nie,Tak,a,Podstawowy,1300
15,4,24.07.2021,4784,550,Tak,Nie,Nie,Tak,d,Rozszerzony,4110
16,4,24.07.2021,7043,844,Tak,Nie,Nie,Nie,a,Rozszerzony,3270
17,4,24.07.2021,4934,719,Tak,Nie,Nie,Tak,a,Podstawowy,50
18,4,24.07.2021,5721,610,Tak,Nie,Nie,Tak,d,Rozszerzony,13840
19,4,24.07.2021,5170,547,Tak,Nie,Nie,Tak,a,Rozszerzony,3240
21,4,24.07.2021,3810,421,Tak,Nie,Nie,Nie,c,Rozszerzony,550
23,4,24.07.2021,5057,475,Tak,Nie,Nie,Nie,d,Podstawowy,4060
24,4,24.07.2021,7448,706,Tak,Nie,Nie,Tak,a,Rozszerzony,4590
25,4,24.07.2021,8768,1223,Tak,Nie,Nie,Tak,c,Podstawowy,430
26,4,24.07.2021,5338,477,Tak,Nie,Nie,Tak,d,Podstawowy,2300
27,4,24.07.2021,6275,869,Tak,Nie,Nie,Tak,a,Podstawowy,60
28,4,24.07.2021,5079,599,Tak,Nie,Nie,Tak,a,Podstawowy,1200
29,4,24.07.2021,5706,569,Tak,Nie,Nie,Tak,d,Rozszerzony,2170
30,4,24.07.2021,3876,603,Tak,Nie,Nie,Tak,a,Podstawowy,40
31,4,24.07.2021,4283,469,Tak,Nie,Nie,Tak,d,Rozszerzony,9800
33,4,24.07.2021,6083,625,Tak,Nie,Nie,Tak,a,Rozszerzony,1320
34,4,24.07.2021,5514,764,Tak,Nie,Nie,Tak,c,Podstawowy,2240
35,4,24.07.2021,7333,633,Tak,Nie,Nie,Tak,d,Rozszerzony,7660
37,4,24.07.2021,5710,680,Tak,Nie,Nie,Tak,c,Podstawowy,4230
38,4,24.07.2021,3794,365,Tak,Nie,Nie,Tak,d,Podstawowy,1090
39,4,24.07.2021,3483,491,Tak,Nie,Nie,Tak,a,Podstawowy,260
40,4,24.07.2021,4359,653,Tak,Nie,Nie,Tak,a,Podstawowy,180
42,4,24.07.2021,7497,871,Tak,Nie,Nie,Tak,a,Rozszerzony,290
43,4,24.07.2021,4942,480,Tak,Nie,Nie,Tak,d,Podstawowy,4880
44,4,24.07.2021,4127,545,Tak,Nie,Nie,Tak,a,Podstawowy,540
45,4,24.07.2021,4422,386,Tak,Nie,Nie,Nie,d,Podstawowy,9710
47,4,24.07.2021,4911,673,Tak,Nie,Nie,Tak,a,Rozszerzony,270
48,4,24.07.2021,2437,295,Tak,Nie,Nie,Tak,a,Podstawowy,1060
49,4,24.07.2021,6220,482,Tak,Nie,Nie,Nie,d,Rozszerzony,18010
50,4,24.07.2021,3183,283,Tak,Nie,Nie,Nie,d,Podstawowy,6260
1,3,23.07.2021,3806,476,Tak,Nie,Nie,Nie,c,Podstawowy,1270
2,3,23.07.2021,5152,705,Tak,Nie,Nie,Tak,a,Podstawowy,570
3,3,23.07.2021,5553,643,Tak,Nie,Nie,Tak,a,Podstawowy,14130
4,3,23.07.2021,6514,950,Tak,Nie,Nie,Tak,c,Rozszerzony,620
5,3,23.07.2021,4276,592,Tak,Nie,Nie,Tak,a,Podstawowy,29910
6,3,23.07.2021,4275,513,Tak,Nie,Nie,Tak,a,Podstawowy,310
7,3,23.07.2021,8880,970,Tak,Nie,Nie,Tak,a,Rozszerzony,24000
8,3,23.07.2021,3557,491,Tak,Nie,Nie,Tak,a,Podstawowy,7520
9,3,23.07.2021,5076,507,Tak,Nie,Nie,Tak,a,Rozszerzony,2030
10,3,23.07.2021,5096,576,Tak,Nie,Nie,Nie,a,Podstawowy,3160
11,3,23.07.2021,7405,1086,Tak,Nie,Nie,Tak,a,Rozszerzony,960
12,3,23.07.2021,5469,745,Tak,Nie,Nie,Tak,a,Rozszerzony,1070
14,3,23.07.2021,4262,508,Tak,Nie,Nie,Tak,a,Podstawowy,1300
15,3,23.07.2021,5136,540,Tak,Nie,Nie,Tak,d,Rozszerzony,4110
16,3,23.07.2021,7342,873,Tak,Nie,Nie,Nie,a,Rozszerzony,3270
17,3,23.07.2021,5215,753,Tak,Nie,Nie,Tak,a,Podstawowy,50
18,3,23.07.2021,5844,674,Tak,Nie,Nie,Tak,d,Rozszerzony,13840
19,3,23.07.2021,4824,519,Tak,Nie,Nie,Tak,a,Rozszerzony,3240
21,3,23.07.2021,4552,417,Tak,Nie,Nie,Nie,c,Rozszerzony,550
23,3,23.07.2021,4194,406,Tak,Nie,Nie,Nie,d,Podstawowy,4060
24,3,23.07.2021,6911,655,Tak,Nie,Nie,Tak,a,Rozszerzony,4590
25,3,23.07.2021,7141,1117,Tak,Nie,Nie,Tak,c,Podstawowy,430
26,3,23.07.2021,4218,405,Tak,Nie,Nie,Tak,d,Podstawowy,2300
27,3,23.07.2021,6781,878,Tak,Nie,Nie,Tak,a,Podstawowy,60
28,3,23.07.2021,4288,507,Tak,Nie,Nie,Tak,a,Podstawowy,1200
29,3,23.07.2021,5235,488,Tak,Nie,Nie,Tak,d,Rozszerzony,2170
30,3,23.07.2021,3186,476,Tak,Nie,Nie,Tak,a,Podstawowy,40
31,3,23.07.2021,4747,478,Tak,Nie,Nie,Tak,d,Rozszerzony,9800
33,3,23.07.2021,5646,619,Tak,Nie,Nie,Tak,a,Rozszerzony,1320
34,3,23.07.2021,5756,767,Tak,Nie,Nie,Tak,c,Podstawowy,2240
35,3,23.07.2021,7320,585,Tak,Nie,Nie,Tak,d,Rozszerzony,7660
37,3,23.07.2021,4908,569,Tak,Nie,Nie,Tak,c,Podstawowy,4230
38,3,23.07.2021,3693,348,Tak,Nie,Nie,Tak,d,Podstawowy,1090
39,3,23.07.2021,4062,548,Tak,Nie,Nie,Tak,a,Podstawowy,260
40,3,23.07.2021,4035,597,Tak,Nie,Nie,Tak,a,Podstawowy,180
42,3,23.07.2021,8331,1034,Tak,Nie,Nie,Tak,a,Rozszerzony,290
43,3,23.07.2021,5468,502,Tak,Nie,Nie,Tak,d,Podstawowy,4880
44,3,23.07.2021,4486,532,Tak,Nie,Nie,Tak,a,Podstawowy,540
45,3,23.07.2021,4033,309,Tak,Nie,Nie,Nie,d,Podstawowy,9710
47,3,23.07.2021,5975,869,Tak,Nie,Nie,Tak,a,Rozszerzony,270
48,3,23.07.2021,2818,327,Tak,Nie,Nie,Tak,a,Podstawowy,1060
49,3,23.07.2021,5709,422,Tak,Nie,Nie,Nie,d,Rozszerzony,18010
50,3,23.07.2021,3000,281,Tak,Nie,Nie,Nie,d,Podstawowy,6260
1,2,22.07.2021,3933,495,Tak,Nie,Nie,Nie,c,Podstawowy,1270
2,2,22.07.2021,4509,566,Tak,Nie,Nie,Tak,a,Podstawowy,570
3,2,22.07.2021,6267,675,Tak,Nie,Nie,Tak,a,Podstawowy,14130
4,2,22.07.2021,7589,1076,Tak,Nie,Nie,Tak,c,Rozszerzony,620
5,2,22.07.2021,3537,458,Tak,Nie,Nie,Tak,a,Podstawowy,29910
6,2,22.07.2021,4238,537,Tak,Nie,Nie,Tak,a,Podstawowy,310
7,2,22.07.2021,10015,1177,Tak,Nie,Nie,Tak,a,Rozszerzony,24000
8,2,22.07.2021,3884,578,Tak,Nie,Nie,Tak,a,Podstawowy,7520
9,2,22.07.2021,5982,534,Tak,Nie,Nie,Tak,a,Rozszerzony,2030
10,2,22.07.2021,4632,533,Tak,Nie,Nie,Nie,a,Podstawowy,3160
11,2,22.07.2021,6367,1008,Tak,Nie,Nie,Tak,a,Rozszerzony,960
12,2,22.07.2021,5077,742,Tak,Nie,Nie,Tak,a,Rozszerzony,1070
14,2,22.07.2021,4910,592,Tak,Nie,Nie,Tak,a,Podstawowy,1300
15,2,22.07.2021,4702,545,Tak,Nie,Nie,Tak,d,Rozszerzony,4110
16,2,22.07.2021,6849,798,Tak,Nie,Nie,Nie,a,Rozszerzony,3270
17,2,22.07.2021,5412,755,Tak,Nie,Nie,Tak,a,Podstawowy,50
18,2,22.07.2021,5545,598,Tak,Nie,Nie,Tak,d,Rozszerzony,13840
19,2,22.07.2021,5551,569,Tak,Nie,Nie,Tak,a,Rozszerzony,3240
21,2,22.07.2021,3736,378,Tak,Nie,Nie,Nie,c,Rozszerzony,550
23,2,22.07.2021,4090,389,Tak,Nie,Nie,Nie,d,Podstawowy,4060
24,2,22.07.2021,7704,721,Tak,Nie,Nie,Tak,a,Rozszerzony,4590
25,2,22.07.2021,8553,1324,Tak,Nie,Nie,Tak,c,Podstawowy,430
26,2,22.07.2021,4934,437,Tak,Nie,Nie,Tak,d,Podstawowy,2300
27,2,22.07.2021,8287,1005,Tak,Nie,Nie,Tak,a,Podstawowy,60
28,2,22.07.2021,4498,523,Tak,Nie,Nie,Tak,a,Podstawowy,1200
29,2,22.07.2021,5608,532,Tak,Nie,Nie,Tak,d,Rozszerzony,2170
30,2,22.07.2021,4148,666,Tak,Nie,Nie,Tak,a,Podstawowy,40
31,2,22.07.2021,4467,485,Tak,Nie,Nie,Tak,d,Rozszerzony,9800
33,2,22.07.2021,6293,673,Tak,Nie,Nie,Tak,a,Rozszerzony,1320
34,2,22.07.2021,6401,826,Tak,Nie,Nie,Tak,c,Podstawowy,2240
35,2,22.07.2021,7191,582,Tak,Nie,Nie,Tak,d,Rozszerzony,7660
37,2,22.07.2021,4608,555,Tak,Nie,Nie,Tak,c,Podstawowy,4230
38,2,22.07.2021,3942,393,Tak,Nie,Nie,Tak,d,Podstawowy,1090
39,2,22.07.2021,3694,516,Tak,Nie,Nie,Tak,a,Podstawowy,260
40,2,22.07.2021,5467,742,Tak,Nie,Nie,Tak,a,Podstawowy,180
42,2,22.07.2021,8844,993,Tak,Nie,Nie,Tak,a,Rozszerzony,290
43,2,22.07.2021,5951,564,Tak,Nie,Nie,Tak,d,Podstawowy,4880
44,2,22.07.2021,4326,573,Tak,Nie,Nie,Tak,a,Podstawowy,540
45,2,22.07.2021,3494,323,Tak,Nie,Nie,Nie,d,Podstawowy,9710
47,2,22.07.2021,5605,762,Tak,Nie,Nie,Tak,a,Rozszerzony,270
48,2,22.07.2021,3106,328,Tak,Nie,Nie,Tak,a,Podstawowy,1060
49,2,22.07.2021,5638,475,Tak,Nie,Nie,Nie,d,Rozszerzony,18010
50,2,22.07.2021,2902,271,Tak,Nie,Nie,Nie,d,Podstawowy,6260
1,1,21.07.2021,4507,528,Tak,Nie,Nie,Nie,c,Podstawowy,1270
2,1,21.07.2021,3802,494,Tak,Nie,Nie,Tak,a,Podstawowy,570
3,1,21.07.2021,5884,652,Tak,Nie,Nie,Tak,a,Podstawowy,14130
4,1,21.07.2021,8649,1242,Tak,Nie,Nie,Tak,c,Rozszerzony,620
5,1,21.07.2021,3753,486,Tak,Nie,Nie,Tak,a,Podstawowy,29910
6,1,21.07.2021,4296,578,Tak,Nie,Nie,Tak,a,Podstawowy,310
7,1,21.07.2021,10712,1204,Tak,Nie,Nie,Tak,a,Rozszerzony,24000
8,1,21.07.2021,5180,635,Tak,Nie,Nie,Tak,a,Podstawowy,7520
9,1,21.07.2021,5713,508,Tak,Nie,Nie,Tak,a,Rozszerzony,2030
10,1,21.07.2021,5703,620,Tak,Nie,Nie,Nie,a,Podstawowy,3160
11,1,21.07.2021,7493,1105,Tak,Nie,Nie,Tak,a,Rozszerzony,960
12,1,21.07.2021,6561,854,Tak,Nie,Nie,Tak,a,Rozszerzony,1070
14,1,21.07.2021,4305,543,Tak,Nie,Nie,Tak,a,Podstawowy,1300
15,1,21.07.2021,5240,646,Tak,Nie,Nie,Tak,d,Rozszerzony,4110
16,1,21.07.2021,7670,887,Tak,Nie,Nie,Nie,a,Rozszerzony,3270
17,1,21.07.2021,5841,756,Tak,Nie,Nie,Tak,a,Podstawowy,50
18,1,21.07.2021,5864,663,Tak,Nie,Nie,Tak,d,Rozszerzony,13840
19,1,21.07.2021,4899,504,Tak,Nie,Nie,Tak,a,Rozszerzony,3240
21,1,21.07.2021,4481,485,Tak,Nie,Nie,Nie,c,Rozszerzony,550
23,1,21.07.2021,5164,481,Tak,Nie,Nie,Nie,d,Podstawowy,4060
24,1,21.07.2021,7174,667,Tak,Nie,Nie,Tak,a,Rozszerzony,4590
25,1,21.07.2021,9646,1376,Tak,Nie,Nie,Tak,c,Podstawowy,430
26,1,21.07.2021,5345,490,Tak,Nie,Nie,Tak,d,Podstawowy,2300
27,1,21.07.2021,7488,916,Tak,Nie,Nie,Tak,a,Podstawowy,60
28,1,21.07.2021,4581,547,Tak,Nie,Nie,Tak,a,Podstawowy,1200
29,1,21.07.2021,6562,556,Tak,Nie,Nie,Tak,d,Rozszerzony,2170
30,1,21.07.2021,2858,492,Tak,Nie,Nie,Tak,a,Podstawowy,40
31,1,21.07.2021,4750,513,Tak,Nie,Nie,Tak,d,Rozszerzony,9800
33,1,21.07.2021,6925,705,Tak,Nie,Nie,Tak,a,Rozszerzony,1320
34,1,21.07.2021,7035,936,Tak,Nie,Nie,Tak,c,Podstawowy,2240
35,1,21.07.2021,8844,680,Tak,Nie,Nie,Tak,d,Rozszerzony,7660
37,1,21.07.2021,5218,583,Tak,Nie,Nie,Tak,c,Podstawowy,4230
38,1,21.07.2021,4378,423,Tak,Nie,Nie,Tak,d,Podstawowy,1090
39,1,21.07.2021,3468,495,Tak,Nie,Nie,Tak,a,Podstawowy,260
40,1,21.07.2021,6735,750,Tak,Nie,Nie,Tak,a,Podstawowy,180
42,1,21.07.2021,7340,801,Tak,Nie,Nie,Tak,a,Rozszerzony,290
43,1,21.07.2021,5697,534,Tak,Nie,Nie,Tak,d,Podstawowy,4880
44,1,21.07.2021,4633,589,Tak,Nie,Nie,Tak,a,Podstawowy,540
45,1,21.07.2021,4611,363,Tak,Nie,Nie,Nie,d,Podstawowy,9710
47,1,21.07.2021,6349,802,Tak,Nie,Nie,Tak,a,Rozszerzony,270
48,1,21.07.2021,3213,349,Tak,Nie,Nie,Tak,a,Podstawowy,1060
49,1,21.07.2021,6014,470,Tak,Nie,Nie,Nie,d,Rozszerzony,18010
50,1,21.07.2021,3671,340,Tak,Nie,Nie,Nie,d,Podstawowy,6260
1,7,20.07.2021,0,0,Nie,Nie,Nie,Nie,c,Podstawowy,1270
2,7,20.07.2021,0,0,Nie,Nie,Nie,Nie,a,Podstawowy,570
3,7,20.07.2021,0,0,Nie,Nie,Nie,Nie,a,Podstawowy,14130
4,7,20.07.2021,0,0,Nie,Nie,Nie,Nie,c,Rozszerzony,620
5,7,20.07.2021,0,0,Nie,Nie,Nie,Nie,a,Podstawowy,29910
6,7,20.07.2021,0,0,Nie,Nie,Nie,Nie,a,Podstawowy,310
7,7,20.07.2021,0,0,Nie,Nie,Nie,Nie,a,Rozszerzony,24000
8,7,20.07.2021,0,0,Nie,Nie,Nie,Nie,a,Podstawowy,7520
9,7,20.07.2021,0,0,Nie,Nie,Nie,Nie,a,Rozszerzony,2030
10,7,20.07.2021,0,0,Nie,Nie,Nie,Nie,a,Podstawowy,3160
11,7,20.07.2021,0,0,Nie,Nie,Nie,Nie,a,Rozszerzony,960
12,7,20.07.2021,0,0,Nie,Nie,Nie,Nie,a,Rozszerzony,1070
14,7,20.07.2021,0,0,Nie,Nie,Nie,Nie,a,Podstawowy,1300
15,7,20.07.2021,0,0,Nie,Nie,Nie,Nie,d,Rozszerzony,4110
16,7,20.07.2021,0,0,Nie,Nie,Nie,Nie,a,Rozszerzony,3270
17,7,20.07.2021,0,0,Nie,Nie,Nie,Nie,a,Podstawowy,50
18,7,20.07.2021,0,0,Nie,Nie,Nie,Nie,d,Rozszerzony,13840
19,7,20.07.2021,0,0,Nie,Nie,Nie,Nie,a,Rozszerzony,3240
21,7,20.07.2021,0,0,Nie,Nie,Nie,Nie,c,Rozszerzony,550
23,7,20.07.2021,0,0,Nie,Nie,Nie,Nie,d,Podstawowy,4060
24,7,20.07.2021,0,0,Nie,Nie,Nie,Nie,a,Rozszerzony,4590
25,7,20.07.2021,0,0,Nie,Nie,Nie,Nie,c,Podstawowy,430
26,7,20.07.2021,0,0,Nie,Nie,Nie,Nie,d,Podstawowy,2300
27,7,20.07.2021,0,0,Nie,Nie,Nie,Nie,a,Podstawowy,60
28,7,20.07.2021,0,0,Nie,Nie,Nie,Nie,a,Podstawowy,1200
29,7,20.07.2021,0,0,Nie,Nie,Nie,Nie,d,Rozszerzony,2170
30,7,20.07.2021,0,0,Nie,Nie,Nie,Nie,a,Podstawowy,40
31,7,20.07.2021,0,0,Nie,Nie,Nie,Nie,d,Rozszerzony,9800
33,7,20.07.2021,0,0,Nie,Nie,Nie,Nie,a,Rozszerzony,1320
34,7,20.07.2021,0,0,Nie,Nie,Nie,Nie,c,Podstawowy,2240
35,7,20.07.2021,0,0,Nie,Nie,Nie,Nie,d,Rozszerzony,7660
37,7,20.07.2021,0,0,Nie,Nie,Nie,Nie,c,Podstawowy,4230
38,7,20.07.2021,0,0,Nie,Nie,Nie,Nie,d,Podstawowy,1090
39,7,20.07.2021,0,0,Nie,Nie,Nie,Nie,a,Podstawowy,260
40,7,20.07.2021,0,0,Nie,Nie,Nie,Nie,a,Podstawowy,180
42,7,20.07.2021,0,0,Nie,Nie,Nie,Nie,a,Rozszerzony,290
43,7,20.07.2021,0,0,Nie,Nie,Nie,Nie,d,Podstawowy,4880
44,7,20.07.2021,0,0,Nie,Nie,Nie,Nie,a,Podstawowy,540
45,7,20.07.2021,0,0,Nie,Nie,Nie,Nie,d,Podstawowy,9710
47,7,20.07.2021,0,0,Nie,Nie,Nie,Nie,a,Rozszerzony,270
48,7,20.07.2021,0,0,Nie,Nie,Nie,Nie,a,Podstawowy,1060
49,7,20.07.2021,0,0,Nie,Nie,Nie,Nie,d,Rozszerzony,18010
50,7,20.07.2021,0,0,Nie,Nie,Nie,Nie,d,Podstawowy,6260
1,6,19.07.2021,4084,477,Tak,Nie,Nie,Nie,c,Podstawowy,1270
2,6,19.07.2021,3009,339,Tak,Nie,Nie,Nie,a,Podstawowy,570
3,6,19.07.2021,3251,394,Tak,Nie,Nie,Nie,a,Podstawowy,14130
4,6,19.07.2021,8840,1171,Tak,Nie,Nie,Nie,c,Rozszerzony,620
5,6,19.07.2021,1897,237,Tak,Nie,Nie,Nie,a,Podstawowy,29910
6,6,19.07.2021,3327,356,Tak,Nie,Nie,Nie,a,Podstawowy,310
7,6,19.07.2021,5975,681,Tak,Nie,Nie,Nie,a,Rozszerzony,24000
8,6,19.07.2021,2445,330,Tak,Nie,Nie,Nie,a,Podstawowy,7520
9,6,19.07.2021,5494,520,Tak,Nie,Nie,Nie,a,Rozszerzony,2030
10,6,19.07.2021,4682,496,Tak,Nie,Nie,Nie,a,Podstawowy,3160
11,6,19.07.2021,4712,789,Tak,Nie,Nie,Nie,a,Rozszerzony,960
12,6,19.07.2021,4888,664,Tak,Nie,Nie,Nie,a,Rozszerzony,1070
14,6,19.07.2021,3565,421,Tak,Nie,Nie,Nie,a,Podstawowy,1300
15,6,19.07.2021,4833,552,Tak,Nie,Nie,Nie,d,Rozszerzony,4110
16,6,19.07.2021,5271,568,Tak,Nie,Nie,Nie,a,Rozszerzony,3270
17,6,19.07.2021,2624,368,Tak,Nie,Nie,Nie,a,Podstawowy,50
18,6,19.07.2021,4175,474,Tak,Nie,Nie,Nie,d,Rozszerzony,13840
19,6,19.07.2021,4039,356,Tak,Nie,Nie,Nie,a,Rozszerzony,3240
21,6,19.07.2021,4328,482,Tak,Nie,Nie,Nie,c,Rozszerzony,550
23,6,19.07.2021,4305,416,Tak,Nie,Nie,Nie,d,Podstawowy,4060
24,6,19.07.2021,5534,557,Tak,Nie,Nie,Nie,a,Rozszerzony,4590
25,6,19.07.2021,7427,1127,Tak,Nie,Nie,Nie,c,Podstawowy,430
26,6,19.07.2021,5160,448,Tak,Nie,Nie,Nie,d,Podstawowy,2300
27,6,19.07.2021,5938,712,Tak,Nie,Nie,Nie,a,Podstawowy,60
28,6,19.07.2021,2473,285,Tak,Nie,Nie,Nie,a,Podstawowy,1200
29,6,19.07.2021,5459,546,Tak,Nie,Nie,Nie,d,Rozszerzony,2170
30,6,19.07.2021,3195,522,Tak,Nie,Nie,Nie,a,Podstawowy,40
31,6,19.07.2021,5307,548,Tak,Nie,Nie,Nie,d,Rozszerzony,9800
33,6,19.07.2021,6749,723,Tak,Nie,Nie,Nie,a,Rozszerzony,1320
34,6,19.07.2021,5948,769,Tak,Nie,Nie,Nie,c,Podstawowy,2240
35,6,19.07.2021,7226,576,Tak,Nie,Nie,Nie,d,Rozszerzony,7660
37,6,19.07.2021,6497,740,Tak,Nie,Nie,Nie,c,Podstawowy,4230
38,6,19.07.2021,5651,525,Tak,Nie,Nie,Nie,d,Podstawowy,1090
39,6,19.07.2021,2517,399,Tak,Nie,Nie,Nie,a,Podstawowy,260
40,6,19.07.2021,5051,599,Tak,Nie,Nie,Nie,a,Podstawowy,180
42,6,19.07.2021,7008,786,Tak,Nie,Nie,Nie,a,Rozszerzony,290
43,6,19.07.2021,4063,358,Tak,Nie,Nie,Nie,d,Podstawowy,4880
44,6,19.07.2021,3545,416,Tak,Nie,Nie,Nie,a,Podstawowy,540
45,6,19.07.2021,5018,396,Tak,Nie,Nie,Nie,d,Podstawowy,9710
47,6,19.07.2021,4854,639,Tak,Nie,Nie,Nie,a,Rozszerzony,270
48,6,19.07.2021,2027,226,Tak,Nie,Nie,Nie,a,Podstawowy,1060
49,6,19.07.2021,7271,576,Tak,Nie,Nie,Nie,d,Rozszerzony,18010
50,6,19.07.2021,3514,324,Tak,Nie,Nie,Nie,d,Podstawowy,6260
1,5,18.07.2021,4609,506,Tak,Tak,Nie,Nie,c,Podstawowy,1270
2,5,18.07.2021,4971,550,Tak,Tak,Nie,Nie,a,Podstawowy,570
3,5,18.07.2021,6751,704,Tak,Tak,Nie,Tak,a,Podstawowy,14130
4,5,18.07.2021,9353,1268,Tak,Tak,Nie,Tak,c,Rozszerzony,620
5,5,18.07.2021,5480,603,Tak,Tak,Nie,Nie,a,Podstawowy,29910
6,5,18.07.2021,5582,630,Tak,Tak,Nie,Nie,a,Podstawowy,310
7,5,18.07.2021,10461,1178,Tak,Tak,Nie,Tak,a,Rozszerzony,24000
8,5,18.07.2021,5007,604,Tak,Tak,Nie,Tak,a,Podstawowy,7520
9,5,18.07.2021,6513,618,Tak,Tak,Nie,Tak,a,Rozszerzony,2030
10,5,18.07.2021,6424,681,Tak,Tak,Nie,Nie,a,Podstawowy,3160
11,5,18.07.2021,7083,1019,Tak,Tak,Nie,Tak,a,Rozszerzony,960
12,5,18.07.2021,7450,852,Tak,Tak,Nie,Tak,a,Rozszerzony,1070
14,5,18.07.2021,5581,621,Tak,Tak,Nie,Tak,a,Podstawowy,1300
15,5,18.07.2021,7483,704,Tak,Tak,Nie,Tak,d,Rozszerzony,4110
16,5,18.07.2021,7770,952,Tak,Tak,Nie,Nie,a,Rozszerzony,3270
17,5,18.07.2021,6303,819,Tak,Tak,Nie,Nie,a,Podstawowy,50
18,5,18.07.2021,7482,835,Tak,Tak,Nie,Nie,d,Rozszerzony,13840
19,5,18.07.2021,6332,589,Tak,Tak,Nie,Tak,a,Rozszerzony,3240
21,5,18.07.2021,6357,574,Tak,Tak,Nie,Nie,c,Rozszerzony,550
23,5,18.07.2021,6328,527,Tak,Tak,Nie,Nie,d,Podstawowy,4060
24,5,18.07.2021,9621,805,Tak,Tak,Nie,Tak,a,Rozszerzony,4590
25,5,18.07.2021,10165,1445,Tak,Tak,Nie,Tak,c,Podstawowy,430
26,5,18.07.2021,7007,590,Tak,Tak,Nie,Nie,d,Podstawowy,2300
27,5,18.07.2021,9295,1034,Tak,Tak,Nie,Tak,a,Podstawowy,60
28,5,18.07.2021,5769,619,Tak,Tak,Nie,Nie,a,Podstawowy,1200
29,5,18.07.2021,7053,646,Tak,Tak,Nie,Tak,d,Rozszerzony,2170
30,5,18.07.2021,3800,593,Tak,Tak,Nie,Tak,a,Podstawowy,40
31,5,18.07.2021,6344,608,Tak,Tak,Nie,Tak,d,Rozszerzony,9800
33,5,18.07.2021,7776,780,Tak,Tak,Nie,Tak,a,Rozszerzony,1320
34,5,18.07.2021,7954,966,Tak,Tak,Nie,Tak,c,Podstawowy,2240
35,5,18.07.2021,10032,730,Tak,Tak,Nie,Tak,d,Rozszerzony,7660
37,5,18.07.2021,7888,807,Tak,Tak,Nie,Nie,c,Podstawowy,4230
38,5,18.07.2021,6229,503,Tak,Tak,Nie,Tak,d,Podstawowy,1090
39,5,18.07.2021,4523,567,Tak,Tak,Nie,Tak,a,Podstawowy,260
40,5,18.07.2021,5301,660,Tak,Tak,Nie,Tak,a,Podstawowy,180
42,5,18.07.2021,9477,997,Tak,Tak,Nie,Tak,a,Rozszerzony,290
43,5,18.07.2021,7264,604,Tak,Tak,Nie,Tak,d,Podstawowy,4880
44,5,18.07.2021,6011,665,Tak,Tak,Nie,Tak,a,Podstawowy,540
45,5,18.07.2021,5759,404,Tak,Tak,Nie,Nie,d,Podstawowy,9710
47,5,18.07.2021,7105,856,Tak,Tak,Nie,Tak,a,Rozszerzony,270
48,5,18.07.2021,3274,363,Tak,Tak,Nie,Tak,a,Podstawowy,1060
49,5,18.07.2021,8205,559,Tak,Tak,Nie,Nie,d,Rozszerzony,18010
50,5,18.07.2021,4664,350,Tak,Tak,Nie,Nie,d,Podstawowy,6260
1,4,17.07.2021,4685,525,Tak,Tak,Nie,Nie,c,Podstawowy,1270
2,4,17.07.2021,5315,600,Tak,Tak,Nie,Nie,a,Podstawowy,570
3,4,17.07.2021,7874,808,Tak,Tak,Nie,Tak,a,Podstawowy,14130
4,4,17.07.2021,10045,1295,Tak,Tak,Nie,Tak,c,Rozszerzony,620
5,4,17.07.2021,5421,598,Tak,Tak,Nie,Nie,a,Podstawowy,29910
6,4,17.07.2021,5440,620,Tak,Tak,Nie,Nie,a,Podstawowy,310
7,4,17.07.2021,8914,1010,Tak,Tak,Nie,Tak,a,Rozszerzony,24000
8,4,17.07.2021,7147,837,Tak,Tak,Nie,Tak,a,Podstawowy,7520
9,4,17.07.2021,7173,619,Tak,Tak,Nie,Tak,a,Rozszerzony,2030
10,4,17.07.2021,6070,653,Tak,Tak,Nie,Nie,a,Podstawowy,3160
11,4,17.07.2021,7915,1119,Tak,Tak,Nie,Tak,a,Rozszerzony,960
12,4,17.07.2021,8322,960,Tak,Tak,Nie,Tak,a,Rozszerzony,1070
14,4,17.07.2021,5621,642,Tak,Tak,Nie,Tak,a,Podstawowy,1300
15,4,17.07.2021,6535,657,Tak,Tak,Nie,Tak,d,Rozszerzony,4110
16,4,17.07.2021,8096,930,Tak,Tak,Nie,Nie,a,Rozszerzony,3270
17,4,17.07.2021,7451,899,Tak,Tak,Nie,Nie,a,Podstawowy,50
18,4,17.07.2021,7034,714,Tak,Tak,Nie,Nie,d,Rozszerzony,13840
19,4,17.07.2021,7419,639,Tak,Tak,Nie,Tak,a,Rozszerzony,3240
21,4,17.07.2021,6157,567,Tak,Tak,Nie,Nie,c,Rozszerzony,550
23,4,17.07.2021,6271,533,Tak,Tak,Nie,Nie,d,Podstawowy,4060
24,4,17.07.2021,8971,788,Tak,Tak,Nie,Tak,a,Rozszerzony,4590
25,4,17.07.2021,11722,1527,Tak,Tak,Nie,Tak,c,Podstawowy,430
26,4,17.07.2021,7676,605,Tak,Tak,Nie,Nie,d,Podstawowy,2300
27,4,17.07.2021,10288,1142,Tak,Tak,Nie,Tak,a,Podstawowy,60
28,4,17.07.2021,6707,719,Tak,Tak,Nie,Nie,a,Podstawowy,1200
29,4,17.07.2021,7439,646,Tak,Tak,Nie,Tak,d,Rozszerzony,2170
30,4,17.07.2021,5670,786,Tak,Tak,Nie,Tak,a,Podstawowy,40
31,4,17.07.2021,5628,567,Tak,Tak,Nie,Tak,d,Rozszerzony,9800
33,4,17.07.2021,8146,733,Tak,Tak,Nie,Tak,a,Rozszerzony,1320
34,4,17.07.2021,8048,948,Tak,Tak,Nie,Tak,c,Podstawowy,2240
35,4,17.07.2021,10777,773,Tak,Tak,Nie,Tak,d,Rozszerzony,7660
37,4,17.07.2021,7831,791,Tak,Tak,Nie,Nie,c,Podstawowy,4230
38,4,17.07.2021,6255,488,Tak,Tak,Nie,Tak,d,Podstawowy,1090
39,4,17.07.2021,4895,632,Tak,Tak,Nie,Tak,a,Podstawowy,260
40,4,17.07.2021,5778,733,Tak,Tak,Nie,Tak,a,Podstawowy,180
42,4,17.07.2021,10630,1102,Tak,Tak,Nie,Tak,a,Rozszerzony,290
43,4,17.07.2021,7122,606,Tak,Tak,Nie,Tak,d,Podstawowy,4880
44,4,17.07.2021,5108,596,Tak,Tak,Nie,Tak,a,Podstawowy,540
45,4,17.07.2021,5804,444,Tak,Tak,Nie,Nie,d,Podstawowy,9710
47,4,17.07.2021,7428,915,Tak,Tak,Nie,Tak,a,Rozszerzony,270
48,4,17.07.2021,3680,389,Tak,Tak,Nie,Tak,a,Podstawowy,1060
49,4,17.07.2021,6893,507,Tak,Tak,Nie,Nie,d,Rozszerzony,18010
50,4,17.07.2021,4625,358,Tak,Tak,Nie,Nie,d,Podstawowy,6260
1,3,16.07.2021,5424,566,Tak,Tak,Nie,Nie,c,Podstawowy,1270
2,3,16.07.2021,7113,869,Tak,Tak,Nie,Nie,a,Podstawowy,570
3,3,16.07.2021,8036,833,Tak,Tak,Nie,Tak,a,Podstawowy,14130
4,3,16.07.2021,10720,1322,Tak,Tak,Nie,Tak,c,Rozszerzony,620
5,3,16.07.2021,6106,743,Tak,Tak,Nie,Nie,a,Podstawowy,29910
6,3,16.07.2021,5827,683,Tak,Tak,Nie,Nie,a,Podstawowy,310
7,3,16.07.2021,10249,1107,Tak,Tak,Nie,Tak,a,Rozszerzony,24000
8,3,16.07.2021,6317,679,Tak,Tak,Nie,Tak,a,Podstawowy,7520
9,3,16.07.2021,6812,623,Tak,Tak,Nie,Tak,a,Rozszerzony,2030
10,3,16.07.2021,6726,635,Tak,Tak,Nie,Nie,a,Podstawowy,3160
11,3,16.07.2021,9157,1207,Tak,Tak,Nie,Tak,a,Rozszerzony,960
12,3,16.07.2021,8984,1012,Tak,Tak,Nie,Tak,a,Rozszerzony,1070
14,3,16.07.2021,5301,617,Tak,Tak,Nie,Tak,a,Podstawowy,1300
15,3,16.07.2021,6998,652,Tak,Tak,Nie,Tak,d,Rozszerzony,4110
16,3,16.07.2021,9037,994,Tak,Tak,Nie,Nie,a,Rozszerzony,3270
17,3,16.07.2021,8001,964,Tak,Tak,Nie,Nie,a,Podstawowy,50
18,3,16.07.2021,7660,798,Tak,Tak,Nie,Nie,d,Rozszerzony,13840
19,3,16.07.2021,7427,658,Tak,Tak,Nie,Tak,a,Rozszerzony,3240
21,3,16.07.2021,6204,547,Tak,Tak,Nie,Nie,c,Rozszerzony,550
23,3,16.07.2021,5749,485,Tak,Tak,Nie,Nie,d,Podstawowy,4060
24,3,16.07.2021,9861,867,Tak,Tak,Nie,Tak,a,Rozszerzony,4590
25,3,16.07.2021,11401,1476,Tak,Tak,Nie,Tak,c,Podstawowy,430
26,3,16.07.2021,7499,630,Tak,Tak,Nie,Nie,d,Podstawowy,2300
27,3,16.07.2021,11162,1106,Tak,Tak,Nie,Tak,a,Podstawowy,60
28,3,16.07.2021,6867,663,Tak,Tak,Nie,Nie,a,Podstawowy,1200
29,3,16.07.2021,8089,664,Tak,Tak,Nie,Tak,d,Rozszerzony,2170
30,3,16.07.2021,5245,723,Tak,Tak,Nie,Tak,a,Podstawowy,40
31,3,16.07.2021,6573,592,Tak,Tak,Nie,Tak,d,Rozszerzony,9800
33,3,16.07.2021,7303,694,Tak,Tak,Nie,Tak,a,Rozszerzony,1320
34,3,16.07.2021,8843,1038,Tak,Tak,Nie,Tak,c,Podstawowy,2240
35,3,16.07.2021,11174,759,Tak,Tak,Nie,Tak,d,Rozszerzony,7660
37,3,16.07.2021,7525,716,Tak,Tak,Nie,Nie,c,Podstawowy,4230
38,3,16.07.2021,6564,514,Tak,Tak,Nie,Tak,d,Podstawowy,1090
39,3,16.07.2021,6091,760,Tak,Tak,Nie,Tak,a,Podstawowy,260
40,3,16.07.2021,5987,753,Tak,Tak,Nie,Tak,a,Podstawowy,180
42,3,16.07.2021,11974,1257,Tak,Tak,Nie,Tak,a,Rozszerzony,290
43,3,16.07.2021,7687,650,Tak,Tak,Nie,Tak,d,Podstawowy,4880
44,3,16.07.2021,6186,713,Tak,Tak,Nie,Tak,a,Podstawowy,540
45,3,16.07.2021,5332,389,Tak,Tak,Nie,Nie,d,Podstawowy,9710
47,3,16.07.2021,8197,1027,Tak,Tak,Nie,Tak,a,Rozszerzony,270
48,3,16.07.2021,3854,383,Tak,Tak,Nie,Tak,a,Podstawowy,1060
49,3,16.07.2021,7706,544,Tak,Tak,Nie,Nie,d,Rozszerzony,18010
50,3,16.07.2021,5182,383,Tak,Tak,Nie,Nie,d,Podstawowy,6260
1,2,15.07.2021,5298,538,Tak,Tak,Nie,Nie,c,Podstawowy,1270
2,2,15.07.2021,6361,692,Tak,Tak,Nie,Nie,a,Podstawowy,570
3,2,15.07.2021,9153,864,Tak,Tak,Nie,Tak,a,Podstawowy,14130
4,2,15.07.2021,10719,1333,Tak,Tak,Nie,Tak,c,Rozszerzony,620
5,2,15.07.2021,6197,668,Tak,Tak,Nie,Nie,a,Podstawowy,29910
6,2,15.07.2021,6831,720,Tak,Tak,Nie,Nie,a,Podstawowy,310
7,2,15.07.2021,11693,1280,Tak,Tak,Nie,Tak,a,Rozszerzony,24000
8,2,15.07.2021,7085,731,Tak,Tak,Nie,Tak,a,Podstawowy,7520
9,2,15.07.2021,8652,697,Tak,Tak,Nie,Tak,a,Rozszerzony,2030
10,2,15.07.2021,6704,670,Tak,Tak,Nie,Nie,a,Podstawowy,3160
11,2,15.07.2021,9379,1201,Tak,Tak,Nie,Tak,a,Rozszerzony,960
12,2,15.07.2021,8940,975,Tak,Tak,Nie,Tak,a,Rozszerzony,1070
14,2,15.07.2021,6465,641,Tak,Tak,Nie,Tak,a,Podstawowy,1300
15,2,15.07.2021,7766,682,Tak,Tak,Nie,Tak,d,Rozszerzony,4110
16,2,15.07.2021,10124,1057,Tak,Tak,Nie,Nie,a,Rozszerzony,3270
17,2,15.07.2021,8993,1068,Tak,Tak,Nie,Nie,a,Podstawowy,50
18,2,15.07.2021,7430,767,Tak,Tak,Nie,Nie,d,Rozszerzony,13840
19,2,15.07.2021,8485,673,Tak,Tak,Nie,Tak,a,Rozszerzony,3240
21,2,15.07.2021,6587,558,Tak,Tak,Nie,Nie,c,Rozszerzony,550
23,2,15.07.2021,6458,528,Tak,Tak,Nie,Nie,d,Podstawowy,4060
24,2,15.07.2021,10634,819,Tak,Tak,Nie,Tak,a,Rozszerzony,4590
25,2,15.07.2021,9814,1325,Tak,Tak,Nie,Tak,c,Podstawowy,430
26,2,15.07.2021,8352,649,Tak,Tak,Nie,Nie,d,Podstawowy,2300
27,2,15.07.2021,13209,1296,Tak,Tak,Nie,Tak,a,Podstawowy,60
28,2,15.07.2021,7506,764,Tak,Tak,Nie,Nie,a,Podstawowy,1200
29,2,15.07.2021,8949,746,Tak,Tak,Nie,Tak,d,Rozszerzony,2170
30,2,15.07.2021,6864,921,Tak,Tak,Nie,Tak,a,Podstawowy,40
31,2,15.07.2021,6217,572,Tak,Tak,Nie,Tak,d,Rozszerzony,9800
33,2,15.07.2021,8346,762,Tak,Tak,Nie,Tak,a,Rozszerzony,1320
34,2,15.07.2021,8522,1006,Tak,Tak,Nie,Tak,c,Podstawowy,2240
35,2,15.07.2021,12373,804,Tak,Tak,Nie,Tak,d,Rozszerzony,7660
37,2,15.07.2021,7485,680,Tak,Tak,Nie,Nie,c,Podstawowy,4230
38,2,15.07.2021,7378,595,Tak,Tak,Nie,Tak,d,Podstawowy,1090
39,2,15.07.2021,6235,714,Tak,Tak,Nie,Tak,a,Podstawowy,260
40,2,15.07.2021,6596,796,Tak,Tak,Nie,Tak,a,Podstawowy,180
42,2,15.07.2021,11479,1103,Tak,Tak,Nie,Tak,a,Rozszerzony,290
43,2,15.07.2021,7770,626,Tak,Tak,Nie,Tak,d,Podstawowy,4880
44,2,15.07.2021,7068,745,Tak,Tak,Nie,Tak,a,Podstawowy,540
45,2,15.07.2021,5587,391,Tak,Tak,Nie,Nie,d,Podstawowy,9710
47,2,15.07.2021,7971,955,Tak,Tak,Nie,Tak,a,Rozszerzony,270
48,2,15.07.2021,3948,393,Tak,Tak,Nie,Tak,a,Podstawowy,1060
49,2,15.07.2021,8125,561,Tak,Tak,Nie,Nie,d,Rozszerzony,18010
50,2,15.07.2021,4851,366,Tak,Tak,Nie,Nie,d,Podstawowy,6260
1,1,14.07.2021,5083,532,Tak,Tak,Nie,Nie,c,Podstawowy,1270
2,1,14.07.2021,7014,714,Tak,Tak,Nie,Nie,a,Podstawowy,570
3,1,14.07.2021,8761,831,Tak,Tak,Nie,Tak,a,Podstawowy,14130
4,1,14.07.2021,12949,1562,Tak,Tak,Nie,Tak,c,Rozszerzony,620
5,1,14.07.2021,7096,703,Tak,Tak,Nie,Nie,a,Podstawowy,29910
6,1,14.07.2021,6693,703,Tak,Tak,Nie,Nie,a,Podstawowy,310
7,1,14.07.2021,13336,1286,Tak,Tak,Nie,Tak,a,Rozszerzony,24000
8,1,14.07.2021,7606,764,Tak,Tak,Nie,Tak,a,Podstawowy,7520
9,1,14.07.2021,8532,641,Tak,Tak,Nie,Tak,a,Rozszerzony,2030
10,1,14.07.2021,7386,718,Tak,Tak,Nie,Nie,a,Podstawowy,3160
11,1,14.07.2021,9391,1176,Tak,Tak,Nie,Tak,a,Rozszerzony,960
12,1,14.07.2021,9503,1031,Tak,Tak,Nie,Tak,a,Rozszerzony,1070
14,1,14.07.2021,6832,718,Tak,Tak,Nie,Tak,a,Podstawowy,1300
15,1,14.07.2021,8640,762,Tak,Tak,Nie,Tak,d,Rozszerzony,4110
16,1,14.07.2021,10485,1054,Tak,Tak,Nie,Nie,a,Rozszerzony,3270
17,1,14.07.2021,9236,1052,Tak,Tak,Nie,Nie,a,Podstawowy,50
18,1,14.07.2021,8840,872,Tak,Tak,Nie,Nie,d,Rozszerzony,13840
19,1,14.07.2021,8307,689,Tak,Tak,Nie,Tak,a,Rozszerzony,3240
21,1,14.07.2021,8072,640,Tak,Tak,Nie,Nie,c,Rozszerzony,550
23,1,14.07.2021,8005,629,Tak,Tak,Nie,Nie,d,Podstawowy,4060
24,1,14.07.2021,11610,865,Tak,Tak,Nie,Tak,a,Rozszerzony,4590
25,1,14.07.2021,13390,1679,Tak,Tak,Nie,Tak,c,Podstawowy,430
26,1,14.07.2021,10114,700,Tak,Tak,Nie,Nie,d,Podstawowy,2300
27,1,14.07.2021,12131,1188,Tak,Tak,Nie,Tak,a,Podstawowy,60
28,1,14.07.2021,7772,803,Tak,Tak,Nie,Nie,a,Podstawowy,1200
29,1,14.07.2021,10759,838,Tak,Tak,Nie,Tak,d,Rozszerzony,2170
30,1,14.07.2021,7054,861,Tak,Tak,Nie,Tak,a,Podstawowy,40
31,1,14.07.2021,6942,593,Tak,Tak,Nie,Tak,d,Rozszerzony,9800
33,1,14.07.2021,11226,905,Tak,Tak,Nie,Tak,a,Rozszerzony,1320
34,1,14.07.2021,10205,1164,Tak,Tak,Nie,Tak,c,Podstawowy,2240
35,1,14.07.2021,14708,925,Tak,Tak,Nie,Tak,d,Rozszerzony,7660
37,1,14.07.2021,8240,779,Tak,Tak,Nie,Nie,c,Podstawowy,4230
38,1,14.07.2021,10058,711,Tak,Tak,Nie,Tak,d,Podstawowy,1090
39,1,14.07.2021,7912,861,Tak,Tak,Nie,Tak,a,Podstawowy,260
40,1,14.07.2021,6609,796,Tak,Tak,Nie,Tak,a,Podstawowy,180
42,1,14.07.2021,12241,1194,Tak,Tak,Nie,Tak,a,Rozszerzony,290
43,1,14.07.2021,8742,695,Tak,Tak,Nie,Tak,d,Podstawowy,4880
44,1,14.07.2021,8321,802,Tak,Tak,Nie,Tak,a,Podstawowy,540
45,1,14.07.2021,6456,453,Tak,Tak,Nie,Nie,d,Podstawowy,9710
47,1,14.07.2021,8781,1022,Tak,Tak,Nie,Tak,a,Rozszerzony,270
48,1,14.07.2021,3961,405,Tak,Tak,Nie,Tak,a,Podstawowy,1060
49,1,14.07.2021,10161,630,Tak,Tak,Nie,Nie,d,Rozszerzony,18010
50,1,14.07.2021,5414,432,Tak,Tak,Nie,Nie,d,Podstawowy,6260
1,7,13.07.2021,0,0,Nie,Nie,Nie,Nie,c,Podstawowy,1270
2,7,13.07.2021,0,0,Nie,Nie,Nie,Nie,a,Podstawowy,570
3,7,13.07.2021,0,0,Nie,Nie,Nie,Nie,a,Podstawowy,14130
4,7,13.07.2021,0,0,Nie,Nie,Nie,Nie,c,Rozszerzony,620
5,7,13.07.2021,0,0,Nie,Nie,Nie,Nie,a,Podstawowy,29910
6,7,13.07.2021,0,0,Nie,Nie,Nie,Nie,a,Podstawowy,310
7,7,13.07.2021,0,0,Nie,Nie,Nie,Nie,a,Rozszerzony,24000
8,7,13.07.2021,0,0,Nie,Nie,Nie,Nie,a,Podstawowy,7520
9,7,13.07.2021,0,0,Nie,Nie,Nie,Nie,a,Rozszerzony,2030
10,7,13.07.2021,0,0,Nie,Nie,Nie,Nie,a,Podstawowy,3160
11,7,13.07.2021,0,0,Nie,Nie,Nie,Nie,a,Rozszerzony,960
12,7,13.07.2021,0,0,Nie,Nie,Nie,Nie,a,Rozszerzony,1070
14,7,13.07.2021,0,0,Nie,Nie,Nie,Nie,a,Podstawowy,1300
15,7,13.07.2021,0,0,Nie,Nie,Nie,Nie,d,Rozszerzony,4110
16,7,13.07.2021,0,0,Nie,Nie,Nie,Nie,a,Rozszerzony,3270
17,7,13.07.2021,0,0,Nie,Nie,Nie,Nie,a,Podstawowy,50
18,7,13.07.2021,0,0,Nie,Nie,Nie,Nie,d,Rozszerzony,13840
19,7,13.07.2021,0,0,Nie,Nie,Nie,Nie,a,Rozszerzony,3240
21,7,13.07.2021,0,0,Nie,Nie,Nie,Nie,c,Rozszerzony,550
23,7,13.07.2021,0,0,Nie,Nie,Nie,Nie,d,Podstawowy,4060
24,7,13.07.2021,0,0,Nie,Nie,Nie,Nie,a,Rozszerzony,4590
25,7,13.07.2021,0,0,Nie,Nie,Nie,Nie,c,Podstawowy,430
26,7,13.07.2021,0,0,Nie,Nie,Nie,Nie,d,Podstawowy,2300
27,7,13.07.2021,0,0,Nie,Nie,Nie,Nie,a,Podstawowy,60
28,7,13.07.2021,0,0,Nie,Nie,Nie,Nie,a,Podstawowy,1200
29,7,13.07.2021,0,0,Nie,Nie,Nie,Nie,d,Rozszerzony,2170
30,7,13.07.2021,0,0,Nie,Nie,Nie,Nie,a,Podstawowy,40
31,7,13.07.2021,0,0,Nie,Nie,Nie,Nie,d,Rozszerzony,9800
33,7,13.07.2021,0,0,Nie,Nie,Nie,Nie,a,Rozszerzony,1320
34,7,13.07.2021,0,0,Nie,Nie,Nie,Nie,c,Podstawowy,2240
35,7,13.07.2021,0,0,Nie,Nie,Nie,Nie,d,Rozszerzony,7660
37,7,13.07.2021,0,0,Nie,Nie,Nie,Nie,c,Podstawowy,4230
38,7,13.07.2021,0,0,Nie,Nie,Nie,Nie,d,Podstawowy,1090
39,7,13.07.2021,0,0,Nie,Nie,Nie,Nie,a,Podstawowy,260
40,7,13.07.2021,0,0,Nie,Nie,Nie,Nie,a,Podstawowy,180
42,7,13.07.2021,0,0,Nie,Nie,Nie,Nie,a,Rozszerzony,290
43,7,13.07.2021,0,0,Nie,Nie,Nie,Nie,d,Podstawowy,4880
44,7,13.07.2021,0,0,Nie,Nie,Nie,Nie,a,Podstawowy,540
45,7,13.07.2021,0,0,Nie,Nie,Nie,Nie,d,Podstawowy,9710
47,7,13.07.2021,0,0,Nie,Nie,Nie,Nie,a,Rozszerzony,270
48,7,13.07.2021,0,0,Nie,Nie,Nie,Nie,a,Podstawowy,1060
49,7,13.07.2021,0,0,Nie,Nie,Nie,Nie,d,Rozszerzony,18010
50,7,13.07.2021,0,0,Nie,Nie,Nie,Nie,d,Podstawowy,6260
1,6,12.07.2021,4409,531,Tak,Nie,Nie,Nie,c,Podstawowy,1270
2,6,12.07.2021,2806,340,Tak,Nie,Nie,Nie,a,Podstawowy,570
3,6,12.07.2021,4098,435,Tak,Nie,Nie,Nie,a,Podstawowy,14130
4,6,12.07.2021,10335,1370,Tak,Nie,Nie,Nie,c,Rozszerzony,620
5,6,12.07.2021,2340,264,Tak,Nie,Nie,Nie,a,Podstawowy,29910
6,6,12.07.2021,3054,357,Tak,Nie,Nie,Nie,a,Podstawowy,310
7,6,12.07.2021,6767,751,Tak,Nie,Nie,Nie,a,Rozszerzony,24000
8,6,12.07.2021,2969,392,Tak,Nie,Nie,Nie,a,Podstawowy,7520
9,6,12.07.2021,6388,582,Tak,Nie,Nie,Nie,a,Rozszerzony,2030
10,6,12.07.2021,4682,488,Tak,Nie,Nie,Nie,a,Podstawowy,3160
11,6,12.07.2021,5998,877,Tak,Nie,Nie,Nie,a,Rozszerzony,960
12,6,12.07.2021,6428,857,Tak,Nie,Nie,Nie,a,Rozszerzony,1070
14,6,12.07.2021,3663,420,Tak,Nie,Nie,Nie,a,Podstawowy,1300
15,6,12.07.2021,5864,636,Tak,Nie,Nie,Nie,d,Rozszerzony,4110
16,6,12.07.2021,5331,582,Tak,Nie,Nie,Nie,a,Rozszerzony,3270
17,6,12.07.2021,2822,390,Tak,Nie,Nie,Nie,a,Podstawowy,50
18,6,12.07.2021,4864,550,Tak,Nie,Nie,Nie,d,Rozszerzony,13840
19,6,12.07.2021,3638,350,Tak,Nie,Nie,Nie,a,Rozszerzony,3240
21,6,12.07.2021,5026,507,Tak,Nie,Nie,Nie,c,Rozszerzony,550
23,6,12.07.2021,4241,395,Tak,Nie,Nie,Nie,d,Podstawowy,4060
24,6,12.07.2021,7328,686,Tak,Nie,Nie,Nie,a,Rozszerzony,4590
25,6,12.07.2021,8606,1152,Tak,Nie,Nie,Nie,c,Podstawowy,430
26,6,12.07.2021,5567,525,Tak,Nie,Nie,Nie,d,Podstawowy,2300
27,6,12.07.2021,7655,882,Tak,Nie,Nie,Nie,a,Podstawowy,60
28,6,12.07.2021,2878,324,Tak,Nie,Nie,Nie,a,Podstawowy,1200
29,6,12.07.2021,6608,615,Tak,Nie,Nie,Nie,d,Rozszerzony,2170
30,6,12.07.2021,3929,638,Tak,Nie,Nie,Nie,a,Podstawowy,40
31,6,12.07.2021,6049,611,Tak,Nie,Nie,Nie,d,Rozszerzony,9800
33,6,12.07.2021,8424,815,Tak,Nie,Nie,Nie,a,Rozszerzony,1320
34,6,12.07.2021,7912,936,Tak,Nie,Nie,Nie,c,Podstawowy,2240
35,6,12.07.2021,8211,637,Tak,Nie,Nie,Nie,d,Rozszerzony,7660
37,6,12.07.2021,7792,915,Tak,Nie,Nie,Nie,c,Podstawowy,4230
38,6,12.07.2021,6457,603,Tak,Nie,Nie,Nie,d,Podstawowy,1090
39,6,12.07.2021,3001,426,Tak,Nie,Nie,Nie,a,Podstawowy,260
40,6,12.07.2021,5992,764,Tak,Nie,Nie,Nie,a,Podstawowy,180
42,6,12.07.2021,8180,903,Tak,Nie,Nie,Nie,a,Rozszerzony,290
43,6,12.07.2021,4835,404,Tak,Nie,Nie,Nie,d,Podstawowy,4880
44,6,12.07.2021,3771,467,Tak,Nie,Nie,Nie,a,Podstawowy,540
45,6,12.07.2021,5530,444,Tak,Nie,Nie,Nie,d,Podstawowy,9710
47,6,12.07.2021,5890,771,Tak,Nie,Nie,Nie,a,Rozszerzony,270
48,6,12.07.2021,2608,256,Tak,Nie,Nie,Nie,a,Podstawowy,1060
49,6,12.07.2021,7388,585,Tak,Nie,Nie,Nie,d,Rozszerzony,18010
50,6,12.07.2021,3988,345,Tak,Nie,Nie,Nie,d,Podstawowy,6260
1,5,11.07.2021,4020,463,Tak,Nie,Nie,Nie,c,Podstawowy,1270
2,5,11.07.2021,3402,494,Tak,Nie,Nie,Nie,a,Podstawowy,570
3,5,11.07.2021,6441,715,Tak,Nie,Nie,Tak,a,Podstawowy,14130
4,5,11.07.2021,9195,1224,Tak,Nie,Nie,Tak,c,Rozszerzony,620
5,5,11.07.2021,3991,533,Tak,Nie,Nie,Nie,a,Podstawowy,29910
6,5,11.07.2021,4599,552,Tak,Nie,Nie,Nie,a,Podstawowy,310
7,5,11.07.2021,9687,1161,Tak,Nie,Nie,Nie,a,Rozszerzony,24000
8,5,11.07.2021,4483,583,Tak,Nie,Nie,Nie,a,Podstawowy,7520
9,5,11.07.2021,5765,539,Tak,Nie,Nie,Tak,a,Rozszerzony,2030
10,5,11.07.2021,5331,623,Tak,Nie,Nie,Nie,a,Podstawowy,3160
11,5,11.07.2021,6971,1068,Tak,Nie,Nie,Nie,a,Rozszerzony,960
12,5,11.07.2021,7150,927,Tak,Nie,Nie,Nie,a,Rozszerzony,1070
14,5,11.07.2021,4670,621,Tak,Nie,Nie,Tak,a,Podstawowy,1300
15,5,11.07.2021,6783,716,Tak,Nie,Nie,Nie,d,Rozszerzony,4110
16,5,11.07.2021,7012,814,Tak,Nie,Nie,Nie,a,Rozszerzony,3270
17,5,11.07.2021,5434,785,Tak,Nie,Nie,Nie,a,Podstawowy,50
18,5,11.07.2021,6439,766,Tak,Nie,Nie,Nie,d,Rozszerzony,13840
19,5,11.07.2021,5573,603,Tak,Nie,Nie,Tak,a,Rozszerzony,3240
21,5,11.07.2021,4351,483,Tak,Nie,Nie,Nie,c,Rozszerzony,550
23,5,11.07.2021,4893,464,Tak,Nie,Nie,Nie,d,Podstawowy,4060
24,5,11.07.2021,7930,744,Tak,Nie,Nie,Tak,a,Rozszerzony,4590
25,5,11.07.2021,9493,1314,Tak,Nie,Nie,Tak,c,Podstawowy,430
26,5,11.07.2021,5131,487,Tak,Nie,Nie,Nie,d,Podstawowy,2300
27,5,11.07.2021,8123,959,Tak,Nie,Nie,Tak,a,Podstawowy,60
28,5,11.07.2021,4813,597,Tak,Nie,Nie,Nie,a,Podstawowy,1200
29,5,11.07.2021,5993,562,Tak,Nie,Nie,Tak,d,Rozszerzony,2170
30,5,11.07.2021,3349,554,Tak,Nie,Nie,Tak,a,Podstawowy,40
31,5,11.07.2021,6274,650,Tak,Nie,Nie,Nie,d,Rozszerzony,9800
33,5,11.07.2021,7445,755,Tak,Nie,Nie,Tak,a,Rozszerzony,1320
34,5,11.07.2021,7572,941,Tak,Nie,Nie,Tak,c,Podstawowy,2240
35,5,11.07.2021,7590,621,Tak,Nie,Nie,Tak,d,Rozszerzony,7660
37,5,11.07.2021,6112,712,Tak,Nie,Nie,Nie,c,Podstawowy,4230
38,5,11.07.2021,4181,423,Tak,Nie,Nie,Tak,d,Podstawowy,1090
39,5,11.07.2021,3860,543,Tak,Nie,Nie,Tak,a,Podstawowy,260
40,5,11.07.2021,4220,614,Tak,Nie,Nie,Tak,a,Podstawowy,180
42,5,11.07.2021,8951,997,Tak,Nie,Nie,Tak,a,Rozszerzony,290
43,5,11.07.2021,6267,563,Tak,Nie,Nie,Tak,d,Podstawowy,4880
44,5,11.07.2021,4689,611,Tak,Nie,Nie,Tak,a,Podstawowy,540
45,5,11.07.2021,4466,370,Tak,Nie,Nie,Nie,d,Podstawowy,9710
47,5,11.07.2021,6704,866,Tak,Nie,Nie,Tak,a,Rozszerzony,270
48,5,11.07.2021,3017,367,Tak,Nie,Nie,Tak,a,Podstawowy,1060
49,5,11.07.2021,7065,519,Tak,Nie,Nie,Nie,d,Rozszerzony,18010
50,5,11.07.2021,3078,296,Tak,Nie,Nie,Nie,d,Podstawowy,6260
1,4,10.07.2021,3741,472,Tak,Nie,Nie,Nie,c,Podstawowy,1270
2,4,10.07.2021,4557,507,Tak,Nie,Nie,Nie,a,Podstawowy,570
3,4,10.07.2021,6701,704,Tak,Nie,Nie,Tak,a,Podstawowy,14130
4,4,10.07.2021,10000,1293,Tak,Nie,Nie,Tak,c,Rozszerzony,620
5,4,10.07.2021,3465,502,Tak,Nie,Nie,Nie,a,Podstawowy,29910
6,4,10.07.2021,3883,534,Tak,Nie,Nie,Nie,a,Podstawowy,310
7,4,10.07.2021,7713,932,Tak,Nie,Nie,Nie,a,Rozszerzony,24000
8,4,10.07.2021,5518,753,Tak,Nie,Nie,Nie,a,Podstawowy,7520
9,4,10.07.2021,5924,539,Tak,Nie,Nie,Tak,a,Rozszerzony,2030
10,4,10.07.2021,4693,550,Tak,Nie,Nie,Nie,a,Podstawowy,3160
11,4,10.07.2021,7342,1193,Tak,Nie,Nie,Nie,a,Rozszerzony,960
12,4,10.07.2021,6384,874,Tak,Nie,Nie,Nie,a,Rozszerzony,1070
14,4,10.07.2021,5215,627,Tak,Nie,Nie,Tak,a,Podstawowy,1300
15,4,10.07.2021,5868,618,Tak,Nie,Nie,Nie,d,Rozszerzony,4110
16,4,10.07.2021,7174,886,Tak,Nie,Nie,Nie,a,Rozszerzony,3270
17,4,10.07.2021,5834,838,Tak,Nie,Nie,Nie,a,Podstawowy,50
18,4,10.07.2021,5200,592,Tak,Nie,Nie,Nie,d,Rozszerzony,13840
19,4,10.07.2021,5891,626,Tak,Nie,Nie,Tak,a,Rozszerzony,3240
21,4,10.07.2021,3948,426,Tak,Nie,Nie,Nie,c,Rozszerzony,550
23,4,10.07.2021,4363,424,Tak,Nie,Nie,Nie,d,Podstawowy,4060
24,4,10.07.2021,8334,777,Tak,Nie,Nie,Tak,a,Rozszerzony,4590
25,4,10.07.2021,10838,1472,Tak,Nie,Nie,Tak,c,Podstawowy,430
26,4,10.07.2021,5052,497,Tak,Nie,Nie,Nie,d,Podstawowy,2300
27,4,10.07.2021,8014,973,Tak,Nie,Nie,Tak,a,Podstawowy,60
28,4,10.07.2021,5203,628,Tak,Nie,Nie,Nie,a,Podstawowy,1200
29,4,10.07.2021,6338,583,Tak,Nie,Nie,Tak,d,Rozszerzony,2170
30,4,10.07.2021,5297,775,Tak,Nie,Nie,Tak,a,Podstawowy,40
31,4,10.07.2021,5027,529,Tak,Nie,Nie,Nie,d,Rozszerzony,9800
33,4,10.07.2021,7526,748,Tak,Nie,Nie,Tak,a,Rozszerzony,1320
34,4,10.07.2021,7724,998,Tak,Nie,Nie,Tak,c,Podstawowy,2240
35,4,10.07.2021,7606,615,Tak,Nie,Nie,Tak,d,Rozszerzony,7660
37,4,10.07.2021,5152,669,Tak,Nie,Nie,Nie,c,Podstawowy,4230
38,4,10.07.2021,4045,408,Tak,Nie,Nie,Tak,d,Podstawowy,1090
39,4,10.07.2021,3975,625,Tak,Nie,Nie,Tak,a,Podstawowy,260
40,4,10.07.2021,5192,728,Tak,Nie,Nie,Tak,a,Podstawowy,180
42,4,10.07.2021,9388,1059,Tak,Nie,Nie,Tak,a,Rozszerzony,290
43,4,10.07.2021,5636,554,Tak,Nie,Nie,Tak,d,Podstawowy,4880
44,4,10.07.2021,5065,649,Tak,Nie,Nie,Tak,a,Podstawowy,540
45,4,10.07.2021,4246,388,Tak,Nie,Nie,Nie,d,Podstawowy,9710
47,4,10.07.2021,6431,902,Tak,Nie,Nie,Tak,a,Rozszerzony,270
48,4,10.07.2021,3012,362,Tak,Nie,Nie,Tak,a,Podstawowy,1060
49,4,10.07.2021,6030,504,Tak,Nie,Nie,Nie,d,Rozszerzony,18010
50,4,10.07.2021,3294,294,Tak,Nie,Nie,Nie,d,Podstawowy,6260
1,3,09.07.2021,3547,485,Tak,Nie,Nie,Nie,c,Podstawowy,1270
2,3,09.07.2021,4602,568,Tak,Nie,Nie,Nie,a,Podstawowy,570
3,3,09.07.2021,5006,571,Tak,Nie,Nie,Tak,a,Podstawowy,14130
4,3,09.07.2021,9042,1183,Tak,Nie,Nie,Tak,c,Rozszerzony,620
5,3,09.07.2021,4109,587,Tak,Nie,Nie,Nie,a,Podstawowy,29910
6,3,09.07.2021,4463,580,Tak,Nie,Nie,Nie,a,Podstawowy,310
7,3,09.07.2021,8095,907,Tak,Nie,Nie,Nie,a,Rozszerzony,24000
8,3,09.07.2021,4267,604,Tak,Nie,Nie,Nie,a,Podstawowy,7520
9,3,09.07.2021,5533,475,Tak,Nie,Nie,Tak,a,Rozszerzony,2030
10,3,09.07.2021,3567,440,Tak,Nie,Nie,Nie,a,Podstawowy,3160
11,3,09.07.2021,7600,1208,Tak,Nie,Nie,Nie,a,Rozszerzony,960
12,3,09.07.2021,6494,828,Tak,Nie,Nie,Nie,a,Rozszerzony,1070
14,3,09.07.2021,4274,517,Tak,Nie,Nie,Tak,a,Podstawowy,1300
15,3,09.07.2021,5933,625,Tak,Nie,Nie,Nie,d,Rozszerzony,4110
16,3,09.07.2021,6670,756,Tak,Nie,Nie,Nie,a,Rozszerzony,3270
17,3,09.07.2021,4602,630,Tak,Nie,Nie,Nie,a,Podstawowy,50
18,3,09.07.2021,5373,684,Tak,Nie,Nie,Nie,d,Rozszerzony,13840
19,3,09.07.2021,4020,425,Tak,Nie,Nie,Tak,a,Rozszerzony,3240
21,3,09.07.2021,3686,398,Tak,Nie,Nie,Nie,c,Rozszerzony,550
23,3,09.07.2021,4154,357,Tak,Nie,Nie,Nie,d,Podstawowy,4060
24,3,09.07.2021,6251,505,Tak,Nie,Nie,Tak,a,Rozszerzony,4590
25,3,09.07.2021,8045,1171,Tak,Nie,Nie,Tak,c,Podstawowy,430
26,3,09.07.2021,4386,419,Tak,Nie,Nie,Nie,d,Podstawowy,2300
27,3,09.07.2021,6531,822,Tak,Nie,Nie,Tak,a,Podstawowy,60
28,3,09.07.2021,4299,522,Tak,Nie,Nie,Nie,a,Podstawowy,1200
29,3,09.07.2021,5615,478,Tak,Nie,Nie,Tak,d,Rozszerzony,2170
30,3,09.07.2021,2187,335,Tak,Nie,Nie,Tak,a,Podstawowy,40
31,3,09.07.2021,4204,476,Tak,Nie,Nie,Nie,d,Rozszerzony,9800
33,3,09.07.2021,5242,529,Tak,Nie,Nie,Tak,a,Rozszerzony,1320
34,3,09.07.2021,7606,975,Tak,Nie,Nie,Tak,c,Podstawowy,2240
35,3,09.07.2021,7881,615,Tak,Nie,Nie,Tak,d,Rozszerzony,7660
37,3,09.07.2021,4904,585,Tak,Nie,Nie,Nie,c,Podstawowy,4230
38,3,09.07.2021,3826,341,Tak,Nie,Nie,Tak,d,Podstawowy,1090
39,3,09.07.2021,2700,403,Tak,Nie,Nie,Tak,a,Podstawowy,260
40,3,09.07.2021,3123,480,Tak,Nie,Nie,Tak,a,Podstawowy,180
42,3,09.07.2021,7032,807,Tak,Nie,Nie,Tak,a,Rozszerzony,290
43,3,09.07.2021,5151,424,Tak,Nie,Nie,Tak,d,Podstawowy,4880
44,3,09.07.2021,4442,566,Tak,Nie,Nie,Tak,a,Podstawowy,540
45,3,09.07.2021,3654,313,Tak,Nie,Nie,Nie,d,Podstawowy,9710
47,3,09.07.2021,6042,887,Tak,Nie,Nie,Nie,a,Rozszerzony,270
48,3,09.07.2021,3158,356,Tak,Nie,Nie,Nie,a,Podstawowy,1060
49,3,09.07.2021,5422,432,Tak,Nie,Nie,Nie,d,Rozszerzony,18010
50,3,09.07.2021,2933,285,Tak,Nie,Nie,Nie,d,Podstawowy,6260
1,2,08.07.2021,4081,510,Tak,Nie,Nie,Nie,c,Podstawowy,1270
2,2,08.07.2021,4009,538,Tak,Nie,Nie,Nie,a,Podstawowy,570
3,2,08.07.2021,5039,609,Tak,Nie,Nie,Tak,a,Podstawowy,14130
4,2,08.07.2021,8844,1180,Tak,Nie,Nie,Nie,c,Rozszerzony,620
5,2,08.07.2021,3704,496,Tak,Nie,Nie,Nie,a,Podstawowy,29910
6,2,08.07.2021,4259,536,Tak,Nie,Nie,Nie,a,Podstawowy,310
7,2,08.07.2021,8876,1092,Tak,Nie,Nie,Nie,a,Rozszerzony,24000
8,2,08.07.2021,4331,604,Tak,Nie,Nie,Nie,a,Podstawowy,7520
9,2,08.07.2021,4364,386,Tak,Nie,Nie,Tak,a,Rozszerzony,2030
10,2,08.07.2021,4830,541,Tak,Nie,Nie,Nie,a,Podstawowy,3160
11,2,08.07.2021,6505,1005,Tak,Nie,Nie,Nie,a,Rozszerzony,960
12,2,08.07.2021,5930,733,Tak,Nie,Nie,Nie,a,Rozszerzony,1070
14,2,08.07.2021,4474,499,Tak,Nie,Nie,Tak,a,Podstawowy,1300
15,2,08.07.2021,6064,665,Tak,Nie,Nie,Nie,d,Rozszerzony,4110
16,2,08.07.2021,6032,810,Tak,Nie,Nie,Nie,a,Rozszerzony,3270
17,2,08.07.2021,5104,747,Tak,Nie,Nie,Nie,a,Podstawowy,50
18,2,08.07.2021,5406,605,Tak,Nie,Nie,Nie,d,Rozszerzony,13840
19,2,08.07.2021,4792,468,Tak,Nie,Nie,Tak,a,Rozszerzony,3240
21,2,08.07.2021,3653,375,Tak,Nie,Nie,Nie,c,Rozszerzony,550
23,2,08.07.2021,4077,394,Tak,Nie,Nie,Nie,d,Podstawowy,4060
24,2,08.07.2021,6513,600,Tak,Nie,Nie,Tak,a,Rozszerzony,4590
25,2,08.07.2021,8526,1252,Tak,Nie,Nie,Tak,c,Podstawowy,430
26,2,08.07.2021,5735,491,Tak,Nie,Nie,Nie,d,Podstawowy,2300
27,2,08.07.2021,7452,901,Tak,Nie,Nie,Tak,a,Podstawowy,60
28,2,08.07.2021,4223,524,Tak,Nie,Nie,Nie,a,Podstawowy,1200
29,2,08.07.2021,4873,460,Tak,Nie,Nie,Tak,d,Rozszerzony,2170
30,2,08.07.2021,2934,436,Tak,Nie,Nie,Tak,a,Podstawowy,40
31,2,08.07.2021,4520,530,Tak,Nie,Nie,Nie,d,Rozszerzony,9800
33,2,08.07.2021,5642,576,Tak,Nie,Nie,Tak,a,Rozszerzony,1320
34,2,08.07.2021,6781,901,Tak,Nie,Nie,Nie,c,Podstawowy,2240
35,2,08.07.2021,8669,677,Tak,Nie,Nie,Tak,d,Rozszerzony,7660
37,2,08.07.2021,4765,584,Tak,Nie,Nie,Nie,c,Podstawowy,4230
38,2,08.07.2021,3688,339,Tak,Nie,Nie,Tak,d,Podstawowy,1090
39,2,08.07.2021,3206,409,Tak,Nie,Nie,Tak,a,Podstawowy,260
40,2,08.07.2021,3233,494,Tak,Nie,Nie,Tak,a,Podstawowy,180
42,2,08.07.2021,7666,785,Tak,Nie,Nie,Tak,a,Rozszerzony,290
43,2,08.07.2021,4960,440,Tak,Nie,Nie,Tak,d,Podstawowy,4880
44,2,08.07.2021,3837,518,Tak,Nie,Nie,Nie,a,Podstawowy,540
45,2,08.07.2021,3632,313,Tak,Nie,Nie,Nie,d,Podstawowy,9710
47,2,08.07.2021,6672,882,Tak,Nie,Nie,Nie,a,Rozszerzony,270
48,2,08.07.2021,2767,333,Tak,Nie,Nie,Nie,a,Podstawowy,1060
49,2,08.07.2021,6488,483,Tak,Nie,Nie,Nie,d,Rozszerzony,18010
50,2,08.07.2021,2993,275,Tak,Nie,Nie,Nie,d,Podstawowy,6260
1,1,07.07.2021,4223,505,Tak,Nie,Nie,Nie,c,Podstawowy,1270
2,1,07.07.2021,3981,522,Tak,Nie,Nie,Nie,a,Podstawowy,570
3,1,07.07.2021,6884,784,Tak,Nie,Nie,Tak,a,Podstawowy,14130
4,1,07.07.2021,9810,1392,Tak,Nie,Nie,Nie,c,Rozszerzony,620
5,1,07.07.2021,4125,582,Tak,Nie,Nie,Nie,a,Podstawowy,29910
6,1,07.07.2021,4690,604,Tak,Nie,Nie,Nie,a,Podstawowy,310
7,1,07.07.2021,9567,1111,Tak,Nie,Nie,Nie,a,Rozszerzony,24000
8,1,07.07.2021,5486,738,Tak,Nie,Nie,Nie,a,Podstawowy,7520
9,1,07.07.2021,6920,625,Tak,Nie,Nie,Tak,a,Rozszerzony,2030
10,1,07.07.2021,5614,603,Tak,Nie,Nie,Nie,a,Podstawowy,3160
11,1,07.07.2021,7902,1225,Tak,Nie,Nie,Nie,a,Rozszerzony,960
12,1,07.07.2021,6437,900,Tak,Nie,Nie,Nie,a,Rozszerzony,1070
14,1,07.07.2021,5606,680,Tak,Nie,Nie,Tak,a,Podstawowy,1300
15,1,07.07.2021,5278,611,Tak,Nie,Nie,Nie,d,Rozszerzony,4110
16,1,07.07.2021,7316,910,Tak,Nie,Nie,Nie,a,Rozszerzony,3270
17,1,07.07.2021,5550,792,Tak,Nie,Nie,Nie,a,Podstawowy,50
18,1,07.07.2021,5872,726,Tak,Nie,Nie,Nie,d,Rozszerzony,13840
19,1,07.07.2021,6659,671,Tak,Nie,Nie,Tak,a,Rozszerzony,3240
21,1,07.07.2021,4912,511,Tak,Nie,Nie,Nie,c,Rozszerzony,550
23,1,07.07.2021,4435,429,Tak,Nie,Nie,Nie,d,Podstawowy,4060
24,1,07.07.2021,8614,780,Tak,Nie,Nie,Tak,a,Rozszerzony,4590
25,1,07.07.2021,11177,1646,Tak,Nie,Nie,Tak,c,Podstawowy,430
26,1,07.07.2021,5371,491,Tak,Nie,Nie,Nie,d,Podstawowy,2300
27,1,07.07.2021,9325,1125,Tak,Nie,Nie,Tak,a,Podstawowy,60
28,1,07.07.2021,4882,589,Tak,Nie,Nie,Nie,a,Podstawowy,1200
29,1,07.07.2021,6556,639,Tak,Nie,Nie,Tak,d,Rozszerzony,2170
30,1,07.07.2021,4274,698,Tak,Nie,Nie,Tak,a,Podstawowy,40
31,1,07.07.2021,5160,567,Tak,Nie,Nie,Nie,d,Rozszerzony,9800
33,1,07.07.2021,8806,875,Tak,Nie,Nie,Tak,a,Rozszerzony,1320
34,1,07.07.2021,8782,1086,Tak,Nie,Nie,Nie,c,Podstawowy,2240
35,1,07.07.2021,9091,736,Tak,Nie,Nie,Tak,d,Rozszerzony,7660
37,1,07.07.2021,4796,576,Tak,Nie,Nie,Nie,c,Podstawowy,4230
38,1,07.07.2021,5222,516,Tak,Nie,Nie,Tak,d,Podstawowy,1090
39,1,07.07.2021,4794,647,Tak,Nie,Nie,Tak,a,Podstawowy,260
40,1,07.07.2021,5222,699,Tak,Nie,Nie,Tak,a,Podstawowy,180
42,1,07.07.2021,10196,1215,Tak,Nie,Nie,Tak,a,Rozszerzony,290
43,1,07.07.2021,7117,670,Tak,Nie,Nie,Tak,d,Podstawowy,4880
44,1,07.07.2021,4908,641,Tak,Nie,Nie,Nie,a,Podstawowy,540
45,1,07.07.2021,3894,335,Tak,Nie,Nie,Nie,d,Podstawowy,9710
47,1,07.07.2021,6573,919,Tak,Nie,Nie,Nie,a,Rozszerzony,270
48,1,07.07.2021,3573,396,Tak,Nie,Nie,Nie,a,Podstawowy,1060
49,1,07.07.2021,5805,496,Tak,Nie,Nie,Nie,d,Rozszerzony,18010
50,1,07.07.2021,3236,300,Tak,Nie,Nie,Nie,d,Podstawowy,6260
1,7,06.07.2021,0,0,Nie,Nie,Nie,Nie,c,Podstawowy,1270
2,7,06.07.2021,0,0,Nie,Nie,Nie,Nie,a,Podstawowy,570
3,7,06.07.2021,0,0,Nie,Nie,Nie,Nie,a,Podstawowy,14130
4,7,06.07.2021,0,0,Nie,Nie,Nie,Nie,c,Rozszerzony,620
5,7,06.07.2021,0,0,Nie,Nie,Nie,Nie,a,Podstawowy,29910
6,7,06.07.2021,0,0,Nie,Nie,Nie,Nie,a,Podstawowy,310
7,7,06.07.2021,0,0,Nie,Nie,Nie,Nie,a,Rozszerzony,24000
8,7,06.07.2021,0,0,Nie,Nie,Nie,Nie,a,Podstawowy,7520
9,7,06.07.2021,0,0,Nie,Nie,Nie,Nie,a,Rozszerzony,2030
10,7,06.07.2021,0,0,Nie,Nie,Nie,Nie,a,Podstawowy,3160
11,7,06.07.2021,0,0,Nie,Nie,Nie,Nie,a,Rozszerzony,960
12,7,06.07.2021,0,0,Nie,Nie,Nie,Nie,a,Rozszerzony,1070
14,7,06.07.2021,0,0,Nie,Nie,Nie,Nie,a,Podstawowy,1300
15,7,06.07.2021,0,0,Nie,Nie,Nie,Nie,d,Rozszerzony,4110
16,7,06.07.2021,0,0,Nie,Nie,Nie,Nie,a,Rozszerzony,3270
17,7,06.07.2021,0,0,Nie,Nie,Nie,Nie,a,Podstawowy,50
18,7,06.07.2021,0,0,Nie,Nie,Nie,Nie,d,Rozszerzony,13840
19,7,06.07.2021,0,0,Nie,Nie,Nie,Nie,a,Rozszerzony,3240
21,7,06.07.2021,0,0,Nie,Nie,Nie,Nie,c,Rozszerzony,550
23,7,06.07.2021,0,0,Nie,Nie,Nie,Nie,d,Podstawowy,4060
24,7,06.07.2021,0,0,Nie,Nie,Nie,Nie,a,Rozszerzony,4590
25,7,06.07.2021,0,0,Nie,Nie,Nie,Nie,c,Podstawowy,430
26,7,06.07.2021,0,0,Nie,Nie,Nie,Nie,d,Podstawowy,2300
27,7,06.07.2021,0,0,Nie,Nie,Nie,Nie,a,Podstawowy,60
28,7,06.07.2021,0,0,Nie,Nie,Nie,Nie,a,Podstawowy,1200
29,7,06.07.2021,0,0,Nie,Nie,Nie,Nie,d,Rozszerzony,2170
30,7,06.07.2021,0,0,Nie,Nie,Nie,Nie,a,Podstawowy,40
31,7,06.07.2021,0,0,Nie,Nie,Nie,Nie,d,Rozszerzony,9800
33,7,06.07.2021,0,0,Nie,Nie,Nie,Nie,a,Rozszerzony,1320
34,7,06.07.2021,0,0,Nie,Nie,Nie,Nie,c,Podstawowy,2240
35,7,06.07.2021,0,0,Nie,Nie,Nie,Nie,d,Rozszerzony,7660
37,7,06.07.2021,0,0,Nie,Nie,Nie,Nie,c,Podstawowy,4230
38,7,06.07.2021,0,0,Nie,Nie,Nie,Nie,d,Podstawowy,1090
39,7,06.07.2021,0,0,Nie,Nie,Nie,Nie,a,Podstawowy,260
40,7,06.07.2021,0,0,Nie,Nie,Nie,Nie,a,Podstawowy,180
42,7,06.07.2021,0,0,Nie,Nie,Nie,Nie,a,Rozszerzony,290
43,7,06.07.2021,0,0,Nie,Nie,Nie,Nie,d,Podstawowy,4880
44,7,06.07.2021,0,0,Nie,Nie,Nie,Nie,a,Podstawowy,540
45,7,06.07.2021,0,0,Nie,Nie,Nie,Nie,d,Podstawowy,9710
47,7,06.07.2021,0,0,Nie,Nie,Nie,Nie,a,Rozszerzony,270
48,7,06.07.2021,0,0,Nie,Nie,Nie,Nie,a,Podstawowy,1060
49,7,06.07.2021,0,0,Nie,Nie,Nie,Nie,d,Rozszerzony,18010
50,7,06.07.2021,0,0,Nie,Nie,Nie,Nie,d,Podstawowy,6260
1,6,05.07.2021,5176,589,Tak,Nie,Nie,Nie,c,Podstawowy,1270
2,6,05.07.2021,4043,1013,Tak,Nie,Nie,Nie,a,Podstawowy,570
3,6,05.07.2021,4763,529,Tak,Nie,Nie,Nie,a,Podstawowy,14130
4,6,05.07.2021,10034,1350,Tak,Nie,Nie,Nie,c,Rozszerzony,620
5,6,05.07.2021,2207,233,Tak,Nie,Nie,Nie,a,Podstawowy,29910
6,6,05.07.2021,3407,379,Tak,Nie,Nie,Nie,a,Podstawowy,310
7,6,05.07.2021,5909,726,Tak,Nie,Nie,Nie,a,Rozszerzony,24000
8,6,05.07.2021,2565,326,Tak,Nie,Nie,Nie,a,Podstawowy,7520
9,6,05.07.2021,6366,568,Tak,Nie,Nie,Nie,a,Rozszerzony,2030
10,6,05.07.2021,5038,505,Tak,Nie,Nie,Nie,a,Podstawowy,3160
11,6,05.07.2021,6123,899,Tak,Nie,Nie,Nie,a,Rozszerzony,960
12,6,05.07.2021,5983,784,Tak,Nie,Nie,Nie,a,Rozszerzony,1070
14,6,05.07.2021,3822,398,Tak,Nie,Nie,Nie,a,Podstawowy,1300
15,6,05.07.2021,5637,620,Tak,Nie,Nie,Nie,d,Rozszerzony,4110
16,6,05.07.2021,5635,577,Tak,Nie,Nie,Nie,a,Rozszerzony,3270
17,6,05.07.2021,2761,377,Tak,Nie,Nie,Nie,a,Podstawowy,50
18,6,05.07.2021,4517,523,Tak,Nie,Nie,Nie,d,Rozszerzony,13840
19,6,05.07.2021,4473,394,Tak,Nie,Nie,Nie,a,Rozszerzony,3240
21,6,05.07.2021,5944,572,Tak,Nie,Nie,Nie,c,Rozszerzony,550
23,6,05.07.2021,4848,454,Tak,Nie,Nie,Nie,d,Podstawowy,4060
24,6,05.07.2021,7346,692,Tak,Nie,Nie,Nie,a,Rozszerzony,4590
25,6,05.07.2021,8383,1190,Tak,Nie,Nie,Nie,c,Podstawowy,430
26,6,05.07.2021,5916,512,Tak,Nie,Nie,Nie,d,Podstawowy,2300
27,6,05.07.2021,7820,890,Tak,Nie,Nie,Nie,a,Podstawowy,60
28,6,05.07.2021,2771,313,Tak,Nie,Nie,Nie,a,Podstawowy,1200
29,6,05.07.2021,7619,653,Tak,Nie,Nie,Nie,d,Rozszerzony,2170
30,6,05.07.2021,4213,670,Tak,Nie,Nie,Nie,a,Podstawowy,40
31,6,05.07.2021,5208,539,Tak,Nie,Nie,Nie,d,Rozszerzony,9800
33,6,05.07.2021,8842,865,Tak,Nie,Nie,Nie,a,Rozszerzony,1320
34,6,05.07.2021,8084,956,Tak,Nie,Nie,Nie,c,Podstawowy,2240
35,6,05.07.2021,8637,698,Tak,Nie,Nie,Nie,d,Rozszerzony,7660
37,6,05.07.2021,6846,765,Tak,Nie,Nie,Nie,c,Podstawowy,4230
38,6,05.07.2021,6257,612,Tak,Nie,Nie,Nie,d,Podstawowy,1090
39,6,05.07.2021,3401,425,Tak,Nie,Nie,Nie,a,Podstawowy,260
40,6,05.07.2021,5242,705,Tak,Nie,Nie,Nie,a,Podstawowy,180
42,6,05.07.2021,9519,1005,Tak,Nie,Nie,Nie,a,Rozszerzony,290
43,6,05.07.2021,5218,435,Tak,Nie,Nie,Nie,d,Podstawowy,4880
44,6,05.07.2021,4241,491,Tak,Nie,Nie,Nie,a,Podstawowy,540
45,6,05.07.2021,5755,472,Tak,Nie,Nie,Nie,d,Podstawowy,9710
47,6,05.07.2021,5100,720,Tak,Nie,Nie,Nie,a,Rozszerzony,270
48,6,05.07.2021,2137,241,Tak,Nie,Nie,Nie,a,Podstawowy,1060
49,6,05.07.2021,7573,561,Tak,Nie,Nie,Nie,d,Rozszerzony,18010
50,6,05.07.2021,4398,373,Tak,Nie,Nie,Nie,d,Podstawowy,6260
1,5,04.07.2021,4025,450,Tak,Tak,Nie,Nie,c,Podstawowy,1270
2,5,04.07.2021,5200,1133,Tak,Tak,Nie,Nie,a,Podstawowy,570
3,5,04.07.2021,7585,812,Tak,Tak,Nie,Nie,a,Podstawowy,14130
4,5,04.07.2021,8551,1255,Tak,Tak,Nie,Nie,c,Rozszerzony,620
5,5,04.07.2021,4886,579,Tak,Tak,Nie,Nie,a,Podstawowy,29910
6,5,04.07.2021,5783,657,Tak,Tak,Nie,Nie,a,Podstawowy,310
7,5,04.07.2021,9588,1072,Tak,Tak,Nie,Nie,a,Rozszerzony,24000
8,5,04.07.2021,5093,615,Tak,Tak,Nie,Nie,a,Podstawowy,7520
9,5,04.07.2021,6406,534,Tak,Tak,Nie,Nie,a,Rozszerzony,2030
10,5,04.07.2021,5176,577,Tak,Tak,Nie,Nie,a,Podstawowy,3160
11,5,04.07.2021,7106,1174,Tak,Tak,Nie,Nie,a,Rozszerzony,960
12,5,04.07.2021,7248,863,Tak,Tak,Nie,Nie,a,Rozszerzony,1070
14,5,04.07.2021,6250,733,Tak,Tak,Nie,Nie,a,Podstawowy,1300
15,5,04.07.2021,6220,635,Tak,Tak,Nie,Nie,d,Rozszerzony,4110
16,5,04.07.2021,7644,892,Tak,Tak,Nie,Nie,a,Rozszerzony,3270
17,5,04.07.2021,5946,807,Tak,Tak,Nie,Nie,a,Podstawowy,50
18,5,04.07.2021,7732,838,Tak,Tak,Nie,Nie,d,Rozszerzony,13840
19,5,04.07.2021,7501,728,Tak,Tak,Nie,Nie,a,Rozszerzony,3240
21,5,04.07.2021,5337,517,Tak,Tak,Nie,Nie,c,Rozszerzony,550
23,5,04.07.2021,5875,496,Tak,Tak,Nie,Nie,d,Podstawowy,4060
24,5,04.07.2021,10936,884,Tak,Tak,Nie,Nie,a,Rozszerzony,4590
25,5,04.07.2021,10940,1519,Tak,Tak,Nie,Nie,c,Podstawowy,430
26,5,04.07.2021,7043,568,Tak,Tak,Nie,Nie,d,Podstawowy,2300
27,5,04.07.2021,9132,1103,Tak,Tak,Nie,Nie,a,Podstawowy,60
28,5,04.07.2021,6476,690,Tak,Tak,Nie,Nie,a,Podstawowy,1200
29,5,04.07.2021,7349,666,Tak,Tak,Nie,Nie,d,Rozszerzony,2170
30,5,04.07.2021,4609,660,Tak,Tak,Nie,Nie,a,Podstawowy,40
31,5,04.07.2021,5783,582,Tak,Tak,Nie,Nie,d,Rozszerzony,9800
33,5,04.07.2021,8882,827,Tak,Tak,Nie,Nie,a,Rozszerzony,1320
34,5,04.07.2021,7690,938,Tak,Tak,Nie,Nie,c,Podstawowy,2240
35,5,04.07.2021,9396,759,Tak,Tak,Nie,Nie,d,Rozszerzony,7660
37,5,04.07.2021,6291,710,Tak,Tak,Nie,Nie,c,Podstawowy,4230
38,5,04.07.2021,4929,445,Tak,Tak,Nie,Nie,d,Podstawowy,1090
39,5,04.07.2021,5106,629,Tak,Tak,Nie,Nie,a,Podstawowy,260
40,5,04.07.2021,4487,604,Tak,Tak,Nie,Nie,a,Podstawowy,180
42,5,04.07.2021,9677,1082,Tak,Tak,Nie,Nie,a,Rozszerzony,290
43,5,04.07.2021,8364,786,Tak,Tak,Nie,Nie,d,Podstawowy,4880
44,5,04.07.2021,5671,657,Tak,Tak,Nie,Nie,a,Podstawowy,540
45,5,04.07.2021,5791,435,Tak,Tak,Nie,Nie,d,Podstawowy,9710
47,5,04.07.2021,7665,893,Tak,Tak,Nie,Nie,a,Rozszerzony,270
48,5,04.07.2021,3386,385,Tak,Tak,Nie,Nie,a,Podstawowy,1060
49,5,04.07.2021,6877,501,Tak,Tak,Nie,Nie,d,Rozszerzony,18010
50,5,04.07.2021,4332,373,Tak,Tak,Nie,Nie,d,Podstawowy,6260
1,4,03.07.2021,4756,514,Tak,Tak,Nie,Nie,c,Podstawowy,1270
2,4,03.07.2021,5824,888,Tak,Tak,Nie,Nie,a,Podstawowy,570
3,4,03.07.2021,8883,920,Tak,Tak,Nie,Nie,a,Podstawowy,14130
4,4,03.07.2021,10659,1430,Tak,Tak,Nie,Nie,c,Rozszerzony,620
5,4,03.07.2021,4704,560,Tak,Tak,Nie,Nie,a,Podstawowy,29910
6,4,03.07.2021,6101,705,Tak,Tak,Nie,Nie,a,Podstawowy,310
7,4,03.07.2021,9955,1058,Tak,Tak,Nie,Nie,a,Rozszerzony,24000
8,4,03.07.2021,6978,842,Tak,Tak,Nie,Nie,a,Podstawowy,7520
9,4,03.07.2021,7373,625,Tak,Tak,Nie,Nie,a,Rozszerzony,2030
10,4,03.07.2021,5637,627,Tak,Tak,Nie,Nie,a,Podstawowy,3160
11,4,03.07.2021,8803,1225,Tak,Tak,Nie,Nie,a,Rozszerzony,960
12,4,03.07.2021,7817,920,Tak,Tak,Nie,Nie,a,Rozszerzony,1070
14,4,03.07.2021,6249,665,Tak,Tak,Nie,Nie,a,Podstawowy,1300
15,4,03.07.2021,7317,692,Tak,Tak,Nie,Nie,d,Rozszerzony,4110
16,4,03.07.2021,8886,1021,Tak,Tak,Nie,Nie,a,Rozszerzony,3270
17,4,03.07.2021,7659,957,Tak,Tak,Nie,Nie,a,Podstawowy,50
18,4,03.07.2021,6348,684,Tak,Tak,Nie,Nie,d,Rozszerzony,13840
19,4,03.07.2021,7524,716,Tak,Tak,Nie,Nie,a,Rozszerzony,3240
21,4,03.07.2021,5911,537,Tak,Tak,Nie,Nie,c,Rozszerzony,550
23,4,03.07.2021,5972,523,Tak,Tak,Nie,Nie,d,Podstawowy,4060
24,4,03.07.2021,10919,910,Tak,Tak,Nie,Nie,a,Rozszerzony,4590
25,4,03.07.2021,12747,1692,Tak,Tak,Nie,Nie,c,Podstawowy,430
26,4,03.07.2021,7203,609,Tak,Tak,Nie,Nie,d,Podstawowy,2300
27,4,03.07.2021,10954,1226,Tak,Tak,Nie,Nie,a,Podstawowy,60
28,4,03.07.2021,7075,744,Tak,Tak,Nie,Nie,a,Podstawowy,1200
29,4,03.07.2021,7437,672,Tak,Tak,Nie,Nie,d,Rozszerzony,2170
30,4,03.07.2021,6753,883,Tak,Tak,Nie,Nie,a,Podstawowy,40
31,4,03.07.2021,6364,605,Tak,Tak,Nie,Nie,d,Rozszerzony,9800
33,4,03.07.2021,9240,860,Tak,Tak,Nie,Nie,a,Rozszerzony,1320
34,4,03.07.2021,8786,1039,Tak,Tak,Nie,Nie,c,Podstawowy,2240
35,4,03.07.2021,11316,844,Tak,Tak,Nie,Nie,d,Rozszerzony,7660
37,4,03.07.2021,7412,796,Tak,Tak,Nie,Nie,c,Podstawowy,4230
38,4,03.07.2021,6096,528,Tak,Tak,Nie,Nie,d,Podstawowy,1090
39,4,03.07.2021,5714,695,Tak,Tak,Nie,Nie,a,Podstawowy,260
40,4,03.07.2021,5887,775,Tak,Tak,Nie,Nie,a,Podstawowy,180
42,4,03.07.2021,12171,1279,Tak,Tak,Nie,Nie,a,Rozszerzony,290
43,4,03.07.2021,8262,732,Tak,Tak,Nie,Nie,d,Podstawowy,4880
44,4,03.07.2021,6284,716,Tak,Tak,Nie,Nie,a,Podstawowy,540
45,4,03.07.2021,6337,469,Tak,Tak,Nie,Nie,d,Podstawowy,9710
47,4,03.07.2021,8382,1052,Tak,Tak,Nie,Nie,a,Rozszerzony,270
48,4,03.07.2021,4146,400,Tak,Tak,Nie,Nie,a,Podstawowy,1060
49,4,03.07.2021,7361,557,Tak,Tak,Nie,Nie,d,Rozszerzony,18010
50,4,03.07.2021,4537,357,Tak,Tak,Nie,Nie,d,Podstawowy,6260
1,3,02.07.2021,5161,560,Tak,Tak,Nie,Nie,c,Podstawowy,1270
2,3,02.07.2021,6623,821,Tak,Tak,Nie,Nie,a,Podstawowy,570
3,3,02.07.2021,8646,874,Tak,Tak,Nie,Nie,a,Podstawowy,14130
4,3,02.07.2021,10575,1420,Tak,Tak,Nie,Nie,c,Rozszerzony,620
5,3,02.07.2021,6153,710,Tak,Tak,Nie,Nie,a,Podstawowy,29910
6,3,02.07.2021,6288,684,Tak,Tak,Nie,Nie,a,Podstawowy,310
7,3,02.07.2021,10483,1091,Tak,Tak,Nie,Nie,a,Rozszerzony,24000
8,3,02.07.2021,6475,756,Tak,Tak,Nie,Nie,a,Podstawowy,7520
9,3,02.07.2021,7525,631,Tak,Tak,Nie,Nie,a,Rozszerzony,2030
10,3,02.07.2021,5951,614,Tak,Tak,Nie,Nie,a,Podstawowy,3160
11,3,02.07.2021,10090,1321,Tak,Tak,Nie,Nie,a,Rozszerzony,960
12,3,02.07.2021,8299,984,Tak,Tak,Nie,Nie,a,Rozszerzony,1070
14,3,02.07.2021,6188,678,Tak,Tak,Nie,Nie,a,Podstawowy,1300
15,3,02.07.2021,6976,700,Tak,Tak,Nie,Nie,d,Rozszerzony,4110
16,3,02.07.2021,8857,940,Tak,Tak,Nie,Nie,a,Rozszerzony,3270
17,3,02.07.2021,7450,900,Tak,Tak,Nie,Nie,a,Podstawowy,50
18,3,02.07.2021,7121,786,Tak,Tak,Nie,Nie,d,Rozszerzony,13840
19,3,02.07.2021,7932,716,Tak,Tak,Nie,Nie,a,Rozszerzony,3240
21,3,02.07.2021,5901,544,Tak,Tak,Nie,Nie,c,Rozszerzony,550
23,3,02.07.2021,6240,533,Tak,Tak,Nie,Nie,d,Podstawowy,4060
24,3,02.07.2021,10877,920,Tak,Tak,Nie,Nie,a,Rozszerzony,4590
25,3,02.07.2021,13290,1708,Tak,Tak,Nie,Nie,c,Podstawowy,430
26,3,02.07.2021,7640,612,Tak,Tak,Nie,Nie,d,Podstawowy,2300
27,3,02.07.2021,11581,1210,Tak,Tak,Nie,Nie,a,Podstawowy,60
28,3,02.07.2021,6263,649,Tak,Tak,Nie,Nie,a,Podstawowy,1200
29,3,02.07.2021,9271,768,Tak,Tak,Nie,Nie,d,Rozszerzony,2170
30,3,02.07.2021,5677,739,Tak,Tak,Nie,Nie,a,Podstawowy,40
31,3,02.07.2021,6054,597,Tak,Tak,Nie,Nie,d,Rozszerzony,9800
33,3,02.07.2021,10077,925,Tak,Tak,Nie,Nie,a,Rozszerzony,1320
34,3,02.07.2021,9807,1113,Tak,Tak,Nie,Nie,c,Podstawowy,2240
35,3,02.07.2021,11895,828,Tak,Tak,Nie,Nie,d,Rozszerzony,7660
37,3,02.07.2021,6794,683,Tak,Tak,Nie,Nie,c,Podstawowy,4230
38,3,02.07.2021,6253,528,Tak,Tak,Nie,Nie,d,Podstawowy,1090
39,3,02.07.2021,6683,846,Tak,Tak,Nie,Nie,a,Podstawowy,260
40,3,02.07.2021,5324,712,Tak,Tak,Nie,Nie,a,Podstawowy,180
42,3,02.07.2021,13290,1343,Tak,Tak,Nie,Nie,a,Rozszerzony,290
43,3,02.07.2021,7611,643,Tak,Tak,Nie,Nie,d,Podstawowy,4880
44,3,02.07.2021,7262,776,Tak,Tak,Nie,Nie,a,Podstawowy,540
45,3,02.07.2021,5887,396,Tak,Tak,Nie,Nie,d,Podstawowy,9710
47,3,02.07.2021,9268,1125,Tak,Tak,Nie,Nie,a,Rozszerzony,270
48,3,02.07.2021,3840,410,Tak,Tak,Nie,Nie,a,Podstawowy,1060
49,3,02.07.2021,7486,540,Tak,Tak,Nie,Nie,d,Rozszerzony,18010
50,3,02.07.2021,4924,390,Tak,Tak,Nie,Nie,d,Podstawowy,6260
1,2,01.07.2021,5138,533,Tak,Tak,Nie,Nie,c,Podstawowy,1270
2,2,01.07.2021,5454,646,Tak,Tak,Nie,Nie,a,Podstawowy,570
3,2,01.07.2021,8373,866,Tak,Tak,Nie,Nie,a,Podstawowy,14130
4,2,01.07.2021,11584,1435,Tak,Tak,Nie,Nie,c,Rozszerzony,620
5,2,01.07.2021,6407,689,Tak,Tak,Nie,Nie,a,Podstawowy,29910
6,2,01.07.2021,7543,805,Tak,Tak,Nie,Nie,a,Podstawowy,310
7,2,01.07.2021,13249,1347,Tak,Tak,Nie,Nie,a,Rozszerzony,24000
8,2,01.07.2021,8053,850,Tak,Tak,Nie,Nie,a,Podstawowy,7520
9,2,01.07.2021,8829,737,Tak,Tak,Nie,Nie,a,Rozszerzony,2030
10,2,01.07.2021,6192,618,Tak,Tak,Nie,Nie,a,Podstawowy,3160
11,2,01.07.2021,9340,1235,Tak,Tak,Nie,Nie,a,Rozszerzony,960
12,2,01.07.2021,8227,962,Tak,Tak,Nie,Nie,a,Rozszerzony,1070
14,2,01.07.2021,7293,757,Tak,Tak,Nie,Nie,a,Podstawowy,1300
15,2,01.07.2021,6884,678,Tak,Tak,Nie,Nie,d,Rozszerzony,4110
16,2,01.07.2021,9869,1014,Tak,Tak,Nie,Nie,a,Rozszerzony,3270
17,2,01.07.2021,7749,960,Tak,Tak,Nie,Nie,a,Podstawowy,50
18,2,01.07.2021,6846,746,Tak,Tak,Nie,Nie,d,Rozszerzony,13840
19,2,01.07.2021,9378,772,Tak,Tak,Nie,Nie,a,Rozszerzony,3240
21,2,01.07.2021,5271,517,Tak,Tak,Nie,Nie,c,Rozszerzony,550
23,2,01.07.2021,6104,499,Tak,Tak,Nie,Nie,d,Podstawowy,4060
24,2,01.07.2021,9444,801,Tak,Tak,Nie,Nie,a,Rozszerzony,4590
25,2,01.07.2021,16540,1955,Tak,Tak,Nie,Nie,c,Podstawowy,430
26,2,01.07.2021,7899,618,Tak,Tak,Nie,Nie,d,Podstawowy,2300
27,2,01.07.2021,12795,1291,Tak,Tak,Nie,Nie,a,Podstawowy,60
28,2,01.07.2021,7214,743,Tak,Tak,Nie,Nie,a,Podstawowy,1200
29,2,01.07.2021,9726,795,Tak,Tak,Nie,Nie,d,Rozszerzony,2170
30,2,01.07.2021,7763,1008,Tak,Tak,Nie,Nie,a,Podstawowy,40
31,2,01.07.2021,6897,633,Tak,Tak,Nie,Nie,d,Rozszerzony,9800
33,2,01.07.2021,10269,922,Tak,Tak,Nie,Nie,a,Rozszerzony,1320
34,2,01.07.2021,10543,1163,Tak,Tak,Nie,Nie,c,Podstawowy,2240
35,2,01.07.2021,10966,823,Tak,Tak,Nie,Nie,d,Rozszerzony,7660
37,2,01.07.2021,7726,718,Tak,Tak,Nie,Nie,c,Podstawowy,4230
38,2,01.07.2021,7615,587,Tak,Tak,Nie,Nie,d,Podstawowy,1090
39,2,01.07.2021,7934,893,Tak,Tak,Nie,Nie,a,Podstawowy,260
40,2,01.07.2021,6305,809,Tak,Tak,Nie,Nie,a,Podstawowy,180
42,2,01.07.2021,12017,1287,Tak,Tak,Nie,Nie,a,Rozszerzony,290
43,2,01.07.2021,7380,673,Tak,Tak,Nie,Nie,d,Podstawowy,4880
44,2,01.07.2021,8065,874,Tak,Tak,Nie,Nie,a,Podstawowy,540
45,2,01.07.2021,6461,443,Tak,Tak,Nie,Nie,d,Podstawowy,9710
47,2,01.07.2021,8487,1046,Tak,Tak,Nie,Nie,a,Rozszerzony,270
48,2,01.07.2021,4435,435,Tak,Tak,Nie,Nie,a,Podstawowy,1060
49,2,01.07.2021,8945,565,Tak,Tak,Nie,Nie,d,Rozszerzony,18010
50,2,01.07.2021,5407,417,Tak,Tak,Nie,Nie,d,Podstawowy,6260
1,1,30.06.2021,5738,641,Tak,Tak,Nie,Nie,c,Podstawowy,1270
2,1,30.06.2021,10682,1021,Tak,Tak,Nie,Nie,a,Podstawowy,570
3,1,30.06.2021,15689,1193,Tak,Tak,Nie,Nie,a,Podstawowy,14130
4,1,30.06.2021,15672,1783,Tak,Tak,Nie,Nie,c,Rozszerzony,620
5,1,30.06.2021,7954,784,Tak,Tak,Nie,Nie,a,Podstawowy,29910
6,1,30.06.2021,7662,784,Tak,Tak,Nie,Nie,a,Podstawowy,310
7,1,30.06.2021,14428,1283,Tak,Tak,Nie,Nie,a,Rozszerzony,24000
8,1,30.06.2021,9775,953,Tak,Tak,Nie,Nie,a,Podstawowy,7520
9,1,30.06.2021,12046,888,Tak,Tak,Nie,Nie,a,Rozszerzony,2030
10,1,30.06.2021,7707,722,Tak,Tak,Nie,Nie,a,Podstawowy,3160
11,1,30.06.2021,12710,1547,Tak,Tak,Nie,Nie,a,Rozszerzony,960
12,1,30.06.2021,14265,1286,Tak,Tak,Nie,Nie,a,Rozszerzony,1070
13,1,30.06.2021,9192,585,Tak,Tak,Nie,Nie,d,Podstawowy,310
14,1,30.06.2021,12620,1078,Tak,Tak,Nie,Nie,a,Podstawowy,1300
15,1,30.06.2021,12830,1058,Tak,Tak,Nie,Nie,d,Rozszerzony,4110
16,1,30.06.2021,11163,1076,Tak,Tak,Nie,Nie,a,Rozszerzony,3270
17,1,30.06.2021,14024,1354,Tak,Tak,Nie,Nie,a,Podstawowy,50
18,1,30.06.2021,12802,1145,Tak,Tak,Nie,Nie,d,Rozszerzony,13840
19,1,30.06.2021,11102,912,Tak,Tak,Nie,Nie,a,Rozszerzony,3240
20,1,30.06.2021,9229,954,Tak,Tak,Nie,Nie,d,Podstawowy,2340
21,1,30.06.2021,12776,897,Tak,Tak,Nie,Nie,c,Rozszerzony,550
22,1,30.06.2021,6757,614,Tak,Tak,Nie,Nie,a,Podstawowy,1040
23,1,30.06.2021,10308,700,Tak,Tak,Nie,Nie,d,Podstawowy,4060
24,1,30.06.2021,22015,1534,Tak,Tak,Nie,Nie,a,Rozszerzony,4590
25,1,30.06.2021,18468,2105,Tak,Tak,Nie,Nie,c,Podstawowy,430
26,1,30.06.2021,13047,928,Tak,Tak,Nie,Nie,d,Podstawowy,2300
27,1,30.06.2021,25737,1890,Tak,Tak,Nie,Nie,a,Podstawowy,60
28,1,30.06.2021,10961,991,Tak,Tak,Nie,Nie,a,Podstawowy,1200
29,1,30.06.2021,14784,1067,Tak,Tak,Nie,Nie,d,Rozszerzony,2170
30,1,30.06.2021,7961,959,Tak,Tak,Nie,Nie,a,Podstawowy,40
31,1,30.06.2021,8203,727,Tak,Tak,Nie,Nie,d,Rozszerzony,9800
32,1,30.06.2021,7094,688,Tak,Tak,Nie,Nie,a,Podstawowy,2910
33,1,30.06.2021,13631,1101,Tak,Tak,Nie,Nie,a,Rozszerzony,1320
34,1,30.06.2021,12950,1385,Tak,Tak,Nie,Nie,c,Podstawowy,2240
35,1,30.06.2021,25506,1461,Tak,Tak,Nie,Nie,d,Rozszerzony,7660
36,1,30.06.2021,12138,1335,Tak,Tak,Nie,Nie,a,Rozszerzony,540
37,1,30.06.2021,10531,905,Tak,Tak,Nie,Nie,c,Podstawowy,4230
38,1,30.06.2021,11630,809,Tak,Tak,Nie,Nie,d,Podstawowy,1090
39,1,30.06.2021,11340,1138,Tak,Tak,Nie,Nie,a,Podstawowy,260
40,1,30.06.2021,6912,774,Tak,Tak,Nie,Nie,a,Podstawowy,180
41,1,30.06.2021,9086,626,Tak,Tak,Nie,Nie,d,Rozszerzony,1180
42,1,30.06.2021,20786,1713,Tak,Tak,Nie,Nie,a,Rozszerzony,290
43,1,30.06.2021,14531,1018,Tak,Tak,Nie,Nie,d,Podstawowy,4880
44,1,30.06.2021,9887,936,Tak,Tak,Nie,Nie,a,Podstawowy,540
45,1,30.06.2021,7756,530,Tak,Tak,Nie,Nie,d,Podstawowy,9710
46,1,30.06.2021,11673,1092,Tak,Tak,Nie,Nie,c,Podstawowy,1200
47,1,30.06.2021,11958,1244,Tak,Tak,Nie,Nie,a,Rozszerzony,270
48,1,30.06.2021,5193,506,Tak,Tak,Nie,Nie,a,Podstawowy,1060
49,1,30.06.2021,10593,671,Tak,Tak,Nie,Nie,d,Rozszerzony,18010
50,1,30.06.2021,7752,539,Tak,Tak,Nie,Nie,d,Podstawowy,6260
1,7,29.06.2021,0,0,Nie,Nie,Nie,Nie,c,Podstawowy,1270
2,7,29.06.2021,0,0,Nie,Nie,Nie,Nie,a,Podstawowy,570
3,7,29.06.2021,0,0,Nie,Nie,Nie,Nie,a,Podstawowy,14130
4,7,29.06.2021,0,0,Nie,Nie,Nie,Nie,c,Rozszerzony,620
5,7,29.06.2021,0,0,Nie,Nie,Nie,Nie,a,Podstawowy,29910
6,7,29.06.2021,0,0,Nie,Nie,Nie,Nie,a,Podstawowy,310
7,7,29.06.2021,0,0,Nie,Nie,Nie,Nie,a,Rozszerzony,24000
8,7,29.06.2021,0,0,Nie,Nie,Nie,Nie,a,Podstawowy,7520
9,7,29.06.2021,0,0,Nie,Nie,Nie,Nie,a,Rozszerzony,2030
10,7,29.06.2021,0,0,Nie,Nie,Nie,Nie,a,Podstawowy,3160
11,7,29.06.2021,0,0,Nie,Nie,Nie,Nie,a,Rozszerzony,960
12,7,29.06.2021,0,0,Nie,Nie,Nie,Nie,a,Rozszerzony,1070
13,7,29.06.2021,0,0,Nie,Nie,Nie,Nie,d,Podstawowy,310
14,7,29.06.2021,0,0,Nie,Nie,Nie,Nie,a,Podstawowy,1300
15,7,29.06.2021,0,0,Nie,Nie,Nie,Nie,d,Rozszerzony,4110
16,7,29.06.2021,0,0,Nie,Nie,Nie,Nie,a,Rozszerzony,3270
17,7,29.06.2021,0,0,Nie,Nie,Nie,Nie,a,Podstawowy,50
18,7,29.06.2021,0,0,Nie,Nie,Nie,Nie,d,Rozszerzony,13840
19,7,29.06.2021,0,0,Nie,Nie,Nie,Nie,a,Rozszerzony,3240
20,7,29.06.2021,0,0,Nie,Nie,Nie,Nie,d,Podstawowy,2340
21,7,29.06.2021,0,0,Nie,Nie,Nie,Nie,c,Rozszerzony,550
22,7,29.06.2021,0,0,Nie,Nie,Nie,Nie,a,Podstawowy,1040
23,7,29.06.2021,0,0,Nie,Nie,Nie,Nie,d,Podstawowy,4060
24,7,29.06.2021,0,0,Nie,Nie,Nie,Nie,a,Rozszerzony,4590
25,7,29.06.2021,0,0,Nie,Nie,Nie,Nie,c,Podstawowy,430
26,7,29.06.2021,0,0,Nie,Nie,Nie,Nie,d,Podstawowy,2300
27,7,29.06.2021,0,0,Nie,Nie,Nie,Nie,a,Podstawowy,60
28,7,29.06.2021,0,0,Nie,Nie,Nie,Nie,a,Podstawowy,1200
29,7,29.06.2021,0,0,Nie,Nie,Nie,Nie,d,Rozszerzony,2170
30,7,29.06.2021,0,0,Nie,Nie,Nie,Nie,a,Podstawowy,40
31,7,29.06.2021,0,0,Nie,Nie,Nie,Nie,d,Rozszerzony,9800
32,7,29.06.2021,0,0,Nie,Nie,Nie,Nie,a,Podstawowy,2910
33,7,29.06.2021,0,0,Nie,Nie,Nie,Nie,a,Rozszerzony,1320
34,7,29.06.2021,0,0,Nie,Nie,Nie,Nie,c,Podstawowy,2240
35,7,29.06.2021,0,0,Nie,Nie,Nie,Nie,d,Rozszerzony,7660
36,7,29.06.2021,0,0,Nie,Nie,Nie,Nie,a,Rozszerzony,540
37,7,29.06.2021,0,0,Nie,Nie,Nie,Nie,c,Podstawowy,4230
38,7,29.06.2021,0,0,Nie,Nie,Nie,Nie,d,Podstawowy,1090
39,7,29.06.2021,0,0,Nie,Nie,Nie,Nie,a,Podstawowy,260
40,7,29.06.2021,0,0,Nie,Nie,Nie,Nie,a,Podstawowy,180
41,7,29.06.2021,0,0,Nie,Nie,Nie,Nie,d,Rozszerzony,1180
42,7,29.06.2021,0,0,Nie,Nie,Nie,Nie,a,Rozszerzony,290
43,7,29.06.2021,0,0,Nie,Nie,Nie,Nie,d,Podstawowy,4880
44,7,29.06.2021,0,0,Nie,Nie,Nie,Nie,a,Podstawowy,540
45,7,29.06.2021,0,0,Nie,Nie,Nie,Nie,d,Podstawowy,9710
46,7,29.06.2021,0,0,Nie,Nie,Nie,Nie,c,Podstawowy,1200
47,7,29.06.2021,0,0,Nie,Nie,Nie,Nie,a,Rozszerzony,270
48,7,29.06.2021,0,0,Nie,Nie,Nie,Nie,a,Podstawowy,1060
49,7,29.06.2021,0,0,Nie,Nie,Nie,Nie,d,Rozszerzony,18010
50,7,29.06.2021,0,0,Nie,Nie,Nie,Nie,d,Podstawowy,6260
1,6,28.06.2021,5162,566,Tak,Nie,Nie,Nie,c,Podstawowy,1270
2,6,28.06.2021,2644,340,Tak,Nie,Nie,Nie,a,Podstawowy,570
3,6,28.06.2021,5802,635,Tak,Nie,Nie,Nie,a,Podstawowy,14130
4,6,28.06.2021,9601,1310,Tak,Nie,Nie,Nie,c,Rozszerzony,620
5,6,28.06.2021,2206,241,Tak,Nie,Nie,Nie,a,Podstawowy,29910
6,6,28.06.2021,3343,353,Tak,Nie,Nie,Nie,a,Podstawowy,310
7,6,28.06.2021,6696,675,Tak,Nie,Nie,Nie,a,Rozszerzony,24000
8,6,28.06.2021,2810,369,Tak,Nie,Nie,Nie,a,Podstawowy,7520
9,6,28.06.2021,6162,556,Tak,Nie,Nie,Nie,a,Rozszerzony,2030
10,6,28.06.2021,4606,478,Tak,Nie,Nie,Nie,a,Podstawowy,3160
11,6,28.06.2021,5729,759,Tak,Nie,Nie,Nie,a,Rozszerzony,960
12,6,28.06.2021,6416,766,Tak,Nie,Nie,Nie,a,Rozszerzony,1070
13,6,28.06.2021,4455,330,Tak,Nie,Nie,Nie,d,Podstawowy,310
14,6,28.06.2021,3691,412,Tak,Nie,Nie,Nie,a,Podstawowy,1300
15,6,28.06.2021,6092,676,Tak,Nie,Nie,Nie,d,Rozszerzony,4110
16,6,28.06.2021,4983,530,Tak,Nie,Nie,Nie,a,Rozszerzony,3270
17,6,28.06.2021,2606,334,Tak,Nie,Nie,Nie,a,Podstawowy,50
18,6,28.06.2021,4621,505,Tak,Nie,Nie,Nie,d,Rozszerzony,13840
19,6,28.06.2021,4180,389,Tak,Nie,Nie,Nie,a,Rozszerzony,3240
20,6,28.06.2021,5572,566,Tak,Nie,Nie,Nie,d,Podstawowy,2340
21,6,28.06.2021,6443,598,Tak,Nie,Nie,Nie,c,Rozszerzony,550
22,6,28.06.2021,3142,362,Tak,Nie,Nie,Nie,a,Podstawowy,1040
23,6,28.06.2021,3994,364,Tak,Nie,Nie,Nie,d,Podstawowy,4060
24,6,28.06.2021,7699,654,Tak,Nie,Nie,Nie,a,Rozszerzony,4590
25,6,28.06.2021,9050,1236,Tak,Nie,Nie,Nie,c,Podstawowy,430
26,6,28.06.2021,5718,511,Tak,Nie,Nie,Nie,d,Podstawowy,2300
27,6,28.06.2021,8164,877,Tak,Nie,Nie,Nie,a,Podstawowy,60
28,6,28.06.2021,2608,297,Tak,Nie,Nie,Nie,a,Podstawowy,1200
29,6,28.06.2021,7380,666,Tak,Nie,Nie,Nie,d,Rozszerzony,2170
30,6,28.06.2021,3865,611,Tak,Nie,Nie,Nie,a,Podstawowy,40
31,6,28.06.2021,5733,585,Tak,Nie,Nie,Nie,d,Rozszerzony,9800
32,6,28.06.2021,2142,269,Tak,Nie,Nie,Nie,a,Podstawowy,2910
33,6,28.06.2021,6991,781,Tak,Nie,Nie,Nie,a,Rozszerzony,1320
34,6,28.06.2021,7482,905,Tak,Nie,Nie,Nie,c,Podstawowy,2240
35,6,28.06.2021,8048,630,Tak,Nie,Nie,Nie,d,Rozszerzony,7660
36,6,28.06.2021,10295,1083,Tak,Nie,Nie,Nie,a,Rozszerzony,540
37,6,28.06.2021,7777,880,Tak,Nie,Nie,Nie,c,Podstawowy,4230
38,6,28.06.2021,6728,591,Tak,Nie,Nie,Nie,d,Podstawowy,1090
39,6,28.06.2021,2960,403,Tak,Nie,Nie,Nie,a,Podstawowy,260
40,6,28.06.2021,5515,721,Tak,Nie,Nie,Nie,a,Podstawowy,180
41,6,28.06.2021,5617,418,Tak,Nie,Nie,Nie,d,Rozszerzony,1180
42,6,28.06.2021,9000,936,Tak,Nie,Nie,Nie,a,Rozszerzony,290
43,6,28.06.2021,5259,462,Tak,Nie,Nie,Nie,d,Podstawowy,4880
44,6,28.06.2021,4055,452,Tak,Nie,Nie,Nie,a,Podstawowy,540
45,6,28.06.2021,6195,485,Tak,Nie,Nie,Nie,d,Podstawowy,9710
46,6,28.06.2021,5509,712,Tak,Nie,Nie,Nie,c,Podstawowy,1200
47,6,28.06.2021,5425,721,Tak,Nie,Nie,Nie,a,Rozszerzony,270
48,6,28.06.2021,2776,287,Tak,Nie,Nie,Nie,a,Podstawowy,1060
49,6,28.06.2021,7782,577,Tak,Nie,Nie,Nie,d,Rozszerzony,18010
50,6,28.06.2021,4555,392,Tak,Nie,Nie,Nie,d,Podstawowy,6260
1,5,27.06.2021,4019,501,Tak,Nie,Nie,Nie,c,Podstawowy,1270
2,5,27.06.2021,4646,552,Tak,Nie,Nie,Nie,a,Podstawowy,570
3,5,27.06.2021,5162,623,Tak,Nie,Nie,Nie,a,Podstawowy,14130
4,5,27.06.2021,7556,1129,Tak,Nie,Nie,Nie,c,Rozszerzony,620
5,5,27.06.2021,4264,515,Tak,Nie,Nie,Nie,a,Podstawowy,29910
6,5,27.06.2021,4786,576,Tak,Nie,Nie,Nie,a,Podstawowy,310
7,5,27.06.2021,8138,992,Tak,Nie,Nie,Nie,a,Rozszerzony,24000
8,5,27.06.2021,4334,565,Tak,Nie,Nie,Nie,a,Podstawowy,7520
9,5,27.06.2021,5780,560,Tak,Nie,Nie,Nie,a,Rozszerzony,2030
10,5,27.06.2021,4626,552,Tak,Nie,Nie,Nie,a,Podstawowy,3160
11,5,27.06.2021,6364,1051,Tak,Nie,Nie,Nie,a,Rozszerzony,960
12,5,27.06.2021,6691,840,Tak,Nie,Nie,Nie,a,Rozszerzony,1070
13,5,27.06.2021,4376,344,Tak,Nie,Nie,Nie,d,Podstawowy,310
14,5,27.06.2021,5393,627,Tak,Nie,Nie,Nie,a,Podstawowy,1300
15,5,27.06.2021,7378,780,Tak,Nie,Nie,Nie,d,Rozszerzony,4110
16,5,27.06.2021,7479,861,Tak,Nie,Nie,Nie,a,Rozszerzony,3270
17,5,27.06.2021,5192,732,Tak,Nie,Nie,Nie,a,Podstawowy,50
18,5,27.06.2021,6731,823,Tak,Nie,Nie,Nie,d,Rozszerzony,13840
19,5,27.06.2021,6231,628,Tak,Nie,Nie,Nie,a,Rozszerzony,3240
20,5,27.06.2021,7149,839,Tak,Nie,Nie,Nie,d,Podstawowy,2340
21,5,27.06.2021,5000,479,Tak,Nie,Nie,Nie,c,Rozszerzony,550
22,5,27.06.2021,4103,516,Tak,Nie,Nie,Nie,a,Podstawowy,1040
23,5,27.06.2021,4776,463,Tak,Nie,Nie,Nie,d,Podstawowy,4060
24,5,27.06.2021,9152,791,Tak,Nie,Nie,Nie,a,Rozszerzony,4590
25,5,27.06.2021,8606,1251,Tak,Nie,Nie,Nie,c,Podstawowy,430
26,5,27.06.2021,5600,507,Tak,Nie,Nie,Nie,d,Podstawowy,2300
27,5,27.06.2021,8456,955,Tak,Nie,Nie,Nie,a,Podstawowy,60
28,5,27.06.2021,5114,614,Tak,Nie,Nie,Nie,a,Podstawowy,1200
29,5,27.06.2021,6155,583,Tak,Nie,Nie,Nie,d,Rozszerzony,2170
30,5,27.06.2021,3667,572,Tak,Nie,Nie,Nie,a,Podstawowy,40
31,5,27.06.2021,5274,592,Tak,Nie,Nie,Nie,d,Rozszerzony,9800
32,5,27.06.2021,3797,438,Tak,Nie,Nie,Nie,a,Podstawowy,2910
33,5,27.06.2021,7136,737,Tak,Nie,Nie,Nie,a,Rozszerzony,1320
34,5,27.06.2021,7557,912,Tak,Nie,Nie,Nie,c,Podstawowy,2240
35,5,27.06.2021,8441,717,Tak,Nie,Nie,Nie,d,Rozszerzony,7660
36,5,27.06.2021,8588,1043,Tak,Nie,Nie,Nie,a,Rozszerzony,540
37,5,27.06.2021,5772,637,Tak,Nie,Nie,Nie,c,Podstawowy,4230
38,5,27.06.2021,4693,424,Tak,Nie,Nie,Nie,d,Podstawowy,1090
39,5,27.06.2021,4132,570,Tak,Nie,Nie,Nie,a,Podstawowy,260
40,5,27.06.2021,3909,582,Tak,Nie,Nie,Nie,a,Podstawowy,180
41,5,27.06.2021,5299,400,Tak,Nie,Nie,Nie,d,Rozszerzony,1180
42,5,27.06.2021,8976,1036,Tak,Nie,Nie,Nie,a,Rozszerzony,290
43,5,27.06.2021,6600,621,Tak,Nie,Nie,Nie,d,Podstawowy,4880
44,5,27.06.2021,4636,606,Tak,Nie,Nie,Nie,a,Podstawowy,540
45,5,27.06.2021,4114,348,Tak,Nie,Nie,Nie,d,Podstawowy,9710
46,5,27.06.2021,4918,606,Tak,Nie,Nie,Nie,c,Podstawowy,1200
47,5,27.06.2021,5691,729,Tak,Nie,Nie,Nie,a,Rozszerzony,270
48,5,27.06.2021,2929,357,Tak,Nie,Nie,Nie,a,Podstawowy,1060
49,5,27.06.2021,6789,493,Tak,Nie,Nie,Nie,d,Rozszerzony,18010
50,5,27.06.2021,3816,333,Tak,Nie,Nie,Nie,d,Podstawowy,6260
1,4,26.06.2021,2749,368,Tak,Nie,Nie,Nie,c,Podstawowy,1270
2,4,26.06.2021,4215,542,Tak,Nie,Nie,Nie,a,Podstawowy,570
3,4,26.06.2021,5766,662,Tak,Nie,Nie,Nie,a,Podstawowy,14130
4,4,26.06.2021,7080,1032,Tak,Nie,Nie,Nie,c,Rozszerzony,620
5,4,26.06.2021,3115,450,Tak,Nie,Nie,Nie,a,Podstawowy,29910
6,4,26.06.2021,4103,513,Tak,Nie,Nie,Nie,a,Podstawowy,310
7,4,26.06.2021,7129,824,Tak,Nie,Nie,Nie,a,Rozszerzony,24000
8,4,26.06.2021,4779,716,Tak,Nie,Nie,Nie,a,Podstawowy,7520
9,4,26.06.2021,4515,464,Tak,Nie,Nie,Nie,a,Rozszerzony,2030
10,4,26.06.2021,4633,533,Tak,Nie,Nie,Nie,a,Podstawowy,3160
11,4,26.06.2021,6375,1000,Tak,Nie,Nie,Nie,a,Rozszerzony,960
12,4,26.06.2021,5093,709,Tak,Nie,Nie,Nie,a,Rozszerzony,1070
13,4,26.06.2021,3165,283,Tak,Nie,Nie,Nie,d,Podstawowy,310
14,4,26.06.2021,4501,584,Tak,Nie,Nie,Nie,a,Podstawowy,1300
15,4,26.06.2021,5948,607,Tak,Nie,Nie,Nie,d,Rozszerzony,4110
16,4,26.06.2021,6204,805,Tak,Nie,Nie,Nie,a,Rozszerzony,3270
17,4,26.06.2021,4790,670,Tak,Nie,Nie,Nie,a,Podstawowy,50
18,4,26.06.2021,5589,631,Tak,Nie,Nie,Nie,d,Rozszerzony,13840
19,4,26.06.2021,5897,573,Tak,Nie,Nie,Nie,a,Rozszerzony,3240
20,4,26.06.2021,8118,997,Tak,Nie,Nie,Nie,d,Podstawowy,2340
21,4,26.06.2021,3527,383,Tak,Nie,Nie,Nie,c,Rozszerzony,550
22,4,26.06.2021,3499,474,Tak,Nie,Nie,Nie,a,Podstawowy,1040
23,4,26.06.2021,3843,367,Tak,Nie,Nie,Nie,d,Podstawowy,4060
24,4,26.06.2021,7087,662,Tak,Nie,Nie,Nie,a,Rozszerzony,4590
25,4,26.06.2021,8690,1330,Tak,Nie,Nie,Nie,c,Podstawowy,430
26,4,26.06.2021,4559,448,Tak,Nie,Nie,Nie,d,Podstawowy,2300
27,4,26.06.2021,6664,883,Tak,Nie,Nie,Nie,a,Podstawowy,60
28,4,26.06.2021,4567,536,Tak,Nie,Nie,Nie,a,Podstawowy,1200
29,4,26.06.2021,4739,481,Tak,Nie,Nie,Nie,d,Rozszerzony,2170
30,4,26.06.2021,4155,639,Tak,Nie,Nie,Nie,a,Podstawowy,40
31,4,26.06.2021,4429,498,Tak,Nie,Nie,Nie,d,Rozszerzony,9800
32,4,26.06.2021,3422,442,Tak,Nie,Nie,Nie,a,Podstawowy,2910
33,4,26.06.2021,5715,614,Tak,Nie,Nie,Nie,a,Rozszerzony,1320
34,4,26.06.2021,6387,811,Tak,Nie,Nie,Nie,c,Podstawowy,2240
35,4,26.06.2021,6398,641,Tak,Nie,Nie,Nie,d,Rozszerzony,7660
36,4,26.06.2021,7684,941,Tak,Nie,Nie,Nie,a,Rozszerzony,540
37,4,26.06.2021,4481,555,Tak,Nie,Nie,Nie,c,Podstawowy,4230
38,4,26.06.2021,3500,330,Tak,Nie,Nie,Nie,d,Podstawowy,1090
39,4,26.06.2021,3779,533,Tak,Nie,Nie,Nie,a,Podstawowy,260
40,4,26.06.2021,4054,601,Tak,Nie,Nie,Nie,a,Podstawowy,180
41,4,26.06.2021,4317,354,Tak,Nie,Nie,Nie,d,Rozszerzony,1180
42,4,26.06.2021,7762,931,Tak,Nie,Nie,Nie,a,Rozszerzony,290
43,4,26.06.2021,5736,609,Tak,Nie,Nie,Nie,d,Podstawowy,4880
44,4,26.06.2021,4110,569,Tak,Nie,Nie,Nie,a,Podstawowy,540
45,4,26.06.2021,3809,319,Tak,Nie,Nie,Nie,d,Podstawowy,9710
46,4,26.06.2021,3323,488,Tak,Nie,Nie,Nie,c,Podstawowy,1200
47,4,26.06.2021,5256,739,Tak,Nie,Nie,Nie,a,Rozszerzony,270
48,4,26.06.2021,2807,351,Tak,Nie,Nie,Nie,a,Podstawowy,1060
49,4,26.06.2021,4701,362,Tak,Nie,Nie,Nie,d,Rozszerzony,18010
50,4,26.06.2021,2323,239,Tak,Nie,Nie,Nie,d,Podstawowy,6260
1,3,25.06.2021,3727,440,Tak,Nie,Nie,Nie,c,Podstawowy,1270
2,3,25.06.2021,4767,613,Tak,Nie,Nie,Nie,a,Podstawowy,570
3,3,25.06.2021,5618,705,Tak,Nie,Nie,Nie,a,Podstawowy,14130
4,3,25.06.2021,8450,1174,Tak,Nie,Nie,Nie,c,Rozszerzony,620
5,3,25.06.2021,4026,557,Tak,Nie,Nie,Nie,a,Podstawowy,29910
6,3,25.06.2021,4299,549,Tak,Nie,Nie,Nie,a,Podstawowy,310
7,3,25.06.2021,6372,802,Tak,Nie,Nie,Nie,a,Rozszerzony,24000
8,3,25.06.2021,4058,555,Tak,Nie,Nie,Nie,a,Podstawowy,7520
9,3,25.06.2021,4961,486,Tak,Nie,Nie,Nie,a,Rozszerzony,2030
10,3,25.06.2021,4823,540,Tak,Nie,Nie,Nie,a,Podstawowy,3160
11,3,25.06.2021,6913,1107,Tak,Nie,Nie,Nie,a,Rozszerzony,960
12,3,25.06.2021,5858,807,Tak,Nie,Nie,Nie,a,Rozszerzony,1070
13,3,25.06.2021,3123,268,Tak,Nie,Nie,Nie,d,Podstawowy,310
14,3,25.06.2021,4776,598,Tak,Nie,Nie,Nie,a,Podstawowy,1300
15,3,25.06.2021,5223,537,Tak,Nie,Nie,Nie,d,Rozszerzony,4110
16,3,25.06.2021,6970,806,Tak,Nie,Nie,Nie,a,Rozszerzony,3270
17,3,25.06.2021,5026,673,Tak,Nie,Nie,Nie,a,Podstawowy,50
18,3,25.06.2021,5654,653,Tak,Nie,Nie,Nie,d,Rozszerzony,13840
19,3,25.06.2021,5390,582,Tak,Nie,Nie,Nie,a,Rozszerzony,3240
20,3,25.06.2021,7212,911,Tak,Nie,Nie,Nie,d,Podstawowy,2340
21,3,25.06.2021,3719,408,Tak,Nie,Nie,Nie,c,Rozszerzony,550
22,3,25.06.2021,3987,464,Tak,Nie,Nie,Nie,a,Podstawowy,1040
23,3,25.06.2021,3932,383,Tak,Nie,Nie,Nie,d,Podstawowy,4060
24,3,25.06.2021,7418,706,Tak,Nie,Nie,Nie,a,Rozszerzony,4590
25,3,25.06.2021,8441,1251,Tak,Nie,Nie,Nie,c,Podstawowy,430
26,3,25.06.2021,4952,448,Tak,Nie,Nie,Nie,d,Podstawowy,2300
27,3,25.06.2021,7766,939,Tak,Nie,Nie,Nie,a,Podstawowy,60
28,3,25.06.2021,3700,453,Tak,Nie,Nie,Nie,a,Podstawowy,1200
29,3,25.06.2021,5562,534,Tak,Nie,Nie,Nie,d,Rozszerzony,2170
30,3,25.06.2021,3153,523,Tak,Nie,Nie,Nie,a,Podstawowy,40
31,3,25.06.2021,4063,483,Tak,Nie,Nie,Nie,d,Rozszerzony,9800
32,3,25.06.2021,3493,463,Tak,Nie,Nie,Nie,a,Podstawowy,2910
33,3,25.06.2021,6322,706,Tak,Nie,Nie,Nie,a,Rozszerzony,1320
34,3,25.06.2021,5857,839,Tak,Nie,Nie,Nie,c,Podstawowy,2240
35,3,25.06.2021,7299,631,Tak,Nie,Nie,Nie,d,Rozszerzony,7660
36,3,25.06.2021,7800,983,Tak,Nie,Nie,Nie,a,Rozszerzony,540
37,3,25.06.2021,5110,561,Tak,Nie,Nie,Nie,c,Podstawowy,4230
38,3,25.06.2021,4456,403,Tak,Nie,Nie,Nie,d,Podstawowy,1090
39,3,25.06.2021,3565,555,Tak,Nie,Nie,Nie,a,Podstawowy,260
40,3,25.06.2021,4471,581,Tak,Nie,Nie,Nie,a,Podstawowy,180
41,3,25.06.2021,4676,334,Tak,Nie,Nie,Nie,d,Rozszerzony,1180
42,3,25.06.2021,9217,1049,Tak,Nie,Nie,Nie,a,Rozszerzony,290
43,3,25.06.2021,6266,583,Tak,Nie,Nie,Nie,d,Podstawowy,4880
44,3,25.06.2021,3877,477,Tak,Nie,Nie,Nie,a,Podstawowy,540
45,3,25.06.2021,3631,322,Tak,Nie,Nie,Nie,d,Podstawowy,9710
46,3,25.06.2021,3344,500,Tak,Nie,Nie,Nie,c,Podstawowy,1200
47,3,25.06.2021,5538,802,Tak,Nie,Nie,Nie,a,Rozszerzony,270
48,3,25.06.2021,2788,335,Tak,Nie,Nie,Nie,a,Podstawowy,1060
49,3,25.06.2021,5550,428,Tak,Nie,Nie,Nie,d,Rozszerzony,18010
50,3,25.06.2021,3038,249,Tak,Nie,Nie,Nie,d,Podstawowy,6260
1,2,24.06.2021,3351,444,Tak,Nie,Nie,Nie,c,Podstawowy,1270
2,2,24.06.2021,3787,496,Tak,Nie,Nie,Nie,a,Podstawowy,570
3,2,24.06.2021,5599,660,Tak,Nie,Nie,Nie,a,Podstawowy,14130
4,2,24.06.2021,7723,1102,Tak,Nie,Nie,Nie,c,Rozszerzony,620
5,2,24.06.2021,3748,452,Tak,Nie,Nie,Nie,a,Podstawowy,29910
6,2,24.06.2021,3938,579,Tak,Nie,Nie,Nie,a,Podstawowy,310
7,2,24.06.2021,7980,967,Tak,Nie,Nie,Nie,a,Rozszerzony,24000
8,2,24.06.2021,4828,602,Tak,Nie,Nie,Nie,a,Podstawowy,7520
9,2,24.06.2021,4965,494,Tak,Nie,Nie,Nie,a,Rozszerzony,2030
10,2,24.06.2021,5442,589,Tak,Nie,Nie,Nie,a,Podstawowy,3160
11,2,24.06.2021,6345,982,Tak,Nie,Nie,Nie,a,Rozszerzony,960
12,2,24.06.2021,5532,794,Tak,Nie,Nie,Nie,a,Rozszerzony,1070
13,2,24.06.2021,3214,292,Tak,Nie,Nie,Nie,d,Podstawowy,310
14,2,24.06.2021,4779,582,Tak,Nie,Nie,Nie,a,Podstawowy,1300
15,2,24.06.2021,4784,568,Tak,Nie,Nie,Nie,d,Rozszerzony,4110
16,2,24.06.2021,7388,888,Tak,Nie,Nie,Nie,a,Rozszerzony,3270
17,2,24.06.2021,4624,708,Tak,Nie,Nie,Nie,a,Podstawowy,50
18,2,24.06.2021,4739,603,Tak,Nie,Nie,Nie,d,Rozszerzony,13840
19,2,24.06.2021,5831,566,Tak,Nie,Nie,Nie,a,Rozszerzony,3240
20,2,24.06.2021,7104,854,Tak,Nie,Nie,Nie,d,Podstawowy,2340
21,2,24.06.2021,4077,410,Tak,Nie,Nie,Nie,c,Rozszerzony,550
22,2,24.06.2021,3463,453,Tak,Nie,Nie,Nie,a,Podstawowy,1040
23,2,24.06.2021,4230,389,Tak,Nie,Nie,Nie,d,Podstawowy,4060
24,2,24.06.2021,6385,663,Tak,Nie,Nie,Nie,a,Rozszerzony,4590
25,2,24.06.2021,8581,1361,Tak,Nie,Nie,Nie,c,Podstawowy,430
26,2,24.06.2021,4448,416,Tak,Nie,Nie,Nie,d,Podstawowy,2300
27,2,24.06.2021,7391,958,Tak,Nie,Nie,Nie,a,Podstawowy,60
28,2,24.06.2021,4178,508,Tak,Nie,Nie,Nie,a,Podstawowy,1200
29,2,24.06.2021,5043,530,Tak,Nie,Nie,Nie,d,Rozszerzony,2170
30,2,24.06.2021,3969,653,Tak,Nie,Nie,Nie,a,Podstawowy,40
31,2,24.06.2021,4355,500,Tak,Nie,Nie,Nie,d,Rozszerzony,9800
32,2,24.06.2021,3700,496,Tak,Nie,Nie,Nie,a,Podstawowy,2910
33,2,24.06.2021,6484,717,Tak,Nie,Nie,Nie,a,Rozszerzony,1320
34,2,24.06.2021,6544,889,Tak,Nie,Nie,Nie,c,Podstawowy,2240
35,2,24.06.2021,7468,674,Tak,Nie,Nie,Nie,d,Rozszerzony,7660
36,2,24.06.2021,7048,957,Tak,Nie,Nie,Nie,a,Rozszerzony,540
37,2,24.06.2021,4668,539,Tak,Nie,Nie,Nie,c,Podstawowy,4230
38,2,24.06.2021,3352,372,Tak,Nie,Nie,Nie,d,Podstawowy,1090
39,2,24.06.2021,3923,578,Tak,Nie,Nie,Nie,a,Podstawowy,260
40,2,24.06.2021,4258,701,Tak,Nie,Nie,Nie,a,Podstawowy,180
41,2,24.06.2021,4771,359,Tak,Nie,Nie,Nie,d,Rozszerzony,1180
42,2,24.06.2021,8268,966,Tak,Nie,Nie,Nie,a,Rozszerzony,290
43,2,24.06.2021,6421,624,Tak,Nie,Nie,Nie,d,Podstawowy,4880
44,2,24.06.2021,4097,557,Tak,Nie,Nie,Nie,a,Podstawowy,540
45,2,24.06.2021,3178,321,Tak,Nie,Nie,Nie,d,Podstawowy,9710
46,2,24.06.2021,3812,563,Tak,Nie,Nie,Nie,c,Podstawowy,1200
47,2,24.06.2021,5510,790,Tak,Nie,Nie,Nie,a,Rozszerzony,270
48,2,24.06.2021,2687,345,Tak,Nie,Nie,Nie,a,Podstawowy,1060
49,2,24.06.2021,5688,446,Tak,Nie,Nie,Nie,d,Rozszerzony,18010
50,2,24.06.2021,3050,287,Tak,Nie,Nie,Nie,d,Podstawowy,6260
1,1,23.06.2021,3755,456,Tak,Nie,Nie,Nie,c,Podstawowy,1270
2,1,23.06.2021,4066,559,Tak,Nie,Nie,Nie,a,Podstawowy,570
3,1,23.06.2021,5182,683,Tak,Nie,Nie,Nie,a,Podstawowy,14130
4,1,23.06.2021,8998,1291,Tak,Nie,Nie,Nie,c,Rozszerzony,620
5,1,23.06.2021,3964,555,Tak,Nie,Nie,Nie,a,Podstawowy,29910
6,1,23.06.2021,4689,586,Tak,Nie,Nie,Nie,a,Podstawowy,310
7,1,23.06.2021,9151,1056,Tak,Nie,Nie,Nie,a,Rozszerzony,24000
8,1,23.06.2021,4795,643,Tak,Nie,Nie,Nie,a,Podstawowy,7520
9,1,23.06.2021,6044,591,Tak,Nie,Nie,Nie,a,Rozszerzony,2030
10,1,23.06.2021,5683,598,Tak,Nie,Nie,Nie,a,Podstawowy,3160
11,1,23.06.2021,6314,1038,Tak,Nie,Nie,Nie,a,Rozszerzony,960
12,1,23.06.2021,5262,780,Tak,Nie,Nie,Nie,a,Rozszerzony,1070
13,1,23.06.2021,3496,320,Tak,Nie,Nie,Nie,d,Podstawowy,310
14,1,23.06.2021,5243,641,Tak,Nie,Nie,Nie,a,Podstawowy,1300
15,1,23.06.2021,5258,639,Tak,Nie,Nie,Nie,d,Rozszerzony,4110
16,1,23.06.2021,8136,993,Tak,Nie,Nie,Nie,a,Rozszerzony,3270
17,1,23.06.2021,5251,751,Tak,Nie,Nie,Nie,a,Podstawowy,50
18,1,23.06.2021,5987,697,Tak,Nie,Nie,Nie,d,Rozszerzony,13840
19,1,23.06.2021,6247,658,Tak,Nie,Nie,Nie,a,Rozszerzony,3240
20,1,23.06.2021,7856,946,Tak,Nie,Nie,Nie,d,Podstawowy,2340
21,1,23.06.2021,3725,431,Tak,Nie,Nie,Nie,c,Rozszerzony,550
22,1,23.06.2021,3826,465,Tak,Nie,Nie,Nie,a,Podstawowy,1040
23,1,23.06.2021,4315,419,Tak,Nie,Nie,Nie,d,Podstawowy,4060
24,1,23.06.2021,7902,771,Tak,Nie,Nie,Nie,a,Rozszerzony,4590
25,1,23.06.2021,10671,1613,Tak,Nie,Nie,Nie,c,Podstawowy,430
26,1,23.06.2021,4605,416,Tak,Nie,Nie,Nie,d,Podstawowy,2300
27,1,23.06.2021,7592,967,Tak,Nie,Nie,Nie,a,Podstawowy,60
28,1,23.06.2021,4677,594,Tak,Nie,Nie,Nie,a,Podstawowy,1200
29,1,23.06.2021,5524,551,Tak,Nie,Nie,Nie,d,Rozszerzony,2170
30,1,23.06.2021,3971,635,Tak,Nie,Nie,Nie,a,Podstawowy,40
31,1,23.06.2021,4593,535,Tak,Nie,Nie,Nie,d,Rozszerzony,9800
32,1,23.06.2021,3706,544,Tak,Nie,Nie,Nie,a,Podstawowy,2910
33,1,23.06.2021,6742,769,Tak,Nie,Nie,Nie,a,Rozszerzony,1320
34,1,23.06.2021,7847,1044,Tak,Nie,Nie,Nie,c,Podstawowy,2240
35,1,23.06.2021,8165,708,Tak,Nie,Nie,Nie,d,Rozszerzony,7660
36,1,23.06.2021,8028,1066,Tak,Nie,Nie,Nie,a,Rozszerzony,540
37,1,23.06.2021,4657,552,Tak,Nie,Nie,Nie,c,Podstawowy,4230
38,1,23.06.2021,4063,397,Tak,Nie,Nie,Nie,d,Podstawowy,1090
39,1,23.06.2021,4214,603,Tak,Nie,Nie,Nie,a,Podstawowy,260
40,1,23.06.2021,4601,634,Tak,Nie,Nie,Nie,a,Podstawowy,180
41,1,23.06.2021,5168,388,Tak,Nie,Nie,Nie,d,Rozszerzony,1180
42,1,23.06.2021,9330,1107,Tak,Nie,Nie,Nie,a,Rozszerzony,290
43,1,23.06.2021,6840,651,Tak,Nie,Nie,Nie,d,Podstawowy,4880
44,1,23.06.2021,4909,655,Tak,Nie,Nie,Nie,a,Podstawowy,540
45,1,23.06.2021,4455,375,Tak,Nie,Nie,Nie,d,Podstawowy,9710
46,1,23.06.2021,3991,604,Tak,Nie,Nie,Nie,c,Podstawowy,1200
47,1,23.06.2021,6305,923,Tak,Nie,Nie,Nie,a,Rozszerzony,270
48,1,23.06.2021,3284,394,Tak,Nie,Nie,Nie,a,Podstawowy,1060
49,1,23.06.2021,6000,460,Tak,Nie,Nie,Nie,d,Rozszerzony,18010
50,1,23.06.2021,3015,303,Tak,Nie,Nie,Nie,d,Podstawowy,6260
1,7,22.06.2021,0,0,Nie,Nie,Nie,Nie,c,Podstawowy,1270
2,7,22.06.2021,0,0,Nie,Nie,Nie,Nie,a,Podstawowy,570
3,7,22.06.2021,0,0,Nie,Nie,Nie,Nie,a,Podstawowy,14130
4,7,22.06.2021,0,0,Nie,Nie,Nie,Nie,c,Rozszerzony,620
5,7,22.06.2021,0,0,Nie,Nie,Nie,Nie,a,Podstawowy,29910
6,7,22.06.2021,0,0,Nie,Nie,Nie,Nie,a,Podstawowy,310
7,7,22.06.2021,0,0,Nie,Nie,Nie,Nie,a,Rozszerzony,24000
8,7,22.06.2021,0,0,Nie,Nie,Nie,Nie,a,Podstawowy,7520
9,7,22.06.2021,0,0,Nie,Nie,Nie,Nie,a,Rozszerzony,2030
10,7,22.06.2021,0,0,Nie,Nie,Nie,Nie,a,Podstawowy,3160
11,7,22.06.2021,0,0,Nie,Nie,Nie,Nie,a,Rozszerzony,960
12,7,22.06.2021,0,0,Nie,Nie,Nie,Nie,a,Rozszerzony,1070
13,7,22.06.2021,0,0,Nie,Nie,Nie,Nie,d,Podstawowy,310
14,7,22.06.2021,0,0,Nie,Nie,Nie,Nie,a,Podstawowy,1300
15,7,22.06.2021,0,0,Nie,Nie,Nie,Nie,d,Rozszerzony,4110
16,7,22.06.2021,0,0,Nie,Nie,Nie,Nie,a,Rozszerzony,3270
17,7,22.06.2021,0,0,Nie,Nie,Nie,Nie,a,Podstawowy,50
18,7,22.06.2021,0,0,Nie,Nie,Nie,Nie,d,Rozszerzony,13840
19,7,22.06.2021,0,0,Nie,Nie,Nie,Nie,a,Rozszerzony,3240
20,7,22.06.2021,0,0,Nie,Nie,Nie,Nie,d,Podstawowy,2340
21,7,22.06.2021,0,0,Nie,Nie,Nie,Nie,c,Rozszerzony,550
22,7,22.06.2021,0,0,Nie,Nie,Nie,Nie,a,Podstawowy,1040
23,7,22.06.2021,0,0,Nie,Nie,Nie,Nie,d,Podstawowy,4060
24,7,22.06.2021,0,0,Nie,Nie,Nie,Nie,a,Rozszerzony,4590
25,7,22.06.2021,0,0,Nie,Nie,Nie,Nie,c,Podstawowy,430
26,7,22.06.2021,0,0,Nie,Nie,Nie,Nie,d,Podstawowy,2300
27,7,22.06.2021,0,0,Nie,Nie,Nie,Nie,a,Podstawowy,60
28,7,22.06.2021,0,0,Nie,Nie,Nie,Nie,a,Podstawowy,1200
29,7,22.06.2021,0,0,Nie,Nie,Nie,Nie,d,Rozszerzony,2170
30,7,22.06.2021,0,0,Nie,Nie,Nie,Nie,a,Podstawowy,40
31,7,22.06.2021,0,0,Nie,Nie,Nie,Nie,d,Rozszerzony,9800
32,7,22.06.2021,0,0,Nie,Nie,Nie,Nie,a,Podstawowy,2910
33,7,22.06.2021,0,0,Nie,Nie,Nie,Nie,a,Rozszerzony,1320
34,7,22.06.2021,0,0,Nie,Nie,Nie,Nie,c,Podstawowy,2240
35,7,22.06.2021,0,0,Nie,Nie,Nie,Nie,d,Rozszerzony,7660
36,7,22.06.2021,0,0,Nie,Nie,Nie,Nie,a,Rozszerzony,540
37,7,22.06.2021,0,0,Nie,Nie,Nie,Nie,c,Podstawowy,4230
38,7,22.06.2021,0,0,Nie,Nie,Nie,Nie,d,Podstawowy,1090
39,7,22.06.2021,0,0,Nie,Nie,Nie,Nie,a,Podstawowy,260
40,7,22.06.2021,0,0,Nie,Nie,Nie,Nie,a,Podstawowy,180
41,7,22.06.2021,0,0,Nie,Nie,Nie,Nie,d,Rozszerzony,1180
42,7,22.06.2021,0,0,Nie,Nie,Nie,Nie,a,Rozszerzony,290
43,7,22.06.2021,0,0,Nie,Nie,Nie,Nie,d,Podstawowy,4880
44,7,22.06.2021,0,0,Nie,Nie,Nie,Nie,a,Podstawowy,540
45,7,22.06.2021,0,0,Nie,Nie,Nie,Nie,d,Podstawowy,9710
46,7,22.06.2021,0,0,Nie,Nie,Nie,Nie,c,Podstawowy,1200
47,7,22.06.2021,0,0,Nie,Nie,Nie,Nie,a,Rozszerzony,270
48,7,22.06.2021,0,0,Nie,Nie,Nie,Nie,a,Podstawowy,1060
49,7,22.06.2021,0,0,Nie,Nie,Nie,Nie,d,Rozszerzony,18010
50,7,22.06.2021,0,0,Nie,Nie,Nie,Nie,d,Podstawowy,6260
1,6,21.06.2021,3982,496,Tak,Nie,Nie,Nie,c,Podstawowy,1270
2,6,21.06.2021,2514,324,Tak,Nie,Nie,Nie,a,Podstawowy,570
3,6,21.06.2021,4208,469,Tak,Nie,Nie,Nie,a,Podstawowy,14130
4,6,21.06.2021,8683,1265,Tak,Nie,Nie,Nie,c,Rozszerzony,620
5,6,21.06.2021,1816,215,Tak,Nie,Nie,Nie,a,Podstawowy,29910
6,6,21.06.2021,3093,367,Tak,Nie,Nie,Nie,a,Podstawowy,310
7,6,21.06.2021,5278,605,Tak,Nie,Nie,Nie,a,Rozszerzony,24000
8,6,21.06.2021,2759,336,Tak,Nie,Nie,Nie,a,Podstawowy,7520
9,6,21.06.2021,6441,547,Tak,Nie,Nie,Nie,a,Rozszerzony,2030
10,6,21.06.2021,4282,460,Tak,Nie,Nie,Nie,a,Podstawowy,3160
11,6,21.06.2021,5890,826,Tak,Nie,Nie,Nie,a,Rozszerzony,960
12,6,21.06.2021,5657,715,Tak,Nie,Nie,Nie,a,Rozszerzony,1070
13,6,21.06.2021,3847,324,Tak,Nie,Nie,Nie,d,Podstawowy,310
14,6,21.06.2021,3763,414,Tak,Nie,Nie,Nie,a,Podstawowy,1300
15,6,21.06.2021,5560,606,Tak,Nie,Nie,Nie,d,Rozszerzony,4110
16,6,21.06.2021,4718,550,Tak,Nie,Nie,Nie,a,Rozszerzony,3270
17,6,21.06.2021,2212,325,Tak,Nie,Nie,Nie,a,Podstawowy,50
18,6,21.06.2021,4271,478,Tak,Nie,Nie,Nie,d,Rozszerzony,13840
19,6,21.06.2021,4164,393,Tak,Nie,Nie,Nie,a,Rozszerzony,3240
20,6,21.06.2021,4862,499,Tak,Nie,Nie,Nie,d,Podstawowy,2340
21,6,21.06.2021,4118,480,Tak,Nie,Nie,Nie,c,Rozszerzony,550
22,6,21.06.2021,3435,415,Tak,Nie,Nie,Nie,a,Podstawowy,1040
23,6,21.06.2021,4320,413,Tak,Nie,Nie,Nie,d,Podstawowy,4060
24,6,21.06.2021,6935,658,Tak,Nie,Nie,Nie,a,Rozszerzony,4590
25,6,21.06.2021,8170,1245,Tak,Nie,Nie,Nie,c,Podstawowy,430
26,6,21.06.2021,5447,486,Tak,Nie,Nie,Nie,d,Podstawowy,2300
27,6,21.06.2021,6955,869,Tak,Nie,Nie,Nie,a,Podstawowy,60
28,6,21.06.2021,2147,254,Tak,Nie,Nie,Nie,a,Podstawowy,1200
29,6,21.06.2021,6869,643,Tak,Nie,Nie,Nie,d,Rozszerzony,2170
30,6,21.06.2021,4339,734,Tak,Nie,Nie,Nie,a,Podstawowy,40
31,6,21.06.2021,4796,554,Tak,Nie,Nie,Nie,d,Rozszerzony,9800
32,6,21.06.2021,2509,300,Tak,Nie,Nie,Nie,a,Podstawowy,2910
33,6,21.06.2021,8395,861,Tak,Nie,Nie,Nie,a,Rozszerzony,1320
34,6,21.06.2021,7164,864,Tak,Nie,Nie,Nie,c,Podstawowy,2240
35,6,21.06.2021,7641,632,Tak,Nie,Nie,Nie,d,Rozszerzony,7660
36,6,21.06.2021,9174,1053,Tak,Nie,Nie,Nie,a,Rozszerzony,540
37,6,21.06.2021,7074,828,Tak,Nie,Nie,Nie,c,Podstawowy,4230
38,6,21.06.2021,5479,507,Tak,Nie,Nie,Nie,d,Podstawowy,1090
39,6,21.06.2021,3163,468,Tak,Nie,Nie,Nie,a,Podstawowy,260
40,6,21.06.2021,5398,720,Tak,Nie,Nie,Nie,a,Podstawowy,180
41,6,21.06.2021,5357,409,Tak,Nie,Nie,Nie,d,Rozszerzony,1180
42,6,21.06.2021,8340,983,Tak,Nie,Nie,Nie,a,Rozszerzony,290
43,6,21.06.2021,4905,448,Tak,Nie,Nie,Nie,d,Podstawowy,4880
44,6,21.06.2021,3629,440,Tak,Nie,Nie,Nie,a,Podstawowy,540
45,6,21.06.2021,4839,442,Tak,Nie,Nie,Nie,d,Podstawowy,9710
46,6,21.06.2021,4351,637,Tak,Nie,Nie,Nie,c,Podstawowy,1200
47,6,21.06.2021,4617,705,Tak,Nie,Nie,Nie,a,Rozszerzony,270
48,6,21.06.2021,2702,271,Tak,Nie,Nie,Nie,a,Podstawowy,1060
49,6,21.06.2021,6705,532,Tak,Nie,Nie,Nie,d,Rozszerzony,18010
50,6,21.06.2021,3933,375,Tak,Nie,Nie,Nie,d,Podstawowy,6260
1,5,20.06.2021,6362,709,Tak,Tak,Nie,Nie,c,Podstawowy,1270
2,5,20.06.2021,4572,538,Tak,Tak,Nie,Nie,a,Podstawowy,570
3,5,20.06.2021,9752,962,Tak,Tak,Nie,Nie,a,Podstawowy,14130
4,5,20.06.2021,9503,1332,Tak,Tak,Nie,Nie,c,Rozszerzony,620
5,5,20.06.2021,4741,586,Tak,Tak,Nie,Nie,a,Podstawowy,29910
6,5,20.06.2021,5661,652,Tak,Tak,Nie,Nie,a,Podstawowy,310
7,5,20.06.2021,9885,1134,Tak,Tak,Nie,Nie,a,Rozszerzony,24000
8,5,20.06.2021,5236,601,Tak,Tak,Nie,Nie,a,Podstawowy,7520
9,5,20.06.2021,9912,812,Tak,Tak,Nie,Nie,a,Rozszerzony,2030
10,5,20.06.2021,5656,605,Tak,Tak,Nie,Nie,a,Podstawowy,3160
11,5,20.06.2021,7951,1107,Tak,Tak,Nie,Nie,a,Rozszerzony,960
12,5,20.06.2021,8407,958,Tak,Tak,Nie,Nie,a,Rozszerzony,1070
13,5,20.06.2021,8313,568,Tak,Tak,Nie,Tak,d,Podstawowy,310
14,5,20.06.2021,7821,855,Tak,Tak,Nie,Nie,a,Podstawowy,1300
15,5,20.06.2021,7650,723,Tak,Tak,Nie,Nie,d,Rozszerzony,4110
16,5,20.06.2021,9442,951,Tak,Tak,Nie,Tak,a,Rozszerzony,3270
17,5,20.06.2021,6516,824,Tak,Tak,Nie,Nie,a,Podstawowy,50
18,5,20.06.2021,7606,844,Tak,Tak,Nie,Nie,d,Rozszerzony,13840
19,5,20.06.2021,8633,737,Tak,Tak,Nie,Nie,a,Rozszerzony,3240
20,5,20.06.2021,7783,843,Tak,Tak,Nie,Tak,d,Podstawowy,2340
21,5,20.06.2021,8241,737,Tak,Tak,Nie,Tak,c,Rozszerzony,550
22,5,20.06.2021,6302,622,Tak,Tak,Nie,Tak,a,Podstawowy,1040
23,5,20.06.2021,7869,697,Tak,Tak,Nie,Nie,d,Podstawowy,4060
24,5,20.06.2021,13215,1042,Tak,Tak,Nie,Nie,a,Rozszerzony,4590
25,5,20.06.2021,13579,1796,Tak,Tak,Nie,Nie,c,Podstawowy,430
26,5,20.06.2021,7857,612,Tak,Tak,Nie,Nie,d,Podstawowy,2300
27,5,20.06.2021,14042,1493,Tak,Tak,Nie,Nie,a,Podstawowy,60
28,5,20.06.2021,5815,646,Tak,Tak,Nie,Nie,a,Podstawowy,1200
29,5,20.06.2021,10703,898,Tak,Tak,Nie,Nie,d,Rozszerzony,2170
30,5,20.06.2021,6268,871,Tak,Tak,Nie,Nie,a,Podstawowy,40
31,5,20.06.2021,6405,639,Tak,Tak,Nie,Nie,d,Rozszerzony,9800
32,5,20.06.2021,5299,560,Tak,Tak,Nie,Tak,a,Podstawowy,2910
33,5,20.06.2021,10863,1021,Tak,Tak,Nie,Nie,a,Rozszerzony,1320
34,5,20.06.2021,7739,949,Tak,Tak,Nie,Nie,c,Podstawowy,2240
35,5,20.06.2021,14113,994,Tak,Tak,Nie,Nie,d,Rozszerzony,7660
36,5,20.06.2021,11480,1209,Tak,Tak,Nie,Tak,a,Rozszerzony,540
37,5,20.06.2021,7716,849,Tak,Tak,Nie,Nie,c,Podstawowy,4230
38,5,20.06.2021,8032,673,Tak,Tak,Nie,Nie,d,Podstawowy,1090
39,5,20.06.2021,7106,812,Tak,Tak,Nie,Nie,a,Podstawowy,260
40,5,20.06.2021,6792,842,Tak,Tak,Nie,Nie,a,Podstawowy,180
41,5,20.06.2021,6302,483,Tak,Tak,Nie,Tak,d,Rozszerzony,1180
42,5,20.06.2021,12999,1315,Tak,Tak,Nie,Nie,a,Rozszerzony,290
43,5,20.06.2021,10480,902,Tak,Tak,Nie,Nie,d,Podstawowy,4880
44,5,20.06.2021,5975,694,Tak,Tak,Nie,Nie,a,Podstawowy,540
45,5,20.06.2021,7431,574,Tak,Tak,Nie,Nie,d,Podstawowy,9710
46,5,20.06.2021,7983,902,Tak,Tak,Nie,Tak,c,Podstawowy,1200
47,5,20.06.2021,7269,891,Tak,Tak,Nie,Nie,a,Rozszerzony,270
48,5,20.06.2021,3456,416,Tak,Tak,Nie,Nie,a,Podstawowy,1060
49,5,20.06.2021,9996,689,Tak,Tak,Nie,Tak,d,Rozszerzony,18010
50,5,20.06.2021,5973,508,Tak,Tak,Nie,Nie,d,Podstawowy,6260
1,4,19.06.2021,0,0,Nie,Tak,Narodowe,Nie,c,Podstawowy,1270
2,4,19.06.2021,5451,617,Tak,Tak,Nie,Nie,a,Podstawowy,570
3,4,19.06.2021,0,0,Nie,Tak,Narodowe,Nie,a,Podstawowy,14130
4,4,19.06.2021,9446,1313,Tak,Tak,Nie,Nie,c,Rozszerzony,620
5,4,19.06.2021,5307,574,Tak,Tak,Narodowe,Nie,a,Podstawowy,29910
6,4,19.06.2021,5173,621,Tak,Tak,Narodowe,Nie,a,Podstawowy,310
7,4,19.06.2021,8992,975,Tak,Tak,Nie,Nie,a,Rozszerzony,24000
8,4,19.06.2021,6638,783,Tak,Tak,Nie,Nie,a,Podstawowy,7520
9,4,19.06.2021,0,0,Nie,Tak,Narodowe,Nie,a,Rozszerzony,2030
10,4,19.06.2021,5484,561,Tak,Tak,Nie,Nie,a,Podstawowy,3160
11,4,19.06.2021,8144,1111,Tak,Tak,Nie,Nie,a,Rozszerzony,960
12,4,19.06.2021,7762,909,Tak,Tak,Nie,Nie,a,Rozszerzony,1070
13,4,19.06.2021,0,0,Nie,Tak,Narodowe,Tak,d,Podstawowy,310
14,4,19.06.2021,0,0,Nie,Tak,Narodowe,Nie,a,Podstawowy,1300
15,4,19.06.2021,7401,689,Tak,Tak,Nie,Nie,d,Rozszerzony,4110
16,4,19.06.2021,0,0,Nie,Tak,Narodowe,Tak,a,Rozszerzony,3270
17,4,19.06.2021,7556,962,Tak,Tak,Nie,Nie,a,Podstawowy,50
18,4,19.06.2021,6763,756,Tak,Tak,Nie,Nie,d,Rozszerzony,13840
19,4,19.06.2021,0,0,Nie,Tak,Narodowe,Nie,a,Rozszerzony,3240
20,4,19.06.2021,0,0,Nie,Tak,Narodowe,Tak,d,Podstawowy,2340
21,4,19.06.2021,0,0,Nie,Tak,Narodowe,Tak,c,Rozszerzony,550
22,4,19.06.2021,0,0,Nie,Tak,Narodowe,Tak,a,Podstawowy,1040
23,4,19.06.2021,0,0,Nie,Tak,Narodowe,Nie,d,Podstawowy,4060
24,4,19.06.2021,0,0,Nie,Tak,Narodowe,Nie,a,Rozszerzony,4590
25,4,19.06.2021,0,0,Nie,Tak,Narodowe,Nie,c,Podstawowy,430
26,4,19.06.2021,7927,653,Tak,Tak,Nie,Nie,d,Podstawowy,2300
27,4,19.06.2021,0,0,Nie,Tak,Narodowe,Nie,a,Podstawowy,60
28,4,19.06.2021,6139,707,Tak,Tak,Nie,Nie,a,Podstawowy,1200
29,4,19.06.2021,0,0,Nie,Tak,Narodowe,Nie,d,Rozszerzony,2170
30,4,19.06.2021,0,0,Nie,Tak,Narodowe,Nie,a,Podstawowy,40
31,4,19.06.2021,5439,540,Tak,Tak,Nie,Nie,d,Rozszerzony,9800
32,4,19.06.2021,0,0,Nie,Tak,Narodowe,Tak,a,Podstawowy,2910
33,4,19.06.2021,0,0,Nie,Tak,Narodowe,Nie,a,Rozszerzony,1320
34,4,19.06.2021,8103,980,Tak,Tak,Nie,Nie,c,Podstawowy,2240
35,4,19.06.2021,0,0,Nie,Tak,Narodowe,Nie,d,Rozszerzony,7660
36,4,19.06.2021,0,0,Nie,Tak,Narodowe,Tak,a,Rozszerzony,540
37,4,19.06.2021,8516,877,Tak,Tak,Nie,Nie,c,Podstawowy,4230
38,4,19.06.2021,0,0,Nie,Tak,Narodowe,Nie,d,Podstawowy,1090
39,4,19.06.2021,0,0,Nie,Tak,Narodowe,Nie,a,Podstawowy,260
40,4,19.06.2021,0,0,Nie,Tak,Narodowe,Nie,a,Podstawowy,180
41,4,19.06.2021,0,0,Nie,Tak,Narodowe,Tak,d,Rozszerzony,1180
42,4,19.06.2021,0,0,Nie,Tak,Narodowe,Nie,a,Rozszerzony,290
43,4,19.06.2021,0,0,Nie,Tak,Narodowe,Nie,d,Podstawowy,4880
44,4,19.06.2021,5571,695,Tak,Tak,Nie,Nie,a,Podstawowy,540
45,4,19.06.2021,0,0,Nie,Tak,Narodowe,Nie,d,Podstawowy,9710
46,4,19.06.2021,0,0,Nie,Tak,Narodowe,Tak,c,Podstawowy,1200
47,4,19.06.2021,6616,864,Tak,Tak,Nie,Nie,a,Rozszerzony,270
48,4,19.06.2021,3943,389,Tak,Tak,Nie,Nie,a,Podstawowy,1060
49,4,19.06.2021,0,0,Nie,Tak,Narodowe,Tak,d,Rozszerzony,18010
50,4,19.06.2021,0,0,Nie,Tak,Narodowe,Nie,d,Podstawowy,6260
1,3,18.06.2021,5256,567,Tak,Tak,Nie,Nie,c,Podstawowy,1270
2,3,18.06.2021,6300,775,Tak,Tak,Nie,Nie,a,Podstawowy,570
3,3,18.06.2021,9218,879,Tak,Tak,Nie,Nie,a,Podstawowy,14130
4,3,18.06.2021,8791,1180,Tak,Tak,Nie,Nie,c,Rozszerzony,620
5,3,18.06.2021,5432,679,Tak,Tak,Nie,Nie,a,Podstawowy,29910
6,3,18.06.2021,6214,684,Tak,Tak,Nie,Nie,a,Podstawowy,310
7,3,18.06.2021,9435,1004,Tak,Tak,Nie,Nie,a,Rozszerzony,24000
8,3,18.06.2021,5944,680,Tak,Tak,Nie,Nie,a,Podstawowy,7520
9,3,18.06.2021,7765,659,Tak,Tak,Nie,Nie,a,Rozszerzony,2030
10,3,18.06.2021,5833,608,Tak,Tak,Nie,Nie,a,Podstawowy,3160
11,3,18.06.2021,8603,1218,Tak,Tak,Nie,Nie,a,Rozszerzony,960
12,3,18.06.2021,8013,955,Tak,Tak,Nie,Nie,a,Rozszerzony,1070
13,3,18.06.2021,6659,486,Tak,Tak,Nie,Tak,d,Podstawowy,310
14,3,18.06.2021,6666,775,Tak,Tak,Nie,Nie,a,Podstawowy,1300
15,3,18.06.2021,7414,710,Tak,Tak,Nie,Nie,d,Rozszerzony,4110
16,3,18.06.2021,9138,968,Tak,Tak,Nie,Tak,a,Rozszerzony,3270
17,3,18.06.2021,7279,929,Tak,Tak,Nie,Nie,a,Podstawowy,50
18,3,18.06.2021,6792,775,Tak,Tak,Nie,Nie,d,Rozszerzony,13840
19,3,18.06.2021,7487,732,Tak,Tak,Nie,Nie,a,Rozszerzony,3240
20,3,18.06.2021,8983,1049,Tak,Tak,Nie,Tak,d,Podstawowy,2340
21,3,18.06.2021,7690,717,Tak,Tak,Nie,Tak,c,Rozszerzony,550
22,3,18.06.2021,5230,549,Tak,Tak,Nie,Tak,a,Podstawowy,1040
23,3,18.06.2021,7783,619,Tak,Tak,Nie,Nie,d,Podstawowy,4060
24,3,18.06.2021,10414,968,Tak,Tak,Nie,Nie,a,Rozszerzony,4590
25,3,18.06.2021,12079,1685,Tak,Tak,Nie,Nie,c,Podstawowy,430
26,3,18.06.2021,7306,574,Tak,Tak,Nie,Nie,d,Podstawowy,2300
27,3,18.06.2021,12041,1275,Tak,Tak,Nie,Nie,a,Podstawowy,60
28,3,18.06.2021,5942,630,Tak,Tak,Nie,Nie,a,Podstawowy,1200
29,3,18.06.2021,9692,839,Tak,Tak,Nie,Nie,d,Rozszerzony,2170
30,3,18.06.2021,5748,837,Tak,Tak,Nie,Nie,a,Podstawowy,40
31,3,18.06.2021,5791,584,Tak,Tak,Nie,Nie,d,Rozszerzony,9800
32,3,18.06.2021,4994,574,Tak,Tak,Nie,Tak,a,Podstawowy,2910
33,3,18.06.2021,9969,979,Tak,Tak,Nie,Nie,a,Rozszerzony,1320
34,3,18.06.2021,8666,1005,Tak,Tak,Nie,Nie,c,Podstawowy,2240
35,3,18.06.2021,12471,931,Tak,Tak,Nie,Nie,d,Rozszerzony,7660
36,3,18.06.2021,10560,1159,Tak,Tak,Nie,Tak,a,Rozszerzony,540
37,3,18.06.2021,6843,686,Tak,Tak,Nie,Nie,c,Podstawowy,4230
38,3,18.06.2021,6576,548,Tak,Tak,Nie,Nie,d,Podstawowy,1090
39,3,18.06.2021,6425,837,Tak,Tak,Nie,Nie,a,Podstawowy,260
40,3,18.06.2021,5156,719,Tak,Tak,Nie,Nie,a,Podstawowy,180
41,3,18.06.2021,6334,475,Tak,Tak,Nie,Tak,d,Rozszerzony,1180
42,3,18.06.2021,12508,1325,Tak,Tak,Nie,Nie,a,Rozszerzony,290
43,3,18.06.2021,9081,767,Tak,Tak,Nie,Nie,d,Podstawowy,4880
44,3,18.06.2021,6422,730,Tak,Tak,Nie,Nie,a,Podstawowy,540
45,3,18.06.2021,7310,554,Tak,Tak,Nie,Nie,d,Podstawowy,9710
46,3,18.06.2021,6938,800,Tak,Tak,Nie,Tak,c,Podstawowy,1200
47,3,18.06.2021,8390,1054,Tak,Tak,Nie,Nie,a,Rozszerzony,270
48,3,18.06.2021,3684,403,Tak,Tak,Nie,Nie,a,Podstawowy,1060
49,3,18.06.2021,8964,646,Tak,Tak,Nie,Tak,d,Rozszerzony,18010
50,3,18.06.2021,5046,435,Tak,Tak,Nie,Nie,d,Podstawowy,6260
1,2,17.06.2021,5770,594,Tak,Tak,Nie,Nie,c,Podstawowy,1270
2,2,17.06.2021,5830,625,Tak,Tak,Nie,Nie,a,Podstawowy,570
3,2,17.06.2021,10249,977,Tak,Tak,Nie,Nie,a,Podstawowy,14130
4,2,17.06.2021,10097,1293,Tak,Tak,Nie,Nie,c,Rozszerzony,620
5,2,17.06.2021,6171,657,Tak,Tak,Nie,Nie,a,Podstawowy,29910
6,2,17.06.2021,6429,705,Tak,Tak,Nie,Nie,a,Podstawowy,310
7,2,17.06.2021,10319,1121,Tak,Tak,Nie,Nie,a,Rozszerzony,24000
8,2,17.06.2021,6640,746,Tak,Tak,Nie,Nie,a,Podstawowy,7520
9,2,17.06.2021,8134,644,Tak,Tak,Nie,Nie,a,Rozszerzony,2030
10,2,17.06.2021,6750,658,Tak,Tak,Nie,Nie,a,Podstawowy,3160
11,2,17.06.2021,8027,1164,Tak,Tak,Nie,Nie,a,Rozszerzony,960
12,2,17.06.2021,9316,1030,Tak,Tak,Nie,Nie,a,Rozszerzony,1070
13,2,17.06.2021,6547,491,Tak,Tak,Nie,Tak,d,Podstawowy,310
14,2,17.06.2021,7253,761,Tak,Tak,Nie,Nie,a,Podstawowy,1300
15,2,17.06.2021,7214,700,Tak,Tak,Nie,Nie,d,Rozszerzony,4110
16,2,17.06.2021,8841,907,Tak,Tak,Nie,Tak,a,Rozszerzony,3270
17,2,17.06.2021,8697,1054,Tak,Tak,Nie,Nie,a,Podstawowy,50
18,2,17.06.2021,7076,752,Tak,Tak,Nie,Nie,d,Rozszerzony,13840
19,2,17.06.2021,8756,755,Tak,Tak,Nie,Nie,a,Rozszerzony,3240
20,2,17.06.2021,8746,969,Tak,Tak,Nie,Tak,d,Podstawowy,2340
21,2,17.06.2021,6751,602,Tak,Tak,Nie,Tak,c,Rozszerzony,550
22,2,17.06.2021,4510,480,Tak,Tak,Nie,Tak,a,Podstawowy,1040
23,2,17.06.2021,6993,567,Tak,Tak,Nie,Nie,d,Podstawowy,4060
24,2,17.06.2021,10524,902,Tak,Tak,Nie,Nie,a,Rozszerzony,4590
25,2,17.06.2021,12942,1746,Tak,Tak,Nie,Nie,c,Podstawowy,430
26,2,17.06.2021,7889,608,Tak,Tak,Nie,Nie,d,Podstawowy,2300
27,2,17.06.2021,12724,1324,Tak,Tak,Nie,Nie,a,Podstawowy,60
28,2,17.06.2021,6699,693,Tak,Tak,Nie,Nie,a,Podstawowy,1200
29,2,17.06.2021,9444,807,Tak,Tak,Nie,Nie,d,Rozszerzony,2170
30,2,17.06.2021,7305,946,Tak,Tak,Nie,Nie,a,Podstawowy,40
31,2,17.06.2021,6235,594,Tak,Tak,Nie,Nie,d,Rozszerzony,9800
32,2,17.06.2021,5408,577,Tak,Tak,Nie,Tak,a,Podstawowy,2910
33,2,17.06.2021,9468,887,Tak,Tak,Nie,Nie,a,Rozszerzony,1320
34,2,17.06.2021,9699,1090,Tak,Tak,Nie,Nie,c,Podstawowy,2240
35,2,17.06.2021,12185,885,Tak,Tak,Nie,Nie,d,Rozszerzony,7660
36,2,17.06.2021,9346,1073,Tak,Tak,Nie,Tak,a,Rozszerzony,540
37,2,17.06.2021,7111,727,Tak,Tak,Nie,Nie,c,Podstawowy,4230
38,2,17.06.2021,7078,583,Tak,Tak,Nie,Nie,d,Podstawowy,1090
39,2,17.06.2021,6297,769,Tak,Tak,Nie,Nie,a,Podstawowy,260
40,2,17.06.2021,6110,733,Tak,Tak,Nie,Nie,a,Podstawowy,180
41,2,17.06.2021,6249,423,Tak,Tak,Nie,Tak,d,Rozszerzony,1180
42,2,17.06.2021,12940,1233,Tak,Tak,Nie,Nie,a,Rozszerzony,290
43,2,17.06.2021,9200,785,Tak,Tak,Nie,Nie,d,Podstawowy,4880
44,2,17.06.2021,7389,770,Tak,Tak,Nie,Nie,a,Podstawowy,540
45,2,17.06.2021,6668,464,Tak,Tak,Nie,Nie,d,Podstawowy,9710
46,2,17.06.2021,6858,753,Tak,Tak,Nie,Tak,c,Podstawowy,1200
47,2,17.06.2021,8740,1044,Tak,Tak,Nie,Nie,a,Rozszerzony,270
48,2,17.06.2021,3971,426,Tak,Tak,Nie,Nie,a,Podstawowy,1060
49,2,17.06.2021,8633,566,Tak,Tak,Nie,Tak,d,Rozszerzony,18010
50,2,17.06.2021,5574,435,Tak,Tak,Nie,Nie,d,Podstawowy,6260
1,1,16.06.2021,4788,529,Tak,Tak,Nie,Nie,c,Podstawowy,1270
2,1,16.06.2021,7394,748,Tak,Tak,Nie,Nie,a,Podstawowy,570
3,1,16.06.2021,10299,920,Tak,Tak,Nie,Nie,a,Podstawowy,14130
4,1,16.06.2021,11121,1425,Tak,Tak,Nie,Nie,c,Rozszerzony,620
5,1,16.06.2021,8065,738,Tak,Tak,Nie,Nie,a,Podstawowy,29910
6,1,16.06.2021,7068,804,Tak,Tak,Nie,Nie,a,Podstawowy,310
7,1,16.06.2021,11289,1158,Tak,Tak,Nie,Nie,a,Rozszerzony,24000
8,1,16.06.2021,7949,807,Tak,Tak,Nie,Nie,a,Podstawowy,7520
9,1,16.06.2021,8999,685,Tak,Tak,Nie,Nie,a,Rozszerzony,2030
10,1,16.06.2021,6816,677,Tak,Tak,Nie,Nie,a,Podstawowy,3160
11,1,16.06.2021,8992,1237,Tak,Tak,Nie,Nie,a,Rozszerzony,960
12,1,16.06.2021,10956,1093,Tak,Tak,Nie,Nie,a,Rozszerzony,1070
13,1,16.06.2021,6869,496,Tak,Tak,Nie,Tak,d,Podstawowy,310
14,1,16.06.2021,8350,851,Tak,Tak,Nie,Nie,a,Podstawowy,1300
15,1,16.06.2021,8827,777,Tak,Tak,Nie,Nie,d,Rozszerzony,4110
16,1,16.06.2021,10157,1057,Tak,Tak,Nie,Tak,a,Rozszerzony,3270
17,1,16.06.2021,10950,1113,Tak,Tak,Nie,Nie,a,Podstawowy,50
18,1,16.06.2021,9875,979,Tak,Tak,Nie,Nie,d,Rozszerzony,13840
19,1,16.06.2021,9987,850,Tak,Tak,Nie,Nie,a,Rozszerzony,3240
20,1,16.06.2021,9044,983,Tak,Tak,Nie,Tak,d,Podstawowy,2340
21,1,16.06.2021,8391,710,Tak,Tak,Nie,Tak,c,Rozszerzony,550
22,1,16.06.2021,6022,595,Tak,Tak,Nie,Tak,a,Podstawowy,1040
23,1,16.06.2021,9123,690,Tak,Tak,Nie,Nie,d,Podstawowy,4060
24,1,16.06.2021,12748,1027,Tak,Tak,Nie,Nie,a,Rozszerzony,4590
25,1,16.06.2021,13068,1751,Tak,Tak,Nie,Nie,c,Podstawowy,430
26,1,16.06.2021,10543,753,Tak,Tak,Nie,Nie,d,Podstawowy,2300
27,1,16.06.2021,14876,1390,Tak,Tak,Nie,Nie,a,Podstawowy,60
28,1,16.06.2021,9443,909,Tak,Tak,Nie,Nie,a,Podstawowy,1200
29,1,16.06.2021,10773,836,Tak,Tak,Nie,Nie,d,Rozszerzony,2170
30,1,16.06.2021,6979,834,Tak,Tak,Nie,Nie,a,Podstawowy,40
31,1,16.06.2021,6431,632,Tak,Tak,Nie,Nie,d,Rozszerzony,9800
32,1,16.06.2021,6460,650,Tak,Tak,Nie,Tak,a,Podstawowy,2910
33,1,16.06.2021,9478,950,Tak,Tak,Nie,Nie,a,Rozszerzony,1320
34,1,16.06.2021,10375,1111,Tak,Tak,Nie,Nie,c,Podstawowy,2240
35,1,16.06.2021,16054,1006,Tak,Tak,Nie,Nie,d,Rozszerzony,7660
36,1,16.06.2021,9814,1079,Tak,Tak,Nie,Tak,a,Rozszerzony,540
37,1,16.06.2021,8749,782,Tak,Tak,Nie,Nie,c,Podstawowy,4230
38,1,16.06.2021,8561,631,Tak,Tak,Nie,Nie,d,Podstawowy,1090
39,1,16.06.2021,8258,924,Tak,Tak,Nie,Nie,a,Podstawowy,260
40,1,16.06.2021,5813,691,Tak,Tak,Nie,Nie,a,Podstawowy,180
41,1,16.06.2021,7188,514,Tak,Tak,Nie,Tak,d,Rozszerzony,1180
42,1,16.06.2021,12662,1274,Tak,Tak,Nie,Nie,a,Rozszerzony,290
43,1,16.06.2021,9378,752,Tak,Tak,Nie,Nie,d,Podstawowy,4880
44,1,16.06.2021,8249,877,Tak,Tak,Nie,Nie,a,Podstawowy,540
45,1,16.06.2021,7055,499,Tak,Tak,Nie,Nie,d,Podstawowy,9710
46,1,16.06.2021,8821,863,Tak,Tak,Nie,Tak,c,Podstawowy,1200
47,1,16.06.2021,8554,1079,Tak,Tak,Nie,Nie,a,Rozszerzony,270
48,1,16.06.2021,4354,446,Tak,Tak,Nie,Nie,a,Podstawowy,1060
49,1,16.06.2021,9466,600,Tak,Tak,Nie,Tak,d,Rozszerzony,18010
50,1,16.06.2021,6275,476,Tak,Tak,Nie,Nie,d,Podstawowy,6260
1,7,15.06.2021,0,0,Nie,Nie,Nie,Nie,c,Podstawowy,1270
2,7,15.06.2021,0,0,Nie,Nie,Nie,Nie,a,Podstawowy,570
3,7,15.06.2021,0,0,Nie,Nie,Nie,Nie,a,Podstawowy,14130
4,7,15.06.2021,0,0,Nie,Nie,Nie,Nie,c,Rozszerzony,620
5,7,15.06.2021,0,0,Nie,Nie,Nie,Nie,a,Podstawowy,29910
6,7,15.06.2021,0,0,Nie,Nie,Nie,Nie,a,Podstawowy,310
7,7,15.06.2021,0,0,Nie,Nie,Nie,Nie,a,Rozszerzony,24000
8,7,15.06.2021,0,0,Nie,Nie,Nie,Nie,a,Podstawowy,7520
9,7,15.06.2021,0,0,Nie,Nie,Nie,Nie,a,Rozszerzony,2030
10,7,15.06.2021,0,0,Nie,Nie,Nie,Nie,a,Podstawowy,3160
11,7,15.06.2021,0,0,Nie,Nie,Nie,Nie,a,Rozszerzony,960
12,7,15.06.2021,0,0,Nie,Nie,Nie,Nie,a,Rozszerzony,1070
13,7,15.06.2021,0,0,Nie,Nie,Nie,Nie,d,Podstawowy,310
14,7,15.06.2021,0,0,Nie,Nie,Nie,Nie,a,Podstawowy,1300
15,7,15.06.2021,0,0,Nie,Nie,Nie,Nie,d,Rozszerzony,4110
16,7,15.06.2021,0,0,Nie,Nie,Nie,Nie,a,Rozszerzony,3270
17,7,15.06.2021,0,0,Nie,Nie,Nie,Nie,a,Podstawowy,50
18,7,15.06.2021,0,0,Nie,Nie,Nie,Nie,d,Rozszerzony,13840
19,7,15.06.2021,0,0,Nie,Nie,Nie,Nie,a,Rozszerzony,3240
20,7,15.06.2021,0,0,Nie,Nie,Nie,Nie,d,Podstawowy,2340
21,7,15.06.2021,0,0,Nie,Nie,Nie,Nie,c,Rozszerzony,550
22,7,15.06.2021,0,0,Nie,Nie,Nie,Nie,a,Podstawowy,1040
23,7,15.06.2021,0,0,Nie,Nie,Nie,Nie,d,Podstawowy,4060
24,7,15.06.2021,0,0,Nie,Nie,Nie,Nie,a,Rozszerzony,4590
25,7,15.06.2021,0,0,Nie,Nie,Nie,Nie,c,Podstawowy,430
26,7,15.06.2021,0,0,Nie,Nie,Nie,Nie,d,Podstawowy,2300
27,7,15.06.2021,0,0,Nie,Nie,Nie,Nie,a,Podstawowy,60
28,7,15.06.2021,0,0,Nie,Nie,Nie,Nie,a,Podstawowy,1200
29,7,15.06.2021,0,0,Nie,Nie,Nie,Nie,d,Rozszerzony,2170
30,7,15.06.2021,0,0,Nie,Nie,Nie,Nie,a,Podstawowy,40
31,7,15.06.2021,0,0,Nie,Nie,Nie,Nie,d,Rozszerzony,9800
32,7,15.06.2021,0,0,Nie,Nie,Nie,Nie,a,Podstawowy,2910
33,7,15.06.2021,0,0,Nie,Nie,Nie,Nie,a,Rozszerzony,1320
34,7,15.06.2021,0,0,Nie,Nie,Nie,Nie,c,Podstawowy,2240
35,7,15.06.2021,0,0,Nie,Nie,Nie,Nie,d,Rozszerzony,7660
36,7,15.06.2021,0,0,Nie,Nie,Nie,Nie,a,Rozszerzony,540
37,7,15.06.2021,0,0,Nie,Nie,Nie,Nie,c,Podstawowy,4230
38,7,15.06.2021,0,0,Nie,Nie,Nie,Nie,d,Podstawowy,1090
39,7,15.06.2021,0,0,Nie,Nie,Nie,Nie,a,Podstawowy,260
40,7,15.06.2021,0,0,Nie,Nie,Nie,Nie,a,Podstawowy,180
41,7,15.06.2021,0,0,Nie,Nie,Nie,Nie,d,Rozszerzony,1180
42,7,15.06.2021,0,0,Nie,Nie,Nie,Nie,a,Rozszerzony,290
43,7,15.06.2021,0,0,Nie,Nie,Nie,Nie,d,Podstawowy,4880
44,7,15.06.2021,0,0,Nie,Nie,Nie,Nie,a,Podstawowy,540
45,7,15.06.2021,0,0,Nie,Nie,Nie,Nie,d,Podstawowy,9710
46,7,15.06.2021,0,0,Nie,Nie,Nie,Nie,c,Podstawowy,1200
47,7,15.06.2021,0,0,Nie,Nie,Nie,Nie,a,Rozszerzony,270
48,7,15.06.2021,0,0,Nie,Nie,Nie,Nie,a,Podstawowy,1060
49,7,15.06.2021,0,0,Nie,Nie,Nie,Nie,d,Rozszerzony,18010
50,7,15.06.2021,0,0,Nie,Nie,Nie,Nie,d,Podstawowy,6260
1,6,14.06.2021,4757,562,Tak,Nie,Nie,Nie,c,Podstawowy,1270
2,6,14.06.2021,2897,337,Tak,Nie,Nie,Nie,a,Podstawowy,570
3,6,14.06.2021,4517,475,Tak,Nie,Nie,Nie,a,Podstawowy,14130
4,6,14.06.2021,11209,1539,Tak,Nie,Nie,Nie,c,Rozszerzony,620
5,6,14.06.2021,1991,237,Tak,Nie,Nie,Nie,a,Podstawowy,29910
6,6,14.06.2021,3171,346,Tak,Nie,Nie,Nie,a,Podstawowy,310
7,6,14.06.2021,7753,962,Tak,Nie,Nie,Nie,a,Rozszerzony,24000
8,6,14.06.2021,2576,346,Tak,Nie,Nie,Nie,a,Podstawowy,7520
9,6,14.06.2021,6392,587,Tak,Nie,Nie,Nie,a,Rozszerzony,2030
10,6,14.06.2021,5188,537,Tak,Nie,Nie,Nie,a,Podstawowy,3160
11,6,14.06.2021,6093,893,Tak,Nie,Nie,Nie,a,Rozszerzony,960
12,6,14.06.2021,5945,801,Tak,Nie,Nie,Nie,a,Rozszerzony,1070
13,6,14.06.2021,4542,367,Tak,Nie,Nie,Nie,d,Podstawowy,310
14,6,14.06.2021,3202,419,Tak,Nie,Nie,Nie,a,Podstawowy,1300
15,6,14.06.2021,5720,633,Tak,Nie,Nie,Nie,d,Rozszerzony,4110
16,6,14.06.2021,5194,525,Tak,Nie,Nie,Nie,a,Rozszerzony,3270
17,6,14.06.2021,2676,374,Tak,Nie,Nie,Nie,a,Podstawowy,50
18,6,14.06.2021,4665,507,Tak,Nie,Nie,Nie,d,Rozszerzony,13840
19,6,14.06.2021,4350,411,Tak,Nie,Nie,Nie,a,Rozszerzony,3240
20,6,14.06.2021,5347,542,Tak,Nie,Nie,Nie,d,Podstawowy,2340
21,6,14.06.2021,4320,514,Tak,Nie,Nie,Nie,c,Rozszerzony,550
22,6,14.06.2021,3069,334,Tak,Nie,Nie,Nie,a,Podstawowy,1040
23,6,14.06.2021,4910,459,Tak,Nie,Nie,Nie,d,Podstawowy,4060
24,6,14.06.2021,7572,704,Tak,Nie,Nie,Nie,a,Rozszerzony,4590
25,6,14.06.2021,9222,1323,Tak,Nie,Nie,Nie,c,Podstawowy,430
26,6,14.06.2021,6093,554,Tak,Nie,Nie,Nie,d,Podstawowy,2300
27,6,14.06.2021,7436,873,Tak,Nie,Nie,Nie,a,Podstawowy,60
28,6,14.06.2021,2795,302,Tak,Nie,Nie,Nie,a,Podstawowy,1200
29,6,14.06.2021,7329,683,Tak,Nie,Nie,Nie,d,Rozszerzony,2170
30,6,14.06.2021,4299,725,Tak,Nie,Nie,Nie,a,Podstawowy,40
31,6,14.06.2021,5397,579,Tak,Nie,Nie,Nie,d,Rozszerzony,9800
32,6,14.06.2021,2233,288,Tak,Nie,Nie,Nie,a,Podstawowy,2910
33,6,14.06.2021,8192,868,Tak,Nie,Nie,Nie,a,Rozszerzony,1320
34,6,14.06.2021,8268,1019,Tak,Nie,Nie,Nie,c,Podstawowy,2240
35,6,14.06.2021,8575,710,Tak,Nie,Nie,Nie,d,Rozszerzony,7660
36,6,14.06.2021,9233,1029,Tak,Nie,Nie,Nie,a,Rozszerzony,540
37,6,14.06.2021,7872,901,Tak,Nie,Nie,Nie,c,Podstawowy,4230
38,6,14.06.2021,6462,603,Tak,Nie,Nie,Nie,d,Podstawowy,1090
39,6,14.06.2021,2680,368,Tak,Nie,Nie,Nie,a,Podstawowy,260
40,6,14.06.2021,5058,684,Tak,Nie,Nie,Nie,a,Podstawowy,180
41,6,14.06.2021,6129,445,Tak,Nie,Nie,Nie,d,Rozszerzony,1180
42,6,14.06.2021,8581,952,Tak,Nie,Nie,Nie,a,Rozszerzony,290
43,6,14.06.2021,3345,352,Tak,Nie,Nie,Nie,d,Podstawowy,4880
44,6,14.06.2021,3837,444,Tak,Nie,Nie,Nie,a,Podstawowy,540
45,6,14.06.2021,5819,450,Tak,Nie,Nie,Nie,d,Podstawowy,9710
46,6,14.06.2021,5048,654,Tak,Nie,Nie,Nie,c,Podstawowy,1200
47,6,14.06.2021,5376,730,Tak,Nie,Nie,Nie,a,Rozszerzony,270
48,6,14.06.2021,2614,304,Tak,Nie,Nie,Nie,a,Podstawowy,1060
49,6,14.06.2021,7559,560,Tak,Nie,Nie,Nie,d,Rozszerzony,18010
50,6,14.06.2021,4389,383,Tak,Nie,Nie,Nie,d,Podstawowy,6260
1,5,13.06.2021,3901,498,Tak,Nie,Nie,Nie,c,Podstawowy,1270
2,5,13.06.2021,4568,544,Tak,Nie,Nie,Nie,a,Podstawowy,570
3,5,13.06.2021,6343,727,Tak,Nie,Nie,Nie,a,Podstawowy,14130
4,5,13.06.2021,8077,1144,Tak,Nie,Nie,Nie,c,Rozszerzony,620
5,5,13.06.2021,4176,558,Tak,Nie,Nie,Nie,a,Podstawowy,29910
6,5,13.06.2021,5461,642,Tak,Nie,Nie,Nie,a,Podstawowy,310
7,5,13.06.2021,9202,1099,Tak,Nie,Nie,Nie,a,Rozszerzony,24000
8,5,13.06.2021,4417,551,Tak,Nie,Nie,Nie,a,Podstawowy,7520
9,5,13.06.2021,6052,566,Tak,Nie,Nie,Nie,a,Rozszerzony,2030
10,5,13.06.2021,5047,568,Tak,Nie,Nie,Nie,a,Podstawowy,3160
11,5,13.06.2021,6433,996,Tak,Nie,Nie,Nie,a,Rozszerzony,960
12,5,13.06.2021,5791,815,Tak,Nie,Nie,Nie,a,Rozszerzony,1070
13,5,13.06.2021,3760,303,Tak,Nie,Nie,Tak,d,Podstawowy,310
14,5,13.06.2021,5548,677,Tak,Nie,Nie,Nie,a,Podstawowy,1300
15,5,13.06.2021,5571,657,Tak,Nie,Nie,Nie,d,Rozszerzony,4110
16,5,13.06.2021,6516,741,Tak,Nie,Nie,Tak,a,Rozszerzony,3270
17,5,13.06.2021,5699,807,Tak,Nie,Nie,Nie,a,Podstawowy,50
18,5,13.06.2021,6429,804,Tak,Nie,Nie,Nie,d,Rozszerzony,13840
19,5,13.06.2021,6469,665,Tak,Nie,Nie,Nie,a,Rozszerzony,3240
20,5,13.06.2021,6590,796,Tak,Nie,Nie,Tak,d,Podstawowy,2340
21,5,13.06.2021,4425,452,Tak,Nie,Nie,Tak,c,Rozszerzony,550
22,5,13.06.2021,3903,485,Tak,Nie,Nie,Tak,a,Podstawowy,1040
23,5,13.06.2021,5043,488,Tak,Nie,Nie,Nie,d,Podstawowy,4060
24,5,13.06.2021,8190,763,Tak,Nie,Nie,Nie,a,Rozszerzony,4590
25,5,13.06.2021,9709,1427,Tak,Nie,Nie,Nie,c,Podstawowy,430
26,5,13.06.2021,5895,502,Tak,Nie,Nie,Nie,d,Podstawowy,2300
27,5,13.06.2021,7879,1010,Tak,Nie,Nie,Nie,a,Podstawowy,60
28,5,13.06.2021,5098,606,Tak,Nie,Nie,Nie,a,Podstawowy,1200
29,5,13.06.2021,6201,570,Tak,Nie,Nie,Nie,d,Rozszerzony,2170
30,5,13.06.2021,3851,595,Tak,Nie,Nie,Nie,a,Podstawowy,40
31,5,13.06.2021,5161,593,Tak,Nie,Nie,Nie,d,Rozszerzony,9800
32,5,13.06.2021,4058,485,Tak,Nie,Nie,Tak,a,Podstawowy,2910
33,5,13.06.2021,7374,785,Tak,Nie,Nie,Nie,a,Rozszerzony,1320
34,5,13.06.2021,7114,968,Tak,Nie,Nie,Nie,c,Podstawowy,2240
35,5,13.06.2021,7866,697,Tak,Nie,Nie,Nie,d,Rozszerzony,7660
36,5,13.06.2021,8330,981,Tak,Nie,Nie,Tak,a,Rozszerzony,540
37,5,13.06.2021,6621,728,Tak,Nie,Nie,Nie,c,Podstawowy,4230
38,5,13.06.2021,4371,426,Tak,Nie,Nie,Nie,d,Podstawowy,1090
39,5,13.06.2021,3196,479,Tak,Nie,Nie,Nie,a,Podstawowy,260
40,5,13.06.2021,4025,572,Tak,Nie,Nie,Nie,a,Podstawowy,180
41,5,13.06.2021,6652,464,Tak,Nie,Nie,Tak,d,Rozszerzony,1180
42,5,13.06.2021,9021,1017,Tak,Nie,Nie,Nie,a,Rozszerzony,290
43,5,13.06.2021,6164,614,Tak,Nie,Nie,Nie,d,Podstawowy,4880
44,5,13.06.2021,5360,667,Tak,Nie,Nie,Nie,a,Podstawowy,540
45,5,13.06.2021,5024,410,Tak,Nie,Nie,Nie,d,Podstawowy,9710
46,5,13.06.2021,4491,571,Tak,Nie,Nie,Tak,c,Podstawowy,1200
47,5,13.06.2021,5626,790,Tak,Nie,Nie,Nie,a,Rozszerzony,270
48,5,13.06.2021,3243,373,Tak,Nie,Nie,Nie,a,Podstawowy,1060
49,5,13.06.2021,7018,524,Tak,Nie,Nie,Tak,d,Rozszerzony,18010
50,5,13.06.2021,3534,311,Tak,Nie,Nie,Nie,d,Podstawowy,6260
1,4,12.06.2021,3702,489,Tak,Nie,Nie,Nie,c,Podstawowy,1270
2,4,12.06.2021,5187,632,Tak,Nie,Nie,Nie,a,Podstawowy,570
3,4,12.06.2021,6889,782,Tak,Nie,Nie,Nie,a,Podstawowy,14130
4,4,12.06.2021,8637,1184,Tak,Nie,Nie,Nie,c,Rozszerzony,620
5,4,12.06.2021,4585,577,Tak,Nie,Nie,Nie,a,Podstawowy,29910
6,4,12.06.2021,4546,619,Tak,Nie,Nie,Nie,a,Podstawowy,310
7,4,12.06.2021,8160,961,Tak,Nie,Nie,Nie,a,Rozszerzony,24000
8,4,12.06.2021,5671,752,Tak,Nie,Nie,Nie,a,Podstawowy,7520
9,4,12.06.2021,5728,561,Tak,Nie,Nie,Nie,a,Rozszerzony,2030
10,4,12.06.2021,5746,593,Tak,Nie,Nie,Nie,a,Podstawowy,3160
11,4,12.06.2021,7638,1180,Tak,Nie,Nie,Nie,a,Rozszerzony,960
12,4,12.06.2021,6615,849,Tak,Nie,Nie,Nie,a,Rozszerzony,1070
13,4,12.06.2021,3593,318,Tak,Nie,Nie,Tak,d,Podstawowy,310
14,4,12.06.2021,5387,646,Tak,Nie,Nie,Nie,a,Podstawowy,1300
15,4,12.06.2021,6188,657,Tak,Nie,Nie,Nie,d,Rozszerzony,4110
16,4,12.06.2021,6945,820,Tak,Nie,Nie,Tak,a,Rozszerzony,3270
17,4,12.06.2021,5732,802,Tak,Nie,Nie,Nie,a,Podstawowy,50
18,4,12.06.2021,6098,732,Tak,Nie,Nie,Nie,d,Rozszerzony,13840
19,4,12.06.2021,5918,624,Tak,Nie,Nie,Nie,a,Rozszerzony,3240
20,4,12.06.2021,8745,1028,Tak,Nie,Nie,Tak,d,Podstawowy,2340
21,4,12.06.2021,3486,394,Tak,Nie,Nie,Tak,c,Rozszerzony,550
22,4,12.06.2021,3671,447,Tak,Nie,Nie,Tak,a,Podstawowy,1040
23,4,12.06.2021,4248,421,Tak,Nie,Nie,Nie,d,Podstawowy,4060
24,4,12.06.2021,8541,773,Tak,Nie,Nie,Nie,a,Rozszerzony,4590
25,4,12.06.2021,10346,1541,Tak,Nie,Nie,Nie,c,Podstawowy,430
26,4,12.06.2021,6839,596,Tak,Nie,Nie,Nie,d,Podstawowy,2300
27,4,12.06.2021,8186,1044,Tak,Nie,Nie,Nie,a,Podstawowy,60
28,4,12.06.2021,5779,672,Tak,Nie,Nie,Nie,a,Podstawowy,1200
29,4,12.06.2021,6268,555,Tak,Nie,Nie,Nie,d,Rozszerzony,2170
30,4,12.06.2021,4889,729,Tak,Nie,Nie,Nie,a,Podstawowy,40
31,4,12.06.2021,5157,580,Tak,Nie,Nie,Nie,d,Rozszerzony,9800
32,4,12.06.2021,3840,485,Tak,Nie,Nie,Tak,a,Podstawowy,2910
33,4,12.06.2021,6782,738,Tak,Nie,Nie,Nie,a,Rozszerzony,1320
34,4,12.06.2021,8636,1031,Tak,Nie,Nie,Nie,c,Podstawowy,2240
35,4,12.06.2021,8188,711,Tak,Nie,Nie,Nie,d,Rozszerzony,7660
36,4,12.06.2021,7631,947,Tak,Nie,Nie,Tak,a,Rozszerzony,540
37,4,12.06.2021,6072,686,Tak,Nie,Nie,Nie,c,Podstawowy,4230
38,4,12.06.2021,3986,394,Tak,Nie,Nie,Nie,d,Podstawowy,1090
39,4,12.06.2021,4378,610,Tak,Nie,Nie,Nie,a,Podstawowy,260
40,4,12.06.2021,3875,554,Tak,Nie,Nie,Nie,a,Podstawowy,180
41,4,12.06.2021,5261,386,Tak,Nie,Nie,Tak,d,Rozszerzony,1180
42,4,12.06.2021,9666,1070,Tak,Nie,Nie,Nie,a,Rozszerzony,290
43,4,12.06.2021,5884,599,Tak,Nie,Nie,Nie,d,Podstawowy,4880
44,4,12.06.2021,5050,681,Tak,Nie,Nie,Nie,a,Podstawowy,540
45,4,12.06.2021,4468,364,Tak,Nie,Nie,Nie,d,Podstawowy,9710
46,4,12.06.2021,4318,555,Tak,Nie,Nie,Tak,c,Podstawowy,1200
47,4,12.06.2021,5831,867,Tak,Nie,Nie,Nie,a,Rozszerzony,270
48,4,12.06.2021,3410,389,Tak,Nie,Nie,Nie,a,Podstawowy,1060
49,4,12.06.2021,6290,448,Tak,Nie,Nie,Tak,d,Rozszerzony,18010
50,4,12.06.2021,3730,334,Tak,Nie,Nie,Nie,d,Podstawowy,6260
1,3,11.06.2021,4207,535,Tak,Nie,Nie,Nie,c,Podstawowy,1270
2,3,11.06.2021,4976,670,Tak,Nie,Nie,Nie,a,Podstawowy,570
3,3,11.06.2021,5947,684,Tak,Nie,Nie,Nie,a,Podstawowy,14130
4,3,11.06.2021,8163,1139,Tak,Nie,Nie,Nie,c,Rozszerzony,620
5,3,11.06.2021,3857,560,Tak,Nie,Nie,Nie,a,Podstawowy,29910
6,3,11.06.2021,4961,594,Tak,Nie,Nie,Nie,a,Podstawowy,310
7,3,11.06.2021,8592,982,Tak,Nie,Nie,Nie,a,Rozszerzony,24000
8,3,11.06.2021,4787,610,Tak,Nie,Nie,Nie,a,Podstawowy,7520
9,3,11.06.2021,6042,554,Tak,Nie,Nie,Nie,a,Rozszerzony,2030
10,3,11.06.2021,5163,575,Tak,Nie,Nie,Nie,a,Podstawowy,3160
11,3,11.06.2021,8031,1182,Tak,Nie,Nie,Nie,a,Rozszerzony,960
12,3,11.06.2021,6395,866,Tak,Nie,Nie,Nie,a,Rozszerzony,1070
13,3,11.06.2021,3415,306,Tak,Nie,Nie,Tak,d,Podstawowy,310
14,3,11.06.2021,5081,654,Tak,Nie,Nie,Nie,a,Podstawowy,1300
15,3,11.06.2021,5951,648,Tak,Nie,Nie,Nie,d,Rozszerzony,4110
16,3,11.06.2021,7274,855,Tak,Nie,Nie,Tak,a,Rozszerzony,3270
17,3,11.06.2021,5154,731,Tak,Nie,Nie,Nie,a,Podstawowy,50
18,3,11.06.2021,6427,681,Tak,Nie,Nie,Nie,d,Rozszerzony,13840
19,3,11.06.2021,5724,584,Tak,Nie,Nie,Nie,a,Rozszerzony,3240
20,3,11.06.2021,7652,925,Tak,Nie,Nie,Tak,d,Podstawowy,2340
21,3,11.06.2021,3857,393,Tak,Nie,Nie,Tak,c,Rozszerzony,550
22,3,11.06.2021,3704,410,Tak,Nie,Nie,Tak,a,Podstawowy,1040
23,3,11.06.2021,4726,436,Tak,Nie,Nie,Nie,d,Podstawowy,4060
24,3,11.06.2021,7064,720,Tak,Nie,Nie,Nie,a,Rozszerzony,4590
25,3,11.06.2021,9891,1455,Tak,Nie,Nie,Nie,c,Podstawowy,430
26,3,11.06.2021,5669,507,Tak,Nie,Nie,Nie,d,Podstawowy,2300
27,3,11.06.2021,7927,965,Tak,Nie,Nie,Nie,a,Podstawowy,60
28,3,11.06.2021,4029,473,Tak,Nie,Nie,Nie,a,Podstawowy,1200
29,3,11.06.2021,6064,557,Tak,Nie,Nie,Nie,d,Rozszerzony,2170
30,3,11.06.2021,4155,605,Tak,Nie,Nie,Nie,a,Podstawowy,40
31,3,11.06.2021,5180,585,Tak,Nie,Nie,Nie,d,Rozszerzony,9800
32,3,11.06.2021,4044,495,Tak,Nie,Nie,Tak,a,Podstawowy,2910
33,3,11.06.2021,6668,721,Tak,Nie,Nie,Nie,a,Rozszerzony,1320
34,3,11.06.2021,7218,911,Tak,Nie,Nie,Nie,c,Podstawowy,2240
35,3,11.06.2021,8352,644,Tak,Nie,Nie,Nie,d,Rozszerzony,7660
36,3,11.06.2021,8626,1021,Tak,Nie,Nie,Tak,a,Rozszerzony,540
37,3,11.06.2021,5047,554,Tak,Nie,Nie,Nie,c,Podstawowy,4230
38,3,11.06.2021,4402,404,Tak,Nie,Nie,Nie,d,Podstawowy,1090
39,3,11.06.2021,4228,580,Tak,Nie,Nie,Nie,a,Podstawowy,260
40,3,11.06.2021,3812,540,Tak,Nie,Nie,Nie,a,Podstawowy,180
41,3,11.06.2021,5679,390,Tak,Nie,Nie,Tak,d,Rozszerzony,1180
42,3,11.06.2021,8776,1065,Tak,Nie,Nie,Nie,a,Rozszerzony,290
43,3,11.06.2021,6462,617,Tak,Nie,Nie,Nie,d,Podstawowy,4880
44,3,11.06.2021,4642,597,Tak,Nie,Nie,Nie,a,Podstawowy,540
45,3,11.06.2021,3791,334,Tak,Nie,Nie,Nie,d,Podstawowy,9710
46,3,11.06.2021,3966,526,Tak,Nie,Nie,Tak,c,Podstawowy,1200
47,3,11.06.2021,6463,920,Tak,Nie,Nie,Nie,a,Rozszerzony,270
48,3,11.06.2021,3323,386,Tak,Nie,Nie,Nie,a,Podstawowy,1060
49,3,11.06.2021,6374,487,Tak,Nie,Nie,Tak,d,Rozszerzony,18010
50,3,11.06.2021,3354,299,Tak,Nie,Nie,Nie,d,Podstawowy,6260
1,2,10.06.2021,4607,560,Tak,Nie,Nie,Nie,c,Podstawowy,1270
2,2,10.06.2021,4403,526,Tak,Nie,Nie,Nie,a,Podstawowy,570
3,2,10.06.2021,5831,731,Tak,Nie,Nie,Tak,a,Podstawowy,14130
4,2,10.06.2021,10239,1386,Tak,Nie,Nie,Nie,c,Rozszerzony,620
5,2,10.06.2021,4196,570,Tak,Nie,Nie,Nie,a,Podstawowy,29910
6,2,10.06.2021,5179,651,Tak,Nie,Nie,Nie,a,Podstawowy,310
7,2,10.06.2021,10432,1194,Tak,Nie,Nie,Nie,a,Rozszerzony,24000
8,2,10.06.2021,5891,741,Tak,Nie,Nie,Nie,a,Podstawowy,7520
9,2,10.06.2021,6937,634,Tak,Nie,Nie,Tak,a,Rozszerzony,2030
10,2,10.06.2021,5762,612,Tak,Nie,Nie,Tak,a,Podstawowy,3160
11,2,10.06.2021,7761,1213,Tak,Nie,Nie,Nie,a,Rozszerzony,960
12,2,10.06.2021,6604,907,Tak,Nie,Nie,Nie,a,Rozszerzony,1070
13,2,10.06.2021,3589,296,Tak,Nie,Nie,Tak,d,Podstawowy,310
14,2,10.06.2021,5824,698,Tak,Nie,Nie,Tak,a,Podstawowy,1300
15,2,10.06.2021,6525,718,Tak,Nie,Nie,Nie,d,Rozszerzony,4110
16,2,10.06.2021,7559,894,Tak,Nie,Nie,Tak,a,Rozszerzony,3270
17,2,10.06.2021,5480,793,Tak,Nie,Nie,Nie,a,Podstawowy,50
18,2,10.06.2021,6171,730,Tak,Nie,Nie,Nie,d,Rozszerzony,13840
19,2,10.06.2021,6445,645,Tak,Nie,Nie,Tak,a,Rozszerzony,3240
20,2,10.06.2021,8986,999,Tak,Nie,Nie,Tak,d,Podstawowy,2340
21,2,10.06.2021,4338,401,Tak,Nie,Nie,Tak,c,Rozszerzony,550
22,2,10.06.2021,4527,471,Tak,Nie,Nie,Tak,a,Podstawowy,1040
23,2,10.06.2021,5112,438,Tak,Nie,Nie,Nie,d,Podstawowy,4060
24,2,10.06.2021,7585,710,Tak,Nie,Nie,Tak,a,Rozszerzony,4590
25,2,10.06.2021,11493,1666,Tak,Nie,Nie,Tak,c,Podstawowy,430
26,2,10.06.2021,5239,509,Tak,Nie,Nie,Nie,d,Podstawowy,2300
27,2,10.06.2021,8642,1047,Tak,Nie,Nie,Tak,a,Podstawowy,60
28,2,10.06.2021,5094,625,Tak,Nie,Nie,Nie,a,Podstawowy,1200
29,2,10.06.2021,4920,506,Tak,Nie,Nie,Tak,d,Rozszerzony,2170
30,2,10.06.2021,4459,650,Tak,Nie,Nie,Tak,a,Podstawowy,40
31,2,10.06.2021,5873,596,Tak,Nie,Nie,Nie,d,Rozszerzony,9800
32,2,10.06.2021,4047,483,Tak,Nie,Nie,Tak,a,Podstawowy,2910
33,2,10.06.2021,7970,844,Tak,Nie,Nie,Tak,a,Rozszerzony,1320
34,2,10.06.2021,8373,1050,Tak,Nie,Nie,Nie,c,Podstawowy,2240
35,2,10.06.2021,9192,732,Tak,Nie,Nie,Tak,d,Rozszerzony,7660
36,2,10.06.2021,8774,1116,Tak,Nie,Nie,Tak,a,Rozszerzony,540
37,2,10.06.2021,4853,577,Tak,Nie,Nie,Nie,c,Podstawowy,4230
38,2,10.06.2021,5187,453,Tak,Nie,Nie,Tak,d,Podstawowy,1090
39,2,10.06.2021,4510,627,Tak,Nie,Nie,Tak,a,Podstawowy,260
40,2,10.06.2021,4341,587,Tak,Nie,Nie,Tak,a,Podstawowy,180
41,2,10.06.2021,6259,463,Tak,Nie,Nie,Tak,d,Rozszerzony,1180
42,2,10.06.2021,9405,1115,Tak,Nie,Nie,Tak,a,Rozszerzony,290
43,2,10.06.2021,6810,650,Tak,Nie,Nie,Tak,d,Podstawowy,4880
44,2,10.06.2021,5370,664,Tak,Nie,Nie,Nie,a,Podstawowy,540
45,2,10.06.2021,4774,390,Tak,Nie,Nie,Nie,d,Podstawowy,9710
46,2,10.06.2021,4549,589,Tak,Nie,Nie,Tak,c,Podstawowy,1200
47,2,10.06.2021,6539,916,Tak,Nie,Nie,Nie,a,Rozszerzony,270
48,2,10.06.2021,3311,426,Tak,Nie,Nie,Nie,a,Podstawowy,1060
49,2,10.06.2021,7487,560,Tak,Nie,Nie,Tak,d,Rozszerzony,18010
50,2,10.06.2021,4400,392,Tak,Nie,Nie,Nie,d,Podstawowy,6260
1,1,09.06.2021,0,0,Nie,Nie,Narodowe,Nie,c,Podstawowy,1270
2,1,09.06.2021,0,0,Nie,Nie,Narodowe,Nie,a,Podstawowy,570
3,1,09.06.2021,0,0,Nie,Nie,Narodowe,Nie,a,Podstawowy,14130
4,1,09.06.2021,0,0,Nie,Nie,Narodowe,Nie,c,Rozszerzony,620
5,1,09.06.2021,0,0,Nie,Nie,Narodowe,Nie,a,Podstawowy,29910
6,1,09.06.2021,0,0,Nie,Nie,Narodowe,Nie,a,Podstawowy,310
7,1,09.06.2021,0,0,Nie,Nie,Narodowe,Nie,a,Rozszerzony,24000
8,1,09.06.2021,0,0,Nie,Nie,Narodowe,Nie,a,Podstawowy,7520
9,1,09.06.2021,0,0,Nie,Nie,Narodowe,Nie,a,Rozszerzony,2030
10,1,09.06.2021,0,0,Nie,Nie,Narodowe,Nie,a,Podstawowy,3160
11,1,09.06.2021,0,0,Nie,Nie,Narodowe,Nie,a,Rozszerzony,960
12,1,09.06.2021,0,0,Nie,Nie,Narodowe,Nie,a,Rozszerzony,1070
13,1,09.06.2021,0,0,Nie,Nie,Narodowe,Nie,d,Podstawowy,310
14,1,09.06.2021,0,0,Nie,Nie,Narodowe,Nie,a,Podstawowy,1300
15,1,09.06.2021,0,0,Nie,Nie,Narodowe,Nie,d,Rozszerzony,4110
16,1,09.06.2021,0,0,Nie,Nie,Narodowe,Nie,a,Rozszerzony,3270
17,1,09.06.2021,0,0,Nie,Nie,Narodowe,Nie,a,Podstawowy,50
18,1,09.06.2021,0,0,Nie,Nie,Narodowe,Nie,d,Rozszerzony,13840
19,1,09.06.2021,0,0,Nie,Nie,Narodowe,Nie,a,Rozszerzony,3240
20,1,09.06.2021,0,0,Nie,Nie,Narodowe,Nie,d,Podstawowy,2340
21,1,09.06.2021,0,0,Nie,Nie,Narodowe,Nie,c,Rozszerzony,550
22,1,09.06.2021,0,0,Nie,Nie,Narodowe,Nie,a,Podstawowy,1040
23,1,09.06.2021,0,0,Nie,Nie,Narodowe,Nie,d,Podstawowy,4060
24,1,09.06.2021,0,0,Nie,Nie,Narodowe,Nie,a,Rozszerzony,4590
25,1,09.06.2021,0,0,Nie,Nie,Narodowe,Nie,c,Podstawowy,430
26,1,09.06.2021,0,0,Nie,Nie,Narodowe,Nie,d,Podstawowy,2300
27,1,09.06.2021,0,0,Nie,Nie,Narodowe,Nie,a,Podstawowy,60
28,1,09.06.2021,0,0,Nie,Nie,Narodowe,Nie,a,Podstawowy,1200
29,1,09.06.2021,0,0,Nie,Nie,Narodowe,Nie,d,Rozszerzony,2170
30,1,09.06.2021,0,0,Nie,Nie,Narodowe,Nie,a,Podstawowy,40
31,1,09.06.2021,0,0,Nie,Nie,Narodowe,Nie,d,Rozszerzony,9800
32,1,09.06.2021,0,0,Nie,Nie,Narodowe,Nie,a,Podstawowy,2910
33,1,09.06.2021,0,0,Nie,Nie,Narodowe,Nie,a,Rozszerzony,1320
34,1,09.06.2021,0,0,Nie,Nie,Narodowe,Nie,c,Podstawowy,2240
35,1,09.06.2021,0,0,Nie,Nie,Narodowe,Nie,d,Rozszerzony,7660
36,1,09.06.2021,0,0,Nie,Nie,Narodowe,Nie,a,Rozszerzony,540
37,1,09.06.2021,0,0,Nie,Nie,Narodowe,Nie,c,Podstawowy,4230
38,1,09.06.2021,0,0,Nie,Nie,Narodowe,Nie,d,Podstawowy,1090
39,1,09.06.2021,0,0,Nie,Nie,Narodowe,Nie,a,Podstawowy,260
40,1,09.06.2021,0,0,Nie,Nie,Narodowe,Nie,a,Podstawowy,180
41,1,09.06.2021,0,0,Nie,Nie,Narodowe,Nie,d,Rozszerzony,1180
42,1,09.06.2021,0,0,Nie,Nie,Narodowe,Nie,a,Rozszerzony,290
43,1,09.06.2021,0,0,Nie,Nie,Narodowe,Nie,d,Podstawowy,4880
44,1,09.06.2021,0,0,Nie,Nie,Narodowe,Nie,a,Podstawowy,540
45,1,09.06.2021,0,0,Nie,Nie,Narodowe,Nie,d,Podstawowy,9710
46,1,09.06.2021,0,0,Nie,Nie,Narodowe,Nie,c,Podstawowy,1200
47,1,09.06.2021,0,0,Nie,Nie,Narodowe,Nie,a,Rozszerzony,270
48,1,09.06.2021,0,0,Nie,Nie,Narodowe,Nie,a,Podstawowy,1060
49,1,09.06.2021,0,0,Nie,Nie,Narodowe,Nie,d,Rozszerzony,18010
50,1,09.06.2021,0,0,Nie,Nie,Narodowe,Nie,d,Podstawowy,6260
1,7,08.06.2021,0,0,Nie,Nie,Nie,Nie,c,Podstawowy,1270
2,7,08.06.2021,0,0,Nie,Nie,Nie,Nie,a,Podstawowy,570
3,7,08.06.2021,0,0,Nie,Nie,Nie,Nie,a,Podstawowy,14130
4,7,08.06.2021,0,0,Nie,Nie,Nie,Nie,c,Rozszerzony,620
5,7,08.06.2021,0,0,Nie,Nie,Nie,Nie,a,Podstawowy,29910
6,7,08.06.2021,0,0,Nie,Nie,Nie,Nie,a,Podstawowy,310
7,7,08.06.2021,0,0,Nie,Nie,Nie,Nie,a,Rozszerzony,24000
8,7,08.06.2021,0,0,Nie,Nie,Nie,Nie,a,Podstawowy,7520
9,7,08.06.2021,0,0,Nie,Nie,Nie,Nie,a,Rozszerzony,2030
10,7,08.06.2021,0,0,Nie,Nie,Nie,Nie,a,Podstawowy,3160
11,7,08.06.2021,0,0,Nie,Nie,Nie,Nie,a,Rozszerzony,960
12,7,08.06.2021,0,0,Nie,Nie,Nie,Nie,a,Rozszerzony,1070
13,7,08.06.2021,0,0,Nie,Nie,Nie,Nie,d,Podstawowy,310
14,7,08.06.2021,0,0,Nie,Nie,Nie,Nie,a,Podstawowy,1300
15,7,08.06.2021,0,0,Nie,Nie,Nie,Nie,d,Rozszerzony,4110
16,7,08.06.2021,0,0,Nie,Nie,Nie,Nie,a,Rozszerzony,3270
17,7,08.06.2021,0,0,Nie,Nie,Nie,Nie,a,Podstawowy,50
18,7,08.06.2021,0,0,Nie,Nie,Nie,Nie,d,Rozszerzony,13840
19,7,08.06.2021,0,0,Nie,Nie,Nie,Nie,a,Rozszerzony,3240
20,7,08.06.2021,0,0,Nie,Nie,Nie,Nie,d,Podstawowy,2340
21,7,08.06.2021,0,0,Nie,Nie,Nie,Nie,c,Rozszerzony,550
22,7,08.06.2021,0,0,Nie,Nie,Nie,Nie,a,Podstawowy,1040
23,7,08.06.2021,0,0,Nie,Nie,Nie,Nie,d,Podstawowy,4060
24,7,08.06.2021,0,0,Nie,Nie,Nie,Nie,a,Rozszerzony,4590
25,7,08.06.2021,0,0,Nie,Nie,Nie,Nie,c,Podstawowy,430
26,7,08.06.2021,0,0,Nie,Nie,Nie,Nie,d,Podstawowy,2300
27,7,08.06.2021,0,0,Nie,Nie,Nie,Nie,a,Podstawowy,60
28,7,08.06.2021,0,0,Nie,Nie,Nie,Nie,a,Podstawowy,1200
29,7,08.06.2021,0,0,Nie,Nie,Nie,Nie,d,Rozszerzony,2170
30,7,08.06.2021,0,0,Nie,Nie,Nie,Nie,a,Podstawowy,40
31,7,08.06.2021,0,0,Nie,Nie,Nie,Nie,d,Rozszerzony,9800
32,7,08.06.2021,0,0,Nie,Nie,Nie,Nie,a,Podstawowy,2910
33,7,08.06.2021,0,0,Nie,Nie,Nie,Nie,a,Rozszerzony,1320
34,7,08.06.2021,0,0,Nie,Nie,Nie,Nie,c,Podstawowy,2240
35,7,08.06.2021,0,0,Nie,Nie,Nie,Nie,d,Rozszerzony,7660
36,7,08.06.2021,0,0,Nie,Nie,Nie,Nie,a,Rozszerzony,540
37,7,08.06.2021,0,0,Nie,Nie,Nie,Nie,c,Podstawowy,4230
38,7,08.06.2021,0,0,Nie,Nie,Nie,Nie,d,Podstawowy,1090
39,7,08.06.2021,0,0,Nie,Nie,Nie,Nie,a,Podstawowy,260
40,7,08.06.2021,0,0,Nie,Nie,Nie,Nie,a,Podstawowy,180
41,7,08.06.2021,0,0,Nie,Nie,Nie,Nie,d,Rozszerzony,1180
42,7,08.06.2021,0,0,Nie,Nie,Nie,Nie,a,Rozszerzony,290
43,7,08.06.2021,0,0,Nie,Nie,Nie,Nie,d,Podstawowy,4880
44,7,08.06.2021,0,0,Nie,Nie,Nie,Nie,a,Podstawowy,540
45,7,08.06.2021,0,0,Nie,Nie,Nie,Nie,d,Podstawowy,9710
46,7,08.06.2021,0,0,Nie,Nie,Nie,Nie,c,Podstawowy,1200
47,7,08.06.2021,0,0,Nie,Nie,Nie,Nie,a,Rozszerzony,270
48,7,08.06.2021,0,0,Nie,Nie,Nie,Nie,a,Podstawowy,1060
49,7,08.06.2021,0,0,Nie,Nie,Nie,Nie,d,Rozszerzony,18010
50,7,08.06.2021,0,0,Nie,Nie,Nie,Nie,d,Podstawowy,6260
1,6,07.06.2021,4923,555,Tak,Nie,Nie,Nie,c,Podstawowy,1270
2,6,07.06.2021,2893,384,Tak,Nie,Nie,Nie,a,Podstawowy,570
3,6,07.06.2021,4903,571,Tak,Nie,Nie,Nie,a,Podstawowy,14130
4,6,07.06.2021,10164,1472,Tak,Nie,Nie,Nie,c,Rozszerzony,620
5,6,07.06.2021,2461,262,Tak,Nie,Nie,Nie,a,Podstawowy,29910
6,6,07.06.2021,2355,301,Tak,Nie,Nie,Nie,a,Podstawowy,310
7,6,07.06.2021,6822,777,Tak,Nie,Nie,Nie,a,Rozszerzony,24000
8,6,07.06.2021,2878,391,Tak,Nie,Nie,Nie,a,Podstawowy,7520
9,6,07.06.2021,6677,633,Tak,Nie,Nie,Nie,a,Rozszerzony,2030
10,6,07.06.2021,5189,543,Tak,Nie,Nie,Nie,a,Podstawowy,3160
11,6,07.06.2021,5480,869,Tak,Nie,Nie,Nie,a,Rozszerzony,960
12,6,07.06.2021,6030,968,Tak,Nie,Nie,Nie,a,Rozszerzony,1070
13,6,07.06.2021,4408,357,Tak,Nie,Nie,Nie,d,Podstawowy,310
14,6,07.06.2021,4034,461,Tak,Nie,Nie,Nie,a,Podstawowy,1300
15,6,07.06.2021,5760,628,Tak,Nie,Nie,Nie,d,Rozszerzony,4110
16,6,07.06.2021,5542,599,Tak,Nie,Nie,Nie,a,Rozszerzony,3270
17,6,07.06.2021,3064,433,Tak,Nie,Nie,Nie,a,Podstawowy,50
18,6,07.06.2021,4420,536,Tak,Nie,Nie,Nie,d,Rozszerzony,13840
19,6,07.06.2021,4708,432,Tak,Nie,Nie,Nie,a,Rozszerzony,3240
20,6,07.06.2021,6138,576,Tak,Nie,Nie,Nie,d,Podstawowy,2340
21,6,07.06.2021,4951,536,Tak,Nie,Nie,Nie,c,Rozszerzony,550
22,6,07.06.2021,3795,427,Tak,Nie,Nie,Nie,a,Podstawowy,1040
23,6,07.06.2021,4370,437,Tak,Nie,Nie,Nie,d,Podstawowy,4060
24,6,07.06.2021,6875,646,Tak,Nie,Nie,Nie,a,Rozszerzony,4590
25,6,07.06.2021,9017,1377,Tak,Nie,Nie,Nie,c,Podstawowy,430
26,6,07.06.2021,5394,500,Tak,Nie,Nie,Nie,d,Podstawowy,2300
27,6,07.06.2021,7705,883,Tak,Nie,Nie,Nie,a,Podstawowy,60
28,6,07.06.2021,2892,328,Tak,Nie,Nie,Nie,a,Podstawowy,1200
29,6,07.06.2021,7212,670,Tak,Nie,Nie,Nie,d,Rozszerzony,2170
30,6,07.06.2021,4275,693,Tak,Nie,Nie,Nie,a,Podstawowy,40
31,6,07.06.2021,5313,578,Tak,Nie,Nie,Nie,d,Rozszerzony,9800
32,6,07.06.2021,2760,332,Tak,Nie,Nie,Nie,a,Podstawowy,2910
33,6,07.06.2021,8487,891,Tak,Nie,Nie,Nie,a,Rozszerzony,1320
34,6,07.06.2021,8441,1039,Tak,Nie,Nie,Nie,c,Podstawowy,2240
35,6,07.06.2021,8150,695,Tak,Nie,Nie,Nie,d,Rozszerzony,7660
36,6,07.06.2021,10589,1153,Tak,Nie,Nie,Nie,a,Rozszerzony,540
37,6,07.06.2021,6580,785,Tak,Nie,Nie,Nie,c,Podstawowy,4230
38,6,07.06.2021,5621,534,Tak,Nie,Nie,Nie,d,Podstawowy,1090
39,6,07.06.2021,3445,449,Tak,Nie,Nie,Nie,a,Podstawowy,260
40,6,07.06.2021,4994,710,Tak,Nie,Nie,Nie,a,Podstawowy,180
41,6,07.06.2021,5402,411,Tak,Nie,Nie,Nie,d,Rozszerzony,1180
42,6,07.06.2021,8180,884,Tak,Nie,Nie,Nie,a,Rozszerzony,290
43,6,07.06.2021,4581,436,Tak,Nie,Nie,Nie,d,Podstawowy,4880
44,6,07.06.2021,3769,489,Tak,Nie,Nie,Nie,a,Podstawowy,540
45,6,07.06.2021,5814,463,Tak,Nie,Nie,Nie,d,Podstawowy,9710
46,6,07.06.2021,5704,708,Tak,Nie,Nie,Nie,c,Podstawowy,1200
47,6,07.06.2021,5179,737,Tak,Nie,Nie,Nie,a,Rozszerzony,270
48,6,07.06.2021,2334,269,Tak,Nie,Nie,Nie,a,Podstawowy,1060
49,6,07.06.2021,8051,588,Tak,Nie,Nie,Nie,d,Rozszerzony,18010
50,6,07.06.2021,3988,372,Tak,Nie,Nie,Nie,d,Podstawowy,6260
1,5,06.06.2021,4957,575,Tak,Tak,Nie,Nie,c,Podstawowy,1270
2,5,06.06.2021,5064,602,Tak,Tak,Nie,Nie,a,Podstawowy,570
3,5,06.06.2021,8015,818,Tak,Tak,Nie,Nie,a,Podstawowy,14130
4,5,06.06.2021,10705,1365,Tak,Tak,Nie,Nie,c,Rozszerzony,620
5,5,06.06.2021,5884,641,Tak,Tak,Nie,Nie,a,Podstawowy,29910
6,5,06.06.2021,6658,716,Tak,Tak,Nie,Nie,a,Podstawowy,310
7,5,06.06.2021,11061,1136,Tak,Tak,Nie,Nie,a,Rozszerzony,24000
8,5,06.06.2021,5789,687,Tak,Tak,Nie,Nie,a,Podstawowy,7520
9,5,06.06.2021,7976,679,Tak,Tak,Nie,Nie,a,Rozszerzony,2030
10,5,06.06.2021,6907,714,Tak,Tak,Nie,Nie,a,Podstawowy,3160
11,5,06.06.2021,8649,1203,Tak,Tak,Nie,Nie,a,Rozszerzony,960
12,5,06.06.2021,7309,974,Tak,Tak,Nie,Nie,a,Rozszerzony,1070
13,5,06.06.2021,7027,512,Tak,Tak,Nie,Nie,d,Podstawowy,310
14,5,06.06.2021,6660,735,Tak,Tak,Nie,Nie,a,Podstawowy,1300
15,5,06.06.2021,8476,797,Tak,Tak,Nie,Nie,d,Rozszerzony,4110
16,5,06.06.2021,9883,1067,Tak,Tak,Nie,Nie,a,Rozszerzony,3270
17,5,06.06.2021,6699,854,Tak,Tak,Nie,Nie,a,Podstawowy,50
18,5,06.06.2021,7579,877,Tak,Tak,Nie,Nie,d,Rozszerzony,13840
19,5,06.06.2021,7084,677,Tak,Tak,Nie,Nie,a,Rozszerzony,3240
20,5,06.06.2021,8497,893,Tak,Tak,Nie,Nie,d,Podstawowy,2340
21,5,06.06.2021,6801,598,Tak,Tak,Nie,Nie,c,Rozszerzony,550
22,5,06.06.2021,5868,648,Tak,Tak,Nie,Nie,a,Podstawowy,1040
23,5,06.06.2021,5799,515,Tak,Tak,Nie,Nie,d,Podstawowy,4060
24,5,06.06.2021,10188,888,Tak,Tak,Nie,Nie,a,Rozszerzony,4590
25,5,06.06.2021,11044,1575,Tak,Tak,Nie,Nie,c,Podstawowy,430
26,5,06.06.2021,7802,619,Tak,Tak,Nie,Nie,d,Podstawowy,2300
27,5,06.06.2021,10653,1136,Tak,Tak,Nie,Nie,a,Podstawowy,60
28,5,06.06.2021,6170,624,Tak,Tak,Nie,Tak,a,Podstawowy,1200
29,5,06.06.2021,7581,672,Tak,Tak,Nie,Nie,d,Rozszerzony,2170
30,5,06.06.2021,4977,722,Tak,Tak,Nie,Nie,a,Podstawowy,40
31,5,06.06.2021,7160,661,Tak,Tak,Nie,Nie,d,Rozszerzony,9800
32,5,06.06.2021,5667,605,Tak,Tak,Nie,Nie,a,Podstawowy,2910
33,5,06.06.2021,10022,917,Tak,Tak,Nie,Nie,a,Rozszerzony,1320
34,5,06.06.2021,8586,1099,Tak,Tak,Nie,Nie,c,Podstawowy,2240
35,5,06.06.2021,11642,871,Tak,Tak,Nie,Nie,d,Rozszerzony,7660
36,5,06.06.2021,10417,1172,Tak,Tak,Nie,Nie,a,Rozszerzony,540
37,5,06.06.2021,7888,818,Tak,Tak,Nie,Tak,c,Podstawowy,4230
38,5,06.06.2021,5044,469,Tak,Tak,Nie,Nie,d,Podstawowy,1090
39,5,06.06.2021,5573,697,Tak,Tak,Nie,Nie,a,Podstawowy,260
40,5,06.06.2021,5466,705,Tak,Tak,Nie,Nie,a,Podstawowy,180
41,5,06.06.2021,5499,432,Tak,Tak,Nie,Nie,d,Rozszerzony,1180
42,5,06.06.2021,10906,1170,Tak,Tak,Nie,Nie,a,Rozszerzony,290
43,5,06.06.2021,8024,727,Tak,Tak,Nie,Nie,d,Podstawowy,4880
44,5,06.06.2021,6560,736,Tak,Tak,Nie,Nie,a,Podstawowy,540
45,5,06.06.2021,5635,452,Tak,Tak,Nie,Nie,d,Podstawowy,9710
46,5,06.06.2021,6071,718,Tak,Tak,Nie,Nie,c,Podstawowy,1200
47,5,06.06.2021,8266,994,Tak,Tak,Nie,Nie,a,Rozszerzony,270
48,5,06.06.2021,4497,475,Tak,Tak,Nie,Nie,a,Podstawowy,1060
49,5,06.06.2021,8806,626,Tak,Tak,Nie,Nie,d,Rozszerzony,18010
50,5,06.06.2021,4846,402,Tak,Tak,Nie,Nie,d,Podstawowy,6260
1,4,05.06.2021,5278,585,Tak,Tak,Nie,Nie,c,Podstawowy,1270
2,4,05.06.2021,5957,657,Tak,Tak,Nie,Nie,a,Podstawowy,570
3,4,05.06.2021,8018,817,Tak,Tak,Nie,Nie,a,Podstawowy,14130
4,4,05.06.2021,10774,1331,Tak,Tak,Nie,Nie,c,Rozszerzony,620
5,4,05.06.2021,5247,608,Tak,Tak,Nie,Nie,a,Podstawowy,29910
6,4,05.06.2021,5409,646,Tak,Tak,Nie,Nie,a,Podstawowy,310
7,4,05.06.2021,9786,957,Tak,Tak,Nie,Nie,a,Rozszerzony,24000
8,4,05.06.2021,6476,758,Tak,Tak,Nie,Nie,a,Podstawowy,7520
9,4,05.06.2021,7192,579,Tak,Tak,Nie,Nie,a,Rozszerzony,2030
10,4,05.06.2021,6711,662,Tak,Tak,Nie,Nie,a,Podstawowy,3160
11,4,05.06.2021,8078,1064,Tak,Tak,Nie,Nie,a,Rozszerzony,960
12,4,05.06.2021,7994,880,Tak,Tak,Nie,Nie,a,Rozszerzony,1070
13,4,05.06.2021,5582,439,Tak,Tak,Nie,Nie,d,Podstawowy,310
14,4,05.06.2021,6151,658,Tak,Tak,Nie,Nie,a,Podstawowy,1300
15,4,05.06.2021,7580,705,Tak,Tak,Nie,Nie,d,Rozszerzony,4110
16,4,05.06.2021,9389,995,Tak,Tak,Nie,Nie,a,Rozszerzony,3270
17,4,05.06.2021,6982,933,Tak,Tak,Nie,Nie,a,Podstawowy,50
18,4,05.06.2021,7664,796,Tak,Tak,Nie,Nie,d,Rozszerzony,13840
19,4,05.06.2021,8106,726,Tak,Tak,Nie,Nie,a,Rozszerzony,3240
20,4,05.06.2021,10021,1113,Tak,Tak,Nie,Nie,d,Podstawowy,2340
21,4,05.06.2021,6133,565,Tak,Tak,Nie,Nie,c,Rozszerzony,550
22,4,05.06.2021,5419,598,Tak,Tak,Nie,Nie,a,Podstawowy,1040
23,4,05.06.2021,6271,530,Tak,Tak,Nie,Nie,d,Podstawowy,4060
24,4,05.06.2021,9977,811,Tak,Tak,Nie,Nie,a,Rozszerzony,4590
25,4,05.06.2021,12066,1708,Tak,Tak,Nie,Nie,c,Podstawowy,430
26,4,05.06.2021,8312,670,Tak,Tak,Nie,Nie,d,Podstawowy,2300
27,4,05.06.2021,10638,1155,Tak,Tak,Nie,Nie,a,Podstawowy,60
28,4,05.06.2021,6416,703,Tak,Tak,Nie,Tak,a,Podstawowy,1200
29,4,05.06.2021,7916,703,Tak,Tak,Nie,Nie,d,Rozszerzony,2170
30,4,05.06.2021,6727,887,Tak,Tak,Nie,Nie,a,Podstawowy,40
31,4,05.06.2021,6333,635,Tak,Tak,Nie,Nie,d,Rozszerzony,9800
32,4,05.06.2021,4879,587,Tak,Tak,Nie,Nie,a,Podstawowy,2910
33,4,05.06.2021,8597,856,Tak,Tak,Nie,Nie,a,Rozszerzony,1320
34,4,05.06.2021,8083,953,Tak,Tak,Nie,Nie,c,Podstawowy,2240
35,4,05.06.2021,11506,792,Tak,Tak,Nie,Nie,d,Rozszerzony,7660
36,4,05.06.2021,10003,1150,Tak,Tak,Nie,Nie,a,Rozszerzony,540
37,4,05.06.2021,8851,871,Tak,Tak,Nie,Tak,c,Podstawowy,4230
38,4,05.06.2021,5715,492,Tak,Tak,Nie,Nie,d,Podstawowy,1090
39,4,05.06.2021,5167,635,Tak,Tak,Nie,Nie,a,Podstawowy,260
40,4,05.06.2021,5674,726,Tak,Tak,Nie,Nie,a,Podstawowy,180
41,4,05.06.2021,5896,443,Tak,Tak,Nie,Nie,d,Rozszerzony,1180
42,4,05.06.2021,10967,1089,Tak,Tak,Nie,Nie,a,Rozszerzony,290
43,4,05.06.2021,8151,722,Tak,Tak,Nie,Nie,d,Podstawowy,4880
44,4,05.06.2021,5555,656,Tak,Tak,Nie,Nie,a,Podstawowy,540
45,4,05.06.2021,5957,470,Tak,Tak,Nie,Nie,d,Podstawowy,9710
46,4,05.06.2021,6134,709,Tak,Tak,Nie,Nie,c,Podstawowy,1200
47,4,05.06.2021,7377,914,Tak,Tak,Nie,Nie,a,Rozszerzony,270
48,4,05.06.2021,3114,374,Tak,Tak,Nie,Nie,a,Podstawowy,1060
49,4,05.06.2021,7391,526,Tak,Tak,Nie,Nie,d,Rozszerzony,18010
50,4,05.06.2021,4812,373,Tak,Tak,Nie,Nie,d,Podstawowy,6260
1,3,04.06.2021,5229,570,Tak,Tak,Nie,Nie,c,Podstawowy,1270
2,3,04.06.2021,7006,877,Tak,Tak,Nie,Nie,a,Podstawowy,570
3,3,04.06.2021,7768,812,Tak,Tak,Nie,Nie,a,Podstawowy,14130
4,3,04.06.2021,10584,1345,Tak,Tak,Nie,Nie,c,Rozszerzony,620
5,3,04.06.2021,6056,733,Tak,Tak,Nie,Nie,a,Podstawowy,29910
6,3,04.06.2021,5885,657,Tak,Tak,Nie,Nie,a,Podstawowy,310
7,3,04.06.2021,8848,966,Tak,Tak,Nie,Nie,a,Rozszerzony,24000
8,3,04.06.2021,7052,752,Tak,Tak,Nie,Nie,a,Podstawowy,7520
9,3,04.06.2021,7814,632,Tak,Tak,Nie,Nie,a,Rozszerzony,2030
10,3,04.06.2021,6406,614,Tak,Tak,Nie,Nie,a,Podstawowy,3160
11,3,04.06.2021,9281,1284,Tak,Tak,Nie,Nie,a,Rozszerzony,960
12,3,04.06.2021,9235,1046,Tak,Tak,Nie,Nie,a,Rozszerzony,1070
13,3,04.06.2021,5621,387,Tak,Tak,Nie,Nie,d,Podstawowy,310
14,3,04.06.2021,6998,719,Tak,Tak,Nie,Nie,a,Podstawowy,1300
15,3,04.06.2021,7080,666,Tak,Tak,Nie,Nie,d,Rozszerzony,4110
16,3,04.06.2021,9560,973,Tak,Tak,Nie,Nie,a,Rozszerzony,3270
17,3,04.06.2021,7497,915,Tak,Tak,Nie,Nie,a,Podstawowy,50
18,3,04.06.2021,7178,775,Tak,Tak,Nie,Nie,d,Rozszerzony,13840
19,3,04.06.2021,7385,682,Tak,Tak,Nie,Nie,a,Rozszerzony,3240
20,3,04.06.2021,8896,948,Tak,Tak,Nie,Nie,d,Podstawowy,2340
21,3,04.06.2021,5779,531,Tak,Tak,Nie,Nie,c,Rozszerzony,550
22,3,04.06.2021,5508,555,Tak,Tak,Nie,Nie,a,Podstawowy,1040
23,3,04.06.2021,6407,506,Tak,Tak,Nie,Nie,d,Podstawowy,4060
24,3,04.06.2021,9984,869,Tak,Tak,Nie,Nie,a,Rozszerzony,4590
25,3,04.06.2021,11801,1621,Tak,Tak,Nie,Nie,c,Podstawowy,430
26,3,04.06.2021,8372,654,Tak,Tak,Nie,Nie,d,Podstawowy,2300
27,3,04.06.2021,11825,1145,Tak,Tak,Nie,Nie,a,Podstawowy,60
28,3,04.06.2021,6176,639,Tak,Tak,Nie,Tak,a,Podstawowy,1200
29,3,04.06.2021,8753,728,Tak,Tak,Nie,Nie,d,Rozszerzony,2170
30,3,04.06.2021,5923,760,Tak,Tak,Nie,Nie,a,Podstawowy,40
31,3,04.06.2021,6123,569,Tak,Tak,Nie,Nie,d,Rozszerzony,9800
32,3,04.06.2021,5757,555,Tak,Tak,Nie,Nie,a,Podstawowy,2910
33,3,04.06.2021,9290,888,Tak,Tak,Nie,Nie,a,Rozszerzony,1320
34,3,04.06.2021,9680,1096,Tak,Tak,Nie,Nie,c,Podstawowy,2240
35,3,04.06.2021,12144,851,Tak,Tak,Nie,Nie,d,Rozszerzony,7660
36,3,04.06.2021,9295,1091,Tak,Tak,Nie,Nie,a,Rozszerzony,540
37,3,04.06.2021,7509,748,Tak,Tak,Nie,Tak,c,Podstawowy,4230
38,3,04.06.2021,7204,566,Tak,Tak,Nie,Nie,d,Podstawowy,1090
39,3,04.06.2021,6134,767,Tak,Tak,Nie,Nie,a,Podstawowy,260
40,3,04.06.2021,5281,678,Tak,Tak,Nie,Nie,a,Podstawowy,180
41,3,04.06.2021,6543,412,Tak,Tak,Nie,Nie,d,Rozszerzony,1180
42,3,04.06.2021,11961,1264,Tak,Tak,Nie,Nie,a,Rozszerzony,290
43,3,04.06.2021,8182,694,Tak,Tak,Nie,Nie,d,Podstawowy,4880
44,3,04.06.2021,6819,766,Tak,Tak,Nie,Nie,a,Podstawowy,540
45,3,04.06.2021,5736,404,Tak,Tak,Nie,Nie,d,Podstawowy,9710
46,3,04.06.2021,6538,697,Tak,Tak,Nie,Nie,c,Podstawowy,1200
47,3,04.06.2021,8784,1119,Tak,Tak,Nie,Nie,a,Rozszerzony,270
48,3,04.06.2021,3496,391,Tak,Tak,Nie,Nie,a,Podstawowy,1060
49,3,04.06.2021,9340,589,Tak,Tak,Nie,Nie,d,Rozszerzony,18010
50,3,04.06.2021,4966,386,Tak,Tak,Nie,Nie,d,Podstawowy,6260
1,2,03.06.2021,5614,593,Tak,Tak,Nie,Nie,c,Podstawowy,1270
2,2,03.06.2021,5619,641,Tak,Tak,Nie,Nie,a,Podstawowy,570
3,2,03.06.2021,9614,919,Tak,Tak,Nie,Nie,a,Podstawowy,14130
4,2,03.06.2021,11083,1418,Tak,Tak,Nie,Nie,c,Rozszerzony,620
5,2,03.06.2021,5732,645,Tak,Tak,Nie,Nie,a,Podstawowy,29910
6,2,03.06.2021,6792,710,Tak,Tak,Nie,Nie,a,Podstawowy,310
7,2,03.06.2021,11509,1222,Tak,Tak,Nie,Nie,a,Rozszerzony,24000
8,2,03.06.2021,7251,764,Tak,Tak,Nie,Nie,a,Podstawowy,7520
9,2,03.06.2021,8225,678,Tak,Tak,Nie,Nie,a,Rozszerzony,2030
10,2,03.06.2021,6491,629,Tak,Tak,Nie,Nie,a,Podstawowy,3160
11,2,03.06.2021,9521,1291,Tak,Tak,Nie,Nie,a,Rozszerzony,960
12,2,03.06.2021,9576,1027,Tak,Tak,Nie,Nie,a,Rozszerzony,1070
13,2,03.06.2021,7053,486,Tak,Tak,Nie,Nie,d,Podstawowy,310
14,2,03.06.2021,7806,766,Tak,Tak,Nie,Nie,a,Podstawowy,1300
15,2,03.06.2021,7805,720,Tak,Tak,Nie,Nie,d,Rozszerzony,4110
16,2,03.06.2021,9438,1027,Tak,Tak,Nie,Nie,a,Rozszerzony,3270
17,2,03.06.2021,9096,1081,Tak,Tak,Nie,Nie,a,Podstawowy,50
18,2,03.06.2021,7537,802,Tak,Tak,Nie,Nie,d,Rozszerzony,13840
19,2,03.06.2021,9048,831,Tak,Tak,Nie,Nie,a,Rozszerzony,3240
20,2,03.06.2021,9777,1061,Tak,Tak,Nie,Nie,d,Podstawowy,2340
21,2,03.06.2021,7180,598,Tak,Tak,Nie,Nie,c,Rozszerzony,550
22,2,03.06.2021,5507,519,Tak,Tak,Nie,Nie,a,Podstawowy,1040
23,2,03.06.2021,6360,535,Tak,Tak,Nie,Nie,d,Podstawowy,4060
24,2,03.06.2021,10534,878,Tak,Tak,Nie,Nie,a,Rozszerzony,4590
25,2,03.06.2021,14094,1843,Tak,Tak,Nie,Nie,c,Podstawowy,430
26,2,03.06.2021,8275,641,Tak,Tak,Nie,Nie,d,Podstawowy,2300
27,2,03.06.2021,13131,1337,Tak,Tak,Nie,Nie,a,Podstawowy,60
28,2,03.06.2021,7342,759,Tak,Tak,Nie,Tak,a,Podstawowy,1200
29,2,03.06.2021,9964,773,Tak,Tak,Nie,Nie,d,Rozszerzony,2170
30,2,03.06.2021,7601,990,Tak,Tak,Nie,Nie,a,Podstawowy,40
31,2,03.06.2021,7002,597,Tak,Tak,Nie,Nie,d,Rozszerzony,9800
32,2,03.06.2021,6050,606,Tak,Tak,Nie,Nie,a,Podstawowy,2910
33,2,03.06.2021,10045,902,Tak,Tak,Nie,Nie,a,Rozszerzony,1320
34,2,03.06.2021,9452,1063,Tak,Tak,Nie,Nie,c,Podstawowy,2240
35,2,03.06.2021,12508,881,Tak,Tak,Nie,Nie,d,Rozszerzony,7660
36,2,03.06.2021,10609,1232,Tak,Tak,Nie,Nie,a,Rozszerzony,540
37,2,03.06.2021,7891,742,Tak,Tak,Nie,Tak,c,Podstawowy,4230
38,2,03.06.2021,8435,616,Tak,Tak,Nie,Nie,d,Podstawowy,1090
39,2,03.06.2021,6947,824,Tak,Tak,Nie,Nie,a,Podstawowy,260
40,2,03.06.2021,6127,763,Tak,Tak,Nie,Nie,a,Podstawowy,180
41,2,03.06.2021,6567,446,Tak,Tak,Nie,Nie,d,Rozszerzony,1180
42,2,03.06.2021,12872,1306,Tak,Tak,Nie,Nie,a,Rozszerzony,290
43,2,03.06.2021,9474,767,Tak,Tak,Nie,Nie,d,Podstawowy,4880
44,2,03.06.2021,7288,804,Tak,Tak,Nie,Nie,a,Podstawowy,540
45,2,03.06.2021,5339,387,Tak,Tak,Nie,Nie,d,Podstawowy,9710
46,2,03.06.2021,7193,737,Tak,Tak,Nie,Nie,c,Podstawowy,1200
47,2,03.06.2021,8991,1118,Tak,Tak,Nie,Nie,a,Rozszerzony,270
48,2,03.06.2021,4132,428,Tak,Tak,Nie,Nie,a,Podstawowy,1060
49,2,03.06.2021,9462,596,Tak,Tak,Nie,Nie,d,Rozszerzony,18010
50,2,03.06.2021,5320,378,Tak,Tak,Nie,Nie,d,Podstawowy,6260
1,1,02.06.2021,6071,609,Tak,Tak,Nie,Nie,c,Podstawowy,1270
2,1,02.06.2021,7320,775,Tak,Tak,Nie,Nie,a,Podstawowy,570
3,1,02.06.2021,10912,1011,Tak,Tak,Nie,Nie,a,Podstawowy,14130
4,1,02.06.2021,13087,1622,Tak,Tak,Nie,Nie,c,Rozszerzony,620
5,1,02.06.2021,7860,788,Tak,Tak,Nie,Nie,a,Podstawowy,29910
6,1,02.06.2021,8111,857,Tak,Tak,Nie,Nie,a,Podstawowy,310
7,1,02.06.2021,13694,1272,Tak,Tak,Nie,Nie,a,Rozszerzony,24000
8,1,02.06.2021,8799,935,Tak,Tak,Nie,Nie,a,Podstawowy,7520
9,1,02.06.2021,10768,853,Tak,Tak,Nie,Nie,a,Rozszerzony,2030
10,1,02.06.2021,9211,812,Tak,Tak,Nie,Nie,a,Podstawowy,3160
11,1,02.06.2021,10142,1394,Tak,Tak,Nie,Nie,a,Rozszerzony,960
12,1,02.06.2021,12240,1193,Tak,Tak,Nie,Nie,a,Rozszerzony,1070
13,1,02.06.2021,7982,524,Tak,Tak,Nie,Nie,d,Podstawowy,310
14,1,02.06.2021,8274,856,Tak,Tak,Nie,Nie,a,Podstawowy,1300
15,1,02.06.2021,8456,786,Tak,Tak,Nie,Nie,d,Rozszerzony,4110
16,1,02.06.2021,11015,1068,Tak,Tak,Nie,Nie,a,Rozszerzony,3270
17,1,02.06.2021,10499,1191,Tak,Tak,Nie,Nie,a,Podstawowy,50
18,1,02.06.2021,9935,952,Tak,Tak,Nie,Nie,d,Rozszerzony,13840
19,1,02.06.2021,10696,892,Tak,Tak,Nie,Nie,a,Rozszerzony,3240
20,1,02.06.2021,11591,1192,Tak,Tak,Nie,Nie,d,Podstawowy,2340
21,1,02.06.2021,8949,684,Tak,Tak,Nie,Nie,c,Rozszerzony,550
22,1,02.06.2021,6509,627,Tak,Tak,Nie,Nie,a,Podstawowy,1040
23,1,02.06.2021,8870,653,Tak,Tak,Nie,Nie,d,Podstawowy,4060
24,1,02.06.2021,14498,1128,Tak,Tak,Nie,Nie,a,Rozszerzony,4590
25,1,02.06.2021,16344,1996,Tak,Tak,Nie,Nie,c,Podstawowy,430
26,1,02.06.2021,10433,791,Tak,Tak,Nie,Nie,d,Podstawowy,2300
27,1,02.06.2021,16037,1488,Tak,Tak,Nie,Nie,a,Podstawowy,60
28,1,02.06.2021,9874,914,Tak,Tak,Nie,Tak,a,Podstawowy,1200
29,1,02.06.2021,12247,968,Tak,Tak,Nie,Nie,d,Rozszerzony,2170
30,1,02.06.2021,8058,966,Tak,Tak,Nie,Nie,a,Podstawowy,40
31,1,02.06.2021,7507,676,Tak,Tak,Nie,Nie,d,Rozszerzony,9800
32,1,02.06.2021,6747,674,Tak,Tak,Nie,Nie,a,Podstawowy,2910
33,1,02.06.2021,12287,1071,Tak,Tak,Nie,Nie,a,Rozszerzony,1320
34,1,02.06.2021,12617,1427,Tak,Tak,Nie,Nie,c,Podstawowy,2240
35,1,02.06.2021,15689,1038,Tak,Tak,Nie,Nie,d,Rozszerzony,7660
36,1,02.06.2021,12312,1323,Tak,Tak,Nie,Nie,a,Rozszerzony,540
37,1,02.06.2021,10941,946,Tak,Tak,Nie,Tak,c,Podstawowy,4230
38,1,02.06.2021,8970,732,Tak,Tak,Nie,Nie,d,Podstawowy,1090
39,1,02.06.2021,9064,985,Tak,Tak,Nie,Nie,a,Podstawowy,260
40,1,02.06.2021,6506,765,Tak,Tak,Nie,Nie,a,Podstawowy,180
41,1,02.06.2021,7576,520,Tak,Tak,Nie,Nie,d,Rozszerzony,1180
42,1,02.06.2021,14315,1386,Tak,Tak,Nie,Nie,a,Rozszerzony,290
43,1,02.06.2021,11606,906,Tak,Tak,Nie,Nie,d,Podstawowy,4880
44,1,02.06.2021,9518,968,Tak,Tak,Nie,Nie,a,Podstawowy,540
45,1,02.06.2021,7210,476,Tak,Tak,Nie,Nie,d,Podstawowy,9710
46,1,02.06.2021,9397,917,Tak,Tak,Nie,Nie,c,Podstawowy,1200
47,1,02.06.2021,11123,1273,Tak,Tak,Nie,Nie,a,Rozszerzony,270
48,1,02.06.2021,4933,493,Tak,Tak,Nie,Nie,a,Podstawowy,1060
49,1,02.06.2021,10996,673,Tak,Tak,Nie,Nie,d,Rozszerzony,18010
50,1,02.06.2021,5976,460,Tak,Tak,Nie,Nie,d,Podstawowy,6260
1,7,01.06.2021,0,0,Nie,Nie,Nie,Nie,c,Podstawowy,1270
2,7,01.06.2021,0,0,Nie,Nie,Nie,Nie,a,Podstawowy,570
3,7,01.06.2021,0,0,Nie,Nie,Nie,Nie,a,Podstawowy,14130
4,7,01.06.2021,0,0,Nie,Nie,Nie,Nie,c,Rozszerzony,620
5,7,01.06.2021,0,0,Nie,Nie,Nie,Nie,a,Podstawowy,29910
6,7,01.06.2021,0,0,Nie,Nie,Nie,Nie,a,Podstawowy,310
7,7,01.06.2021,0,0,Nie,Nie,Nie,Nie,a,Rozszerzony,24000
8,7,01.06.2021,0,0,Nie,Nie,Nie,Nie,a,Podstawowy,7520
9,7,01.06.2021,0,0,Nie,Nie,Nie,Nie,a,Rozszerzony,2030
10,7,01.06.2021,0,0,Nie,Nie,Nie,Nie,a,Podstawowy,3160
11,7,01.06.2021,0,0,Nie,Nie,Nie,Nie,a,Rozszerzony,960
12,7,01.06.2021,0,0,Nie,Nie,Nie,Nie,a,Rozszerzony,1070
13,7,01.06.2021,0,0,Nie,Nie,Nie,Nie,d,Podstawowy,310
14,7,01.06.2021,0,0,Nie,Nie,Nie,Nie,a,Podstawowy,1300
15,7,01.06.2021,0,0,Nie,Nie,Nie,Nie,d,Rozszerzony,4110
16,7,01.06.2021,0,0,Nie,Nie,Nie,Nie,a,Rozszerzony,3270
17,7,01.06.2021,0,0,Nie,Nie,Nie,Nie,a,Podstawowy,50
18,7,01.06.2021,0,0,Nie,Nie,Nie,Nie,d,Rozszerzony,13840
19,7,01.06.2021,0,0,Nie,Nie,Nie,Nie,a,Rozszerzony,3240
20,7,01.06.2021,0,0,Nie,Nie,Nie,Nie,d,Podstawowy,2340
21,7,01.06.2021,0,0,Nie,Nie,Nie,Nie,c,Rozszerzony,550
22,7,01.06.2021,0,0,Nie,Nie,Nie,Nie,a,Podstawowy,1040
23,7,01.06.2021,0,0,Nie,Nie,Nie,Nie,d,Podstawowy,4060
24,7,01.06.2021,0,0,Nie,Nie,Nie,Nie,a,Rozszerzony,4590
25,7,01.06.2021,0,0,Nie,Nie,Nie,Nie,c,Podstawowy,430
26,7,01.06.2021,0,0,Nie,Nie,Nie,Nie,d,Podstawowy,2300
27,7,01.06.2021,0,0,Nie,Nie,Nie,Nie,a,Podstawowy,60
28,7,01.06.2021,0,0,Nie,Nie,Nie,Nie,a,Podstawowy,1200
29,7,01.06.2021,0,0,Nie,Nie,Nie,Nie,d,Rozszerzony,2170
30,7,01.06.2021,0,0,Nie,Nie,Nie,Nie,a,Podstawowy,40
31,7,01.06.2021,0,0,Nie,Nie,Nie,Nie,d,Rozszerzony,9800
32,7,01.06.2021,0,0,Nie,Nie,Nie,Nie,a,Podstawowy,2910
33,7,01.06.2021,0,0,Nie,Nie,Nie,Nie,a,Rozszerzony,1320
34,7,01.06.2021,0,0,Nie,Nie,Nie,Nie,c,Podstawowy,2240
35,7,01.06.2021,0,0,Nie,Nie,Nie,Nie,d,Rozszerzony,7660
36,7,01.06.2021,0,0,Nie,Nie,Nie,Nie,a,Rozszerzony,540
37,7,01.06.2021,0,0,Nie,Nie,Nie,Nie,c,Podstawowy,4230
38,7,01.06.2021,0,0,Nie,Nie,Nie,Nie,d,Podstawowy,1090
39,7,01.06.2021,0,0,Nie,Nie,Nie,Nie,a,Podstawowy,260
40,7,01.06.2021,0,0,Nie,Nie,Nie,Nie,a,Podstawowy,180
41,7,01.06.2021,0,0,Nie,Nie,Nie,Nie,d,Rozszerzony,1180
42,7,01.06.2021,0,0,Nie,Nie,Nie,Nie,a,Rozszerzony,290
43,7,01.06.2021,0,0,Nie,Nie,Nie,Nie,d,Podstawowy,4880
44,7,01.06.2021,0,0,Nie,Nie,Nie,Nie,a,Podstawowy,540
45,7,01.06.2021,0,0,Nie,Nie,Nie,Nie,d,Podstawowy,9710
46,7,01.06.2021,0,0,Nie,Nie,Nie,Nie,c,Podstawowy,1200
47,7,01.06.2021,0,0,Nie,Nie,Nie,Nie,a,Rozszerzony,270
48,7,01.06.2021,0,0,Nie,Nie,Nie,Nie,a,Podstawowy,1060
49,7,01.06.2021,0,0,Nie,Nie,Nie,Nie,d,Rozszerzony,18010
50,7,01.06.2021,0,0,Nie,Nie,Nie,Nie,d,Podstawowy,6260
1,6,31.05.2021,4985,560,Tak,Nie,Nie,Nie,c,Podstawowy,1270
2,6,31.05.2021,2953,485,Tak,Nie,Nie,Nie,a,Podstawowy,570
3,6,31.05.2021,4725,514,Tak,Nie,Nie,Nie,a,Podstawowy,14130
4,6,31.05.2021,11018,1542,Tak,Nie,Nie,Nie,c,Rozszerzony,620
5,6,31.05.2021,2026,235,Tak,Nie,Nie,Nie,a,Podstawowy,29910
6,6,31.05.2021,3438,403,Tak,Nie,Nie,Nie,a,Podstawowy,310
7,6,31.05.2021,7692,848,Tak,Nie,Nie,Nie,a,Rozszerzony,24000
8,6,31.05.2021,2990,374,Tak,Nie,Nie,Nie,a,Podstawowy,7520
9,6,31.05.2021,6444,570,Tak,Nie,Nie,Nie,a,Rozszerzony,2030
10,6,31.05.2021,5322,538,Tak,Nie,Nie,Nie,a,Podstawowy,3160
11,6,31.05.2021,6383,833,Tak,Nie,Nie,Nie,a,Rozszerzony,960
12,6,31.05.2021,5905,789,Tak,Nie,Nie,Nie,a,Rozszerzony,1070
13,6,31.05.2021,4695,362,Tak,Nie,Nie,Nie,d,Podstawowy,310
14,6,31.05.2021,3390,410,Tak,Nie,Nie,Nie,a,Podstawowy,1300
15,6,31.05.2021,6328,668,Tak,Nie,Nie,Nie,d,Rozszerzony,4110
16,6,31.05.2021,6143,589,Tak,Nie,Nie,Nie,a,Rozszerzony,3270
17,6,31.05.2021,2897,394,Tak,Nie,Nie,Nie,a,Podstawowy,50
18,6,31.05.2021,5238,576,Tak,Nie,Nie,Nie,d,Rozszerzony,13840
19,6,31.05.2021,5450,496,Tak,Nie,Nie,Nie,a,Rozszerzony,3240
20,6,31.05.2021,5704,545,Tak,Nie,Nie,Nie,d,Podstawowy,2340
21,6,31.05.2021,5053,534,Tak,Nie,Nie,Nie,c,Rozszerzony,550
22,6,31.05.2021,4022,404,Tak,Nie,Nie,Nie,a,Podstawowy,1040
23,6,31.05.2021,4040,388,Tak,Nie,Nie,Nie,d,Podstawowy,4060
24,6,31.05.2021,7585,708,Tak,Nie,Nie,Nie,a,Rozszerzony,4590
25,6,31.05.2021,11137,1487,Tak,Nie,Nie,Nie,c,Podstawowy,430
26,6,31.05.2021,6176,542,Tak,Nie,Nie,Nie,d,Podstawowy,2300
27,6,31.05.2021,8390,979,Tak,Nie,Nie,Nie,a,Podstawowy,60
28,6,31.05.2021,3500,377,Tak,Nie,Nie,Nie,a,Podstawowy,1200
29,6,31.05.2021,7071,659,Tak,Nie,Nie,Nie,d,Rozszerzony,2170
30,6,31.05.2021,5268,747,Tak,Nie,Nie,Nie,a,Podstawowy,40
31,6,31.05.2021,5479,592,Tak,Nie,Nie,Nie,d,Rozszerzony,9800
32,6,31.05.2021,2819,320,Tak,Nie,Nie,Nie,a,Podstawowy,2910
33,6,31.05.2021,9143,928,Tak,Nie,Nie,Nie,a,Rozszerzony,1320
34,6,31.05.2021,8759,1021,Tak,Nie,Nie,Nie,c,Podstawowy,2240
35,6,31.05.2021,8187,643,Tak,Nie,Nie,Nie,d,Rozszerzony,7660
36,6,31.05.2021,9878,1092,Tak,Nie,Nie,Nie,a,Rozszerzony,540
37,6,31.05.2021,7435,897,Tak,Nie,Nie,Nie,c,Podstawowy,4230
38,6,31.05.2021,6306,609,Tak,Nie,Nie,Nie,d,Podstawowy,1090
39,6,31.05.2021,3598,478,Tak,Nie,Nie,Nie,a,Podstawowy,260
40,6,31.05.2021,6146,769,Tak,Nie,Nie,Nie,a,Podstawowy,180
41,6,31.05.2021,5877,416,Tak,Nie,Nie,Nie,d,Rozszerzony,1180
42,6,31.05.2021,8901,1074,Tak,Nie,Nie,Nie,a,Rozszerzony,290
43,6,31.05.2021,4717,427,Tak,Nie,Nie,Nie,d,Podstawowy,4880
44,6,31.05.2021,3895,465,Tak,Nie,Nie,Nie,a,Podstawowy,540
45,6,31.05.2021,5252,442,Tak,Nie,Nie,Nie,d,Podstawowy,9710
46,6,31.05.2021,4938,627,Tak,Nie,Nie,Nie,c,Podstawowy,1200
47,6,31.05.2021,5714,823,Tak,Nie,Nie,Nie,a,Rozszerzony,270
48,6,31.05.2021,2411,265,Tak,Nie,Nie,Nie,a,Podstawowy,1060
49,6,31.05.2021,7239,531,Tak,Nie,Nie,Nie,d,Rozszerzony,18010
50,6,31.05.2021,3855,356,Tak,Nie,Nie,Nie,d,Podstawowy,6260
1,5,30.05.2021,5407,628,Tak,Nie,Nie,Nie,c,Podstawowy,1270
2,5,30.05.2021,5694,743,Tak,Nie,Nie,Tak,a,Podstawowy,570
3,5,30.05.2021,8510,965,Tak,Nie,Nie,Nie,a,Podstawowy,14130
4,5,30.05.2021,13149,1701,Tak,Nie,Nie,Tak,c,Rozszerzony,620
5,5,30.05.2021,5858,673,Tak,Nie,Nie,Tak,a,Podstawowy,29910
6,5,30.05.2021,6171,689,Tak,Nie,Nie,Tak,a,Podstawowy,310
7,5,30.05.2021,12695,1424,Tak,Nie,Nie,Tak,a,Rozszerzony,24000
8,5,30.05.2021,5717,662,Tak,Nie,Nie,Tak,a,Podstawowy,7520
9,5,30.05.2021,7724,705,Tak,Nie,Nie,Nie,a,Rozszerzony,2030
10,5,30.05.2021,6624,642,Tak,Nie,Nie,Tak,a,Podstawowy,3160
11,5,30.05.2021,10152,1380,Tak,Nie,Nie,Tak,a,Rozszerzony,960
12,5,30.05.2021,8308,1047,Tak,Nie,Nie,Tak,a,Rozszerzony,1070
13,5,30.05.2021,5823,449,Tak,Nie,Nie,Nie,d,Podstawowy,310
14,5,30.05.2021,7000,773,Tak,Nie,Nie,Nie,a,Podstawowy,1300
15,5,30.05.2021,7332,755,Tak,Nie,Nie,Tak,d,Rozszerzony,4110
16,5,30.05.2021,9489,925,Tak,Nie,Nie,Nie,a,Rozszerzony,3270
17,5,30.05.2021,8027,1091,Tak,Nie,Nie,Tak,a,Podstawowy,50
18,5,30.05.2021,9563,981,Tak,Nie,Nie,Tak,d,Rozszerzony,13840
19,5,30.05.2021,10554,910,Tak,Nie,Nie,Nie,a,Rozszerzony,3240
20,5,30.05.2021,8782,913,Tak,Nie,Nie,Nie,d,Podstawowy,2340
21,5,30.05.2021,6026,590,Tak,Nie,Nie,Nie,c,Rozszerzony,550
22,5,30.05.2021,6514,690,Tak,Nie,Nie,Nie,a,Podstawowy,1040
23,5,30.05.2021,6244,539,Tak,Nie,Nie,Nie,d,Podstawowy,4060
24,5,30.05.2021,12334,996,Tak,Nie,Nie,Nie,a,Rozszerzony,4590
25,5,30.05.2021,14941,1892,Tak,Nie,Nie,Nie,c,Podstawowy,430
26,5,30.05.2021,9775,835,Tak,Nie,Nie,Tak,d,Podstawowy,2300
27,5,30.05.2021,12334,1391,Tak,Nie,Nie,Nie,a,Podstawowy,60
28,5,30.05.2021,6508,751,Tak,Nie,Nie,Tak,a,Podstawowy,1200
29,5,30.05.2021,9213,786,Tak,Nie,Nie,Nie,d,Rozszerzony,2170
30,5,30.05.2021,6585,911,Tak,Nie,Nie,Nie,a,Podstawowy,40
31,5,30.05.2021,6491,695,Tak,Nie,Nie,Tak,d,Rozszerzony,9800
32,5,30.05.2021,4341,504,Tak,Nie,Nie,Nie,a,Podstawowy,2910
33,5,30.05.2021,10275,1003,Tak,Nie,Nie,Nie,a,Rozszerzony,1320
34,5,30.05.2021,9793,1172,Tak,Nie,Nie,Tak,c,Podstawowy,2240
35,5,30.05.2021,11962,897,Tak,Nie,Nie,Nie,d,Rozszerzony,7660
36,5,30.05.2021,12034,1202,Tak,Nie,Nie,Nie,a,Rozszerzony,540
37,5,30.05.2021,10653,1102,Tak,Nie,Nie,Tak,c,Podstawowy,4230
38,5,30.05.2021,6723,610,Tak,Nie,Nie,Nie,d,Podstawowy,1090
39,5,30.05.2021,6420,767,Tak,Nie,Nie,Nie,a,Podstawowy,260
40,5,30.05.2021,6521,804,Tak,Nie,Nie,Nie,a,Podstawowy,180
41,5,30.05.2021,6722,519,Tak,Nie,Nie,Nie,d,Rozszerzony,1180
42,5,30.05.2021,12373,1435,Tak,Nie,Nie,Nie,a,Rozszerzony,290
43,5,30.05.2021,7394,672,Tak,Nie,Nie,Nie,d,Podstawowy,4880
44,5,30.05.2021,6524,742,Tak,Nie,Nie,Tak,a,Podstawowy,540
45,5,30.05.2021,5996,494,Tak,Nie,Nie,Nie,d,Podstawowy,9710
46,5,30.05.2021,7146,817,Tak,Nie,Nie,Nie,c,Podstawowy,1200
47,5,30.05.2021,8384,1037,Tak,Nie,Nie,Tak,a,Rozszerzony,270
48,5,30.05.2021,3840,438,Tak,Nie,Nie,Tak,a,Podstawowy,1060
49,5,30.05.2021,9285,614,Tak,Nie,Nie,Nie,d,Rozszerzony,18010
50,5,30.05.2021,5376,426,Tak,Nie,Nie,Nie,d,Podstawowy,6260
1,4,29.05.2021,0,0,Nie,Nie,Narodowe,Nie,c,Podstawowy,1270
2,4,29.05.2021,0,0,Nie,Nie,Narodowe,Nie,a,Podstawowy,570
3,4,29.05.2021,0,0,Nie,Nie,Narodowe,Nie,a,Podstawowy,14130
4,4,29.05.2021,0,0,Nie,Nie,Narodowe,Nie,c,Rozszerzony,620
5,4,29.05.2021,0,0,Nie,Nie,Narodowe,Nie,a,Podstawowy,29910
6,4,29.05.2021,0,0,Nie,Nie,Narodowe,Nie,a,Podstawowy,310
7,4,29.05.2021,0,0,Nie,Nie,Narodowe,Nie,a,Rozszerzony,24000
8,4,29.05.2021,0,0,Nie,Nie,Narodowe,Nie,a,Podstawowy,7520
9,4,29.05.2021,0,0,Nie,Nie,Narodowe,Nie,a,Rozszerzony,2030
10,4,29.05.2021,0,0,Nie,Nie,Narodowe,Nie,a,Podstawowy,3160
11,4,29.05.2021,0,0,Nie,Nie,Narodowe,Nie,a,Rozszerzony,960
12,4,29.05.2021,0,0,Nie,Nie,Narodowe,Nie,a,Rozszerzony,1070
13,4,29.05.2021,0,0,Nie,Nie,Narodowe,Nie,d,Podstawowy,310
14,4,29.05.2021,0,0,Nie,Nie,Narodowe,Nie,a,Podstawowy,1300
15,4,29.05.2021,0,0,Nie,Nie,Narodowe,Nie,d,Rozszerzony,4110
16,4,29.05.2021,0,0,Nie,Nie,Narodowe,Nie,a,Rozszerzony,3270
17,4,29.05.2021,0,0,Nie,Nie,Narodowe,Nie,a,Podstawowy,50
18,4,29.05.2021,0,0,Nie,Nie,Narodowe,Nie,d,Rozszerzony,13840
19,4,29.05.2021,0,0,Nie,Nie,Narodowe,Nie,a,Rozszerzony,3240
20,4,29.05.2021,0,0,Nie,Nie,Narodowe,Nie,d,Podstawowy,2340
21,4,29.05.2021,0,0,Nie,Nie,Narodowe,Nie,c,Rozszerzony,550
22,4,29.05.2021,0,0,Nie,Nie,Narodowe,Nie,a,Podstawowy,1040
23,4,29.05.2021,0,0,Nie,Nie,Narodowe,Nie,d,Podstawowy,4060
24,4,29.05.2021,0,0,Nie,Nie,Narodowe,Nie,a,Rozszerzony,4590
25,4,29.05.2021,0,0,Nie,Nie,Narodowe,Nie,c,Podstawowy,430
26,4,29.05.2021,0,0,Nie,Nie,Narodowe,Nie,d,Podstawowy,2300
27,4,29.05.2021,0,0,Nie,Nie,Narodowe,Nie,a,Podstawowy,60
28,4,29.05.2021,0,0,Nie,Nie,Narodowe,Nie,a,Podstawowy,1200
29,4,29.05.2021,0,0,Nie,Nie,Narodowe,Nie,d,Rozszerzony,2170
30,4,29.05.2021,0,0,Nie,Nie,Narodowe,Nie,a,Podstawowy,40
31,4,29.05.2021,0,0,Nie,Nie,Narodowe,Nie,d,Rozszerzony,9800
32,4,29.05.2021,0,0,Nie,Nie,Narodowe,Nie,a,Podstawowy,2910
33,4,29.05.2021,0,0,Nie,Nie,Narodowe,Nie,a,Rozszerzony,1320
34,4,29.05.2021,0,0,Nie,Nie,Narodowe,Nie,c,Podstawowy,2240
35,4,29.05.2021,0,0,Nie,Nie,Narodowe,Nie,d,Rozszerzony,7660
36,4,29.05.2021,0,0,Nie,Nie,Narodowe,Nie,a,Rozszerzony,540
37,4,29.05.2021,0,0,Nie,Nie,Narodowe,Nie,c,Podstawowy,4230
38,4,29.05.2021,0,0,Nie,Nie,Narodowe,Nie,d,Podstawowy,1090
39,4,29.05.2021,0,0,Nie,Nie,Narodowe,Nie,a,Podstawowy,260
40,4,29.05.2021,0,0,Nie,Nie,Narodowe,Nie,a,Podstawowy,180
41,4,29.05.2021,0,0,Nie,Nie,Narodowe,Nie,d,Rozszerzony,1180
42,4,29.05.2021,0,0,Nie,Nie,Narodowe,Nie,a,Rozszerzony,290
43,4,29.05.2021,0,0,Nie,Nie,Narodowe,Nie,d,Podstawowy,4880
44,4,29.05.2021,0,0,Nie,Nie,Narodowe,Nie,a,Podstawowy,540
45,4,29.05.2021,0,0,Nie,Nie,Narodowe,Nie,d,Podstawowy,9710
46,4,29.05.2021,0,0,Nie,Nie,Narodowe,Nie,c,Podstawowy,1200
47,4,29.05.2021,0,0,Nie,Nie,Narodowe,Nie,a,Rozszerzony,270
48,4,29.05.2021,0,0,Nie,Nie,Narodowe,Nie,a,Podstawowy,1060
49,4,29.05.2021,0,0,Nie,Nie,Narodowe,Nie,d,Rozszerzony,18010
50,4,29.05.2021,0,0,Nie,Nie,Narodowe,Nie,d,Podstawowy,6260
1,3,28.05.2021,4616,581,Tak,Nie,Nie,Nie,c,Podstawowy,1270
2,3,28.05.2021,5203,652,Tak,Nie,Nie,Nie,a,Podstawowy,570
3,3,28.05.2021,4925,619,Tak,Nie,Nie,Nie,a,Podstawowy,14130
4,3,28.05.2021,11073,1509,Tak,Nie,Nie,Nie,c,Rozszerzony,620
5,3,28.05.2021,4613,571,Tak,Nie,Nie,Nie,a,Podstawowy,29910
6,3,28.05.2021,5015,616,Tak,Nie,Nie,Nie,a,Podstawowy,310
7,3,28.05.2021,8845,917,Tak,Nie,Nie,Nie,a,Rozszerzony,24000
8,3,28.05.2021,5137,651,Tak,Nie,Nie,Nie,a,Podstawowy,7520
9,3,28.05.2021,6645,561,Tak,Nie,Nie,Nie,a,Rozszerzony,2030
10,3,28.05.2021,5230,587,Tak,Nie,Nie,Nie,a,Podstawowy,3160
11,3,28.05.2021,8386,1177,Tak,Nie,Nie,Nie,a,Rozszerzony,960
12,3,28.05.2021,6714,881,Tak,Nie,Nie,Nie,a,Rozszerzony,1070
13,3,28.05.2021,4943,426,Tak,Nie,Nie,Nie,d,Podstawowy,310
14,3,28.05.2021,5324,636,Tak,Nie,Nie,Nie,a,Podstawowy,1300
15,3,28.05.2021,8601,872,Tak,Nie,Nie,Nie,d,Rozszerzony,4110
16,3,28.05.2021,8499,964,Tak,Nie,Nie,Nie,a,Rozszerzony,3270
17,3,28.05.2021,4992,661,Tak,Nie,Nie,Nie,a,Podstawowy,50
18,3,28.05.2021,6871,770,Tak,Nie,Nie,Nie,d,Rozszerzony,13840
19,3,28.05.2021,7701,728,Tak,Nie,Nie,Nie,a,Rozszerzony,3240
20,3,28.05.2021,8387,955,Tak,Nie,Nie,Nie,d,Podstawowy,2340
21,3,28.05.2021,5495,560,Tak,Nie,Nie,Nie,c,Rozszerzony,550
22,3,28.05.2021,4533,537,Tak,Nie,Nie,Nie,a,Podstawowy,1040
23,3,28.05.2021,5754,549,Tak,Nie,Nie,Nie,d,Podstawowy,4060
24,3,28.05.2021,8909,775,Tak,Nie,Nie,Nie,a,Rozszerzony,4590
25,3,28.05.2021,11434,1603,Tak,Nie,Nie,Nie,c,Podstawowy,430
26,3,28.05.2021,7117,610,Tak,Nie,Nie,Nie,d,Podstawowy,2300
27,3,28.05.2021,7281,869,Tak,Nie,Nie,Nie,a,Podstawowy,60
28,3,28.05.2021,5558,567,Tak,Nie,Nie,Nie,a,Podstawowy,1200
29,3,28.05.2021,7814,743,Tak,Nie,Nie,Nie,d,Rozszerzony,2170
30,3,28.05.2021,5117,778,Tak,Nie,Nie,Nie,a,Podstawowy,40
31,3,28.05.2021,6165,662,Tak,Nie,Nie,Nie,d,Rozszerzony,9800
32,3,28.05.2021,4172,533,Tak,Nie,Nie,Nie,a,Podstawowy,2910
33,3,28.05.2021,8713,887,Tak,Nie,Nie,Nie,a,Rozszerzony,1320
34,3,28.05.2021,7522,954,Tak,Nie,Nie,Nie,c,Podstawowy,2240
35,3,28.05.2021,8973,757,Tak,Nie,Nie,Nie,d,Rozszerzony,7660
36,3,28.05.2021,9453,1141,Tak,Nie,Nie,Nie,a,Rozszerzony,540
37,3,28.05.2021,8236,925,Tak,Nie,Nie,Nie,c,Podstawowy,4230
38,3,28.05.2021,5977,549,Tak,Nie,Nie,Nie,d,Podstawowy,1090
39,3,28.05.2021,4732,638,Tak,Nie,Nie,Nie,a,Podstawowy,260
40,3,28.05.2021,5081,662,Tak,Nie,Nie,Nie,a,Podstawowy,180
41,3,28.05.2021,5973,469,Tak,Nie,Nie,Nie,d,Rozszerzony,1180
42,3,28.05.2021,9530,1052,Tak,Nie,Nie,Nie,a,Rozszerzony,290
43,3,28.05.2021,7855,736,Tak,Nie,Nie,Nie,d,Podstawowy,4880
44,3,28.05.2021,5216,630,Tak,Nie,Nie,Nie,a,Podstawowy,540
45,3,28.05.2021,6044,491,Tak,Nie,Nie,Nie,d,Podstawowy,9710
46,3,28.05.2021,5286,681,Tak,Nie,Nie,Nie,c,Podstawowy,1200
47,3,28.05.2021,6839,973,Tak,Nie,Nie,Nie,a,Rozszerzony,270
48,3,28.05.2021,4597,521,Tak,Nie,Nie,Nie,a,Podstawowy,1060
49,3,28.05.2021,8674,658,Tak,Nie,Nie,Nie,d,Rozszerzony,18010
50,3,28.05.2021,4061,366,Tak,Nie,Nie,Nie,d,Podstawowy,6260
1,2,27.05.2021,3971,511,Tak,Nie,Nie,Nie,c,Podstawowy,1270
2,2,27.05.2021,4042,513,Tak,Nie,Nie,Nie,a,Podstawowy,570
3,2,27.05.2021,4651,587,Tak,Nie,Nie,Nie,a,Podstawowy,14130
4,2,27.05.2021,7193,1074,Tak,Nie,Nie,Nie,c,Rozszerzony,620
5,2,27.05.2021,3849,475,Tak,Nie,Nie,Nie,a,Podstawowy,29910
6,2,27.05.2021,4179,497,Tak,Nie,Nie,Nie,a,Podstawowy,310
7,2,27.05.2021,7925,979,Tak,Nie,Nie,Nie,a,Rozszerzony,24000
8,2,27.05.2021,5174,635,Tak,Nie,Nie,Nie,a,Podstawowy,7520
9,2,27.05.2021,6037,543,Tak,Nie,Nie,Nie,a,Rozszerzony,2030
10,2,27.05.2021,5303,563,Tak,Nie,Nie,Nie,a,Podstawowy,3160
11,2,27.05.2021,6818,1034,Tak,Nie,Nie,Nie,a,Rozszerzony,960
12,2,27.05.2021,5891,769,Tak,Nie,Nie,Nie,a,Rozszerzony,1070
13,2,27.05.2021,3745,320,Tak,Nie,Nie,Nie,d,Podstawowy,310
14,2,27.05.2021,4498,560,Tak,Nie,Nie,Nie,a,Podstawowy,1300
15,2,27.05.2021,5281,556,Tak,Nie,Nie,Nie,d,Rozszerzony,4110
16,2,27.05.2021,6365,819,Tak,Nie,Nie,Nie,a,Rozszerzony,3270
17,2,27.05.2021,4779,669,Tak,Nie,Nie,Nie,a,Podstawowy,50
18,2,27.05.2021,5354,603,Tak,Nie,Nie,Nie,d,Rozszerzony,13840
19,2,27.05.2021,5759,571,Tak,Nie,Nie,Nie,a,Rozszerzony,3240
20,2,27.05.2021,6608,804,Tak,Nie,Nie,Nie,d,Podstawowy,2340
21,2,27.05.2021,4786,421,Tak,Nie,Nie,Nie,c,Rozszerzony,550
22,2,27.05.2021,4052,497,Tak,Nie,Nie,Nie,a,Podstawowy,1040
23,2,27.05.2021,3807,377,Tak,Nie,Nie,Nie,d,Podstawowy,4060
24,2,27.05.2021,6349,619,Tak,Nie,Nie,Nie,a,Rozszerzony,4590
25,2,27.05.2021,9716,1357,Tak,Nie,Nie,Nie,c,Podstawowy,430
26,2,27.05.2021,4907,435,Tak,Nie,Nie,Nie,d,Podstawowy,2300
27,2,27.05.2021,6469,841,Tak,Nie,Nie,Nie,a,Podstawowy,60
28,2,27.05.2021,4864,536,Tak,Nie,Nie,Nie,a,Podstawowy,1200
29,2,27.05.2021,5736,526,Tak,Nie,Nie,Nie,d,Rozszerzony,2170
30,2,27.05.2021,4033,622,Tak,Nie,Nie,Nie,a,Podstawowy,40
31,2,27.05.2021,4699,524,Tak,Nie,Nie,Nie,d,Rozszerzony,9800
32,2,27.05.2021,3161,411,Tak,Nie,Nie,Nie,a,Podstawowy,2910
33,2,27.05.2021,5956,641,Tak,Nie,Nie,Nie,a,Rozszerzony,1320
34,2,27.05.2021,6662,887,Tak,Nie,Nie,Nie,c,Podstawowy,2240
35,2,27.05.2021,7677,619,Tak,Nie,Nie,Nie,d,Rozszerzony,7660
36,2,27.05.2021,7547,1002,Tak,Nie,Nie,Nie,a,Rozszerzony,540
37,2,27.05.2021,5384,647,Tak,Nie,Nie,Nie,c,Podstawowy,4230
38,2,27.05.2021,3639,306,Tak,Nie,Nie,Nie,d,Podstawowy,1090
39,2,27.05.2021,3748,511,Tak,Nie,Nie,Nie,a,Podstawowy,260
40,2,27.05.2021,3915,574,Tak,Nie,Nie,Nie,a,Podstawowy,180
41,2,27.05.2021,5196,383,Tak,Nie,Nie,Nie,d,Rozszerzony,1180
42,2,27.05.2021,8788,983,Tak,Nie,Nie,Nie,a,Rozszerzony,290
43,2,27.05.2021,5424,534,Tak,Nie,Nie,Nie,d,Podstawowy,4880
44,2,27.05.2021,4465,555,Tak,Nie,Nie,Nie,a,Podstawowy,540
45,2,27.05.2021,4319,324,Tak,Nie,Nie,Nie,d,Podstawowy,9710
46,2,27.05.2021,3892,512,Tak,Nie,Nie,Nie,c,Podstawowy,1200
47,2,27.05.2021,5982,814,Tak,Nie,Nie,Nie,a,Rozszerzony,270
48,2,27.05.2021,4167,465,Tak,Nie,Nie,Nie,a,Podstawowy,1060
49,2,27.05.2021,6810,509,Tak,Nie,Nie,Nie,d,Rozszerzony,18010
50,2,27.05.2021,3542,308,Tak,Nie,Nie,Nie,d,Podstawowy,6260
1,1,26.05.2021,3912,494,Tak,Nie,Nie,Nie,c,Podstawowy,1270
2,1,26.05.2021,4173,547,Tak,Nie,Nie,Nie,a,Podstawowy,570
3,1,26.05.2021,5458,702,Tak,Nie,Nie,Nie,a,Podstawowy,14130
4,1,26.05.2021,7949,1155,Tak,Nie,Nie,Nie,c,Rozszerzony,620
5,1,26.05.2021,3736,523,Tak,Nie,Nie,Nie,a,Podstawowy,29910
6,1,26.05.2021,5274,635,Tak,Nie,Nie,Nie,a,Podstawowy,310
7,1,26.05.2021,7687,960,Tak,Nie,Nie,Nie,a,Rozszerzony,24000
8,1,26.05.2021,4871,680,Tak,Nie,Nie,Nie,a,Podstawowy,7520
9,1,26.05.2021,5037,495,Tak,Nie,Nie,Nie,a,Rozszerzony,2030
10,1,26.05.2021,6172,665,Tak,Nie,Nie,Nie,a,Podstawowy,3160
11,1,26.05.2021,7172,1166,Tak,Nie,Nie,Nie,a,Rozszerzony,960
12,1,26.05.2021,5991,844,Tak,Nie,Nie,Nie,a,Rozszerzony,1070
13,1,26.05.2021,3438,324,Tak,Nie,Nie,Nie,d,Podstawowy,310
14,1,26.05.2021,4505,575,Tak,Nie,Nie,Nie,a,Podstawowy,1300
15,1,26.05.2021,5229,581,Tak,Nie,Nie,Nie,d,Rozszerzony,4110
16,1,26.05.2021,6724,843,Tak,Nie,Nie,Nie,a,Rozszerzony,3270
17,1,26.05.2021,4708,716,Tak,Nie,Nie,Nie,a,Podstawowy,50
18,1,26.05.2021,5340,684,Tak,Nie,Nie,Nie,d,Rozszerzony,13840
19,1,26.05.2021,5649,578,Tak,Nie,Nie,Nie,a,Rozszerzony,3240
20,1,26.05.2021,7336,887,Tak,Nie,Nie,Nie,d,Podstawowy,2340
21,1,26.05.2021,4450,411,Tak,Nie,Nie,Nie,c,Rozszerzony,550
22,1,26.05.2021,3547,442,Tak,Nie,Nie,Nie,a,Podstawowy,1040
23,1,26.05.2021,4494,434,Tak,Nie,Nie,Nie,d,Podstawowy,4060
24,1,26.05.2021,5966,614,Tak,Nie,Nie,Nie,a,Rozszerzony,4590
25,1,26.05.2021,9780,1511,Tak,Nie,Nie,Nie,c,Podstawowy,430
26,1,26.05.2021,5094,477,Tak,Nie,Nie,Nie,d,Podstawowy,2300
27,1,26.05.2021,7462,975,Tak,Nie,Nie,Nie,a,Podstawowy,60
28,1,26.05.2021,5264,648,Tak,Nie,Nie,Nie,a,Podstawowy,1200
29,1,26.05.2021,5425,560,Tak,Nie,Nie,Nie,d,Rozszerzony,2170
30,1,26.05.2021,3315,539,Tak,Nie,Nie,Nie,a,Podstawowy,40
31,1,26.05.2021,4483,533,Tak,Nie,Nie,Nie,d,Rozszerzony,9800
32,1,26.05.2021,3717,501,Tak,Nie,Nie,Nie,a,Podstawowy,2910
33,1,26.05.2021,7083,757,Tak,Nie,Nie,Nie,a,Rozszerzony,1320
34,1,26.05.2021,7543,993,Tak,Nie,Nie,Nie,c,Podstawowy,2240
35,1,26.05.2021,8004,685,Tak,Nie,Nie,Nie,d,Rozszerzony,7660
36,1,26.05.2021,9592,1065,Tak,Nie,Nie,Nie,a,Rozszerzony,540
37,1,26.05.2021,5498,606,Tak,Nie,Nie,Nie,c,Podstawowy,4230
38,1,26.05.2021,4062,403,Tak,Nie,Nie,Nie,d,Podstawowy,1090
39,1,26.05.2021,3698,525,Tak,Nie,Nie,Nie,a,Podstawowy,260
40,1,26.05.2021,3303,519,Tak,Nie,Nie,Nie,a,Podstawowy,180
41,1,26.05.2021,4620,362,Tak,Nie,Nie,Nie,d,Rozszerzony,1180
42,1,26.05.2021,7639,924,Tak,Nie,Nie,Nie,a,Rozszerzony,290
43,1,26.05.2021,6108,610,Tak,Nie,Nie,Nie,d,Podstawowy,4880
44,1,26.05.2021,5146,657,Tak,Nie,Nie,Nie,a,Podstawowy,540
45,1,26.05.2021,3948,340,Tak,Nie,Nie,Nie,d,Podstawowy,9710
46,1,26.05.2021,3614,533,Tak,Nie,Nie,Nie,c,Podstawowy,1200
47,1,26.05.2021,6457,903,Tak,Nie,Nie,Nie,a,Rozszerzony,270
48,1,26.05.2021,4272,478,Tak,Nie,Nie,Nie,a,Podstawowy,1060
49,1,26.05.2021,5777,462,Tak,Nie,Nie,Nie,d,Rozszerzony,18010
50,1,26.05.2021,3281,283,Tak,Nie,Nie,Nie,d,Podstawowy,6260
1,7,25.05.2021,0,0,Nie,Nie,Nie,Nie,c,Podstawowy,1270
2,7,25.05.2021,0,0,Nie,Nie,Nie,Nie,a,Podstawowy,570
3,7,25.05.2021,0,0,Nie,Nie,Nie,Nie,a,Podstawowy,14130
4,7,25.05.2021,0,0,Nie,Nie,Nie,Nie,c,Rozszerzony,620
5,7,25.05.2021,0,0,Nie,Nie,Nie,Nie,a,Podstawowy,29910
6,7,25.05.2021,0,0,Nie,Nie,Nie,Nie,a,Podstawowy,310
7,7,25.05.2021,0,0,Nie,Nie,Nie,Nie,a,Rozszerzony,24000
8,7,25.05.2021,0,0,Nie,Nie,Nie,Nie,a,Podstawowy,7520
9,7,25.05.2021,0,0,Nie,Nie,Nie,Nie,a,Rozszerzony,2030
10,7,25.05.2021,0,0,Nie,Nie,Nie,Nie,a,Podstawowy,3160
11,7,25.05.2021,0,0,Nie,Nie,Nie,Nie,a,Rozszerzony,960
12,7,25.05.2021,0,0,Nie,Nie,Nie,Nie,a,Rozszerzony,1070
13,7,25.05.2021,0,0,Nie,Nie,Nie,Nie,d,Podstawowy,310
14,7,25.05.2021,0,0,Nie,Nie,Nie,Nie,a,Podstawowy,1300
15,7,25.05.2021,0,0,Nie,Nie,Nie,Nie,d,Rozszerzony,4110
16,7,25.05.2021,0,0,Nie,Nie,Nie,Nie,a,Rozszerzony,3270
17,7,25.05.2021,0,0,Nie,Nie,Nie,Nie,a,Podstawowy,50
18,7,25.05.2021,0,0,Nie,Nie,Nie,Nie,d,Rozszerzony,13840
19,7,25.05.2021,0,0,Nie,Nie,Nie,Nie,a,Rozszerzony,3240
20,7,25.05.2021,0,0,Nie,Nie,Nie,Nie,d,Podstawowy,2340
21,7,25.05.2021,0,0,Nie,Nie,Nie,Nie,c,Rozszerzony,550
22,7,25.05.2021,0,0,Nie,Nie,Nie,Nie,a,Podstawowy,1040
23,7,25.05.2021,0,0,Nie,Nie,Nie,Nie,d,Podstawowy,4060
24,7,25.05.2021,0,0,Nie,Nie,Nie,Nie,a,Rozszerzony,4590
25,7,25.05.2021,0,0,Nie,Nie,Nie,Nie,c,Podstawowy,430
26,7,25.05.2021,0,0,Nie,Nie,Nie,Nie,d,Podstawowy,2300
27,7,25.05.2021,0,0,Nie,Nie,Nie,Nie,a,Podstawowy,60
28,7,25.05.2021,0,0,Nie,Nie,Nie,Nie,a,Podstawowy,1200
29,7,25.05.2021,0,0,Nie,Nie,Nie,Nie,d,Rozszerzony,2170
30,7,25.05.2021,0,0,Nie,Nie,Nie,Nie,a,Podstawowy,40
31,7,25.05.2021,0,0,Nie,Nie,Nie,Nie,d,Rozszerzony,9800
32,7,25.05.2021,0,0,Nie,Nie,Nie,Nie,a,Podstawowy,2910
33,7,25.05.2021,0,0,Nie,Nie,Nie,Nie,a,Rozszerzony,1320
34,7,25.05.2021,0,0,Nie,Nie,Nie,Nie,c,Podstawowy,2240
35,7,25.05.2021,0,0,Nie,Nie,Nie,Nie,d,Rozszerzony,7660
36,7,25.05.2021,0,0,Nie,Nie,Nie,Nie,a,Rozszerzony,540
37,7,25.05.2021,0,0,Nie,Nie,Nie,Nie,c,Podstawowy,4230
38,7,25.05.2021,0,0,Nie,Nie,Nie,Nie,d,Podstawowy,1090
39,7,25.05.2021,0,0,Nie,Nie,Nie,Nie,a,Podstawowy,260
40,7,25.05.2021,0,0,Nie,Nie,Nie,Nie,a,Podstawowy,180
41,7,25.05.2021,0,0,Nie,Nie,Nie,Nie,d,Rozszerzony,1180
42,7,25.05.2021,0,0,Nie,Nie,Nie,Nie,a,Rozszerzony,290
43,7,25.05.2021,0,0,Nie,Nie,Nie,Nie,d,Podstawowy,4880
44,7,25.05.2021,0,0,Nie,Nie,Nie,Nie,a,Podstawowy,540
45,7,25.05.2021,0,0,Nie,Nie,Nie,Nie,d,Podstawowy,9710
46,7,25.05.2021,0,0,Nie,Nie,Nie,Nie,c,Podstawowy,1200
47,7,25.05.2021,0,0,Nie,Nie,Nie,Nie,a,Rozszerzony,270
48,7,25.05.2021,0,0,Nie,Nie,Nie,Nie,a,Podstawowy,1060
49,7,25.05.2021,0,0,Nie,Nie,Nie,Nie,d,Rozszerzony,18010
50,7,25.05.2021,0,0,Nie,Nie,Nie,Nie,d,Podstawowy,6260
1,6,24.05.2021,4574,516,Tak,Nie,Nie,Nie,c,Podstawowy,1270
2,6,24.05.2021,2516,334,Tak,Nie,Nie,Nie,a,Podstawowy,570
3,6,24.05.2021,4236,470,Tak,Nie,Nie,Nie,a,Podstawowy,14130
4,6,24.05.2021,9218,1284,Tak,Nie,Nie,Nie,c,Rozszerzony,620
5,6,24.05.2021,1888,218,Tak,Nie,Nie,Nie,a,Podstawowy,29910
6,6,24.05.2021,3165,382,Tak,Nie,Nie,Nie,a,Podstawowy,310
7,6,24.05.2021,5452,633,Tak,Nie,Nie,Nie,a,Rozszerzony,24000
8,6,24.05.2021,2657,363,Tak,Nie,Nie,Nie,a,Podstawowy,7520
9,6,24.05.2021,6528,578,Tak,Nie,Nie,Nie,a,Rozszerzony,2030
10,6,24.05.2021,5034,516,Tak,Nie,Nie,Nie,a,Podstawowy,3160
11,6,24.05.2021,5785,836,Tak,Nie,Nie,Nie,a,Rozszerzony,960
12,6,24.05.2021,6194,790,Tak,Nie,Nie,Nie,a,Rozszerzony,1070
13,6,24.05.2021,3652,326,Tak,Nie,Nie,Nie,d,Podstawowy,310
14,6,24.05.2021,3381,399,Tak,Nie,Nie,Nie,a,Podstawowy,1300
15,6,24.05.2021,5481,644,Tak,Nie,Nie,Nie,d,Rozszerzony,4110
16,6,24.05.2021,4839,515,Tak,Nie,Nie,Nie,a,Rozszerzony,3270
17,6,24.05.2021,2609,345,Tak,Nie,Nie,Nie,a,Podstawowy,50
18,6,24.05.2021,3964,467,Tak,Nie,Nie,Nie,d,Rozszerzony,13840
19,6,24.05.2021,3822,366,Tak,Nie,Nie,Nie,a,Rozszerzony,3240
20,6,24.05.2021,5812,558,Tak,Nie,Nie,Nie,d,Podstawowy,2340
21,6,24.05.2021,4879,535,Tak,Nie,Nie,Nie,c,Rozszerzony,550
22,6,24.05.2021,3287,379,Tak,Nie,Nie,Nie,a,Podstawowy,1040
23,6,24.05.2021,4070,382,Tak,Nie,Nie,Nie,d,Podstawowy,4060
24,6,24.05.2021,5701,583,Tak,Nie,Nie,Nie,a,Rozszerzony,4590
25,6,24.05.2021,7681,1166,Tak,Nie,Nie,Nie,c,Podstawowy,430
26,6,24.05.2021,4876,467,Tak,Nie,Nie,Nie,d,Podstawowy,2300
27,6,24.05.2021,7525,914,Tak,Nie,Nie,Nie,a,Podstawowy,60
28,6,24.05.2021,2361,291,Tak,Nie,Nie,Nie,a,Podstawowy,1200
29,6,24.05.2021,6593,630,Tak,Nie,Nie,Nie,d,Rozszerzony,2170
30,6,24.05.2021,4127,639,Tak,Nie,Nie,Nie,a,Podstawowy,40
31,6,24.05.2021,5641,574,Tak,Nie,Nie,Nie,d,Rozszerzony,9800
32,6,24.05.2021,2269,294,Tak,Nie,Nie,Nie,a,Podstawowy,2910
33,6,24.05.2021,7963,843,Tak,Nie,Nie,Nie,a,Rozszerzony,1320
34,6,24.05.2021,8022,943,Tak,Nie,Nie,Nie,c,Podstawowy,2240
35,6,24.05.2021,7275,612,Tak,Nie,Nie,Nie,d,Rozszerzony,7660
36,6,24.05.2021,8745,987,Tak,Nie,Nie,Nie,a,Rozszerzony,540
37,6,24.05.2021,7298,855,Tak,Nie,Nie,Nie,c,Podstawowy,4230
38,6,24.05.2021,6529,591,Tak,Nie,Nie,Nie,d,Podstawowy,1090
39,6,24.05.2021,2564,375,Tak,Nie,Nie,Nie,a,Podstawowy,260
40,6,24.05.2021,5393,721,Tak,Nie,Nie,Nie,a,Podstawowy,180
41,6,24.05.2021,5799,432,Tak,Nie,Nie,Nie,d,Rozszerzony,1180
42,6,24.05.2021,7622,914,Tak,Nie,Nie,Nie,a,Rozszerzony,290
43,6,24.05.2021,4357,410,Tak,Nie,Nie,Nie,d,Podstawowy,4880
44,6,24.05.2021,3557,467,Tak,Nie,Nie,Nie,a,Podstawowy,540
45,6,24.05.2021,4909,421,Tak,Nie,Nie,Nie,d,Podstawowy,9710
46,6,24.05.2021,4419,656,Tak,Nie,Nie,Nie,c,Podstawowy,1200
47,6,24.05.2021,5178,791,Tak,Nie,Nie,Nie,a,Rozszerzony,270
48,6,24.05.2021,3234,370,Tak,Nie,Nie,Nie,a,Podstawowy,1060
49,6,24.05.2021,8117,573,Tak,Nie,Nie,Nie,d,Rozszerzony,18010
50,6,24.05.2021,4291,383,Tak,Nie,Nie,Nie,d,Podstawowy,6260
1,5,23.05.2021,4968,526,Tak,Tak,Nie,Nie,c,Podstawowy,1270
2,5,23.05.2021,4802,555,Tak,Tak,Nie,Nie,a,Podstawowy,570
3,5,23.05.2021,6619,710,Tak,Tak,Nie,Nie,a,Podstawowy,14130
4,5,23.05.2021,8611,1177,Tak,Tak,Nie,Nie,c,Rozszerzony,620
5,5,23.05.2021,4818,591,Tak,Tak,Nie,Nie,a,Podstawowy,29910
6,5,23.05.2021,5324,610,Tak,Tak,Nie,Nie,a,Podstawowy,310
7,5,23.05.2021,8719,983,Tak,Tak,Nie,Nie,a,Rozszerzony,24000
8,5,23.05.2021,4887,581,Tak,Tak,Nie,Nie,a,Podstawowy,7520
9,5,23.05.2021,6776,577,Tak,Tak,Nie,Nie,a,Rozszerzony,2030
10,5,23.05.2021,5890,570,Tak,Tak,Nie,Nie,a,Podstawowy,3160
11,5,23.05.2021,6059,931,Tak,Tak,Nie,Nie,a,Rozszerzony,960
12,5,23.05.2021,7761,842,Tak,Tak,Nie,Nie,a,Rozszerzony,1070
13,5,23.05.2021,5902,453,Tak,Tak,Nie,Nie,d,Podstawowy,310
14,5,23.05.2021,6334,670,Tak,Tak,Nie,Nie,a,Podstawowy,1300
15,5,23.05.2021,7173,683,Tak,Tak,Nie,Nie,d,Rozszerzony,4110
16,5,23.05.2021,8064,859,Tak,Tak,Nie,Nie,a,Rozszerzony,3270
17,5,23.05.2021,6070,756,Tak,Tak,Nie,Nie,a,Podstawowy,50
18,5,23.05.2021,7136,818,Tak,Tak,Nie,Nie,d,Rozszerzony,13840
19,5,23.05.2021,7235,655,Tak,Tak,Nie,Nie,a,Rozszerzony,3240
20,5,23.05.2021,8081,833,Tak,Tak,Nie,Nie,d,Podstawowy,2340
21,5,23.05.2021,7577,620,Tak,Tak,Nie,Nie,c,Rozszerzony,550
22,5,23.05.2021,5005,587,Tak,Tak,Nie,Nie,a,Podstawowy,1040
23,5,23.05.2021,6288,539,Tak,Tak,Nie,Nie,d,Podstawowy,4060
24,5,23.05.2021,9127,748,Tak,Tak,Nie,Nie,a,Rozszerzony,4590
25,5,23.05.2021,10088,1470,Tak,Tak,Nie,Nie,c,Podstawowy,430
26,5,23.05.2021,7574,593,Tak,Tak,Nie,Nie,d,Podstawowy,2300
27,5,23.05.2021,8405,983,Tak,Tak,Nie,Nie,a,Podstawowy,60
28,5,23.05.2021,6154,692,Tak,Tak,Nie,Nie,a,Podstawowy,1200
29,5,23.05.2021,7838,683,Tak,Tak,Nie,Nie,d,Rozszerzony,2170
30,5,23.05.2021,4787,668,Tak,Tak,Nie,Nie,a,Podstawowy,40
31,5,23.05.2021,6665,646,Tak,Tak,Nie,Nie,d,Rozszerzony,9800
32,5,23.05.2021,4552,514,Tak,Tak,Nie,Nie,a,Podstawowy,2910
33,5,23.05.2021,8752,817,Tak,Tak,Nie,Nie,a,Rozszerzony,1320
34,5,23.05.2021,7372,972,Tak,Tak,Nie,Nie,c,Podstawowy,2240
35,5,23.05.2021,9624,737,Tak,Tak,Nie,Nie,d,Rozszerzony,7660
36,5,23.05.2021,9257,1108,Tak,Tak,Nie,Nie,a,Rozszerzony,540
37,5,23.05.2021,8189,847,Tak,Tak,Nie,Nie,c,Podstawowy,4230
38,5,23.05.2021,5958,543,Tak,Tak,Nie,Nie,d,Podstawowy,1090
39,5,23.05.2021,4582,597,Tak,Tak,Nie,Nie,a,Podstawowy,260
40,5,23.05.2021,5291,678,Tak,Tak,Nie,Nie,a,Podstawowy,180
41,5,23.05.2021,5754,434,Tak,Tak,Nie,Nie,d,Rozszerzony,1180
42,5,23.05.2021,9496,996,Tak,Tak,Nie,Nie,a,Rozszerzony,290
43,5,23.05.2021,8363,689,Tak,Tak,Nie,Nie,d,Podstawowy,4880
44,5,23.05.2021,5564,695,Tak,Tak,Nie,Nie,a,Podstawowy,540
45,5,23.05.2021,5364,406,Tak,Tak,Nie,Nie,d,Podstawowy,9710
46,5,23.05.2021,6513,744,Tak,Tak,Nie,Nie,c,Podstawowy,1200
47,5,23.05.2021,6918,883,Tak,Tak,Nie,Nie,a,Rozszerzony,270
48,5,23.05.2021,4319,432,Tak,Tak,Nie,Nie,a,Podstawowy,1060
49,5,23.05.2021,7999,586,Tak,Tak,Nie,Nie,d,Rozszerzony,18010
50,5,23.05.2021,4545,367,Tak,Tak,Nie,Nie,d,Podstawowy,6260
1,4,22.05.2021,3801,481,Tak,Tak,Nie,Nie,c,Podstawowy,1270
2,4,22.05.2021,4887,582,Tak,Tak,Nie,Nie,a,Podstawowy,570
3,4,22.05.2021,6899,753,Tak,Tak,Nie,Nie,a,Podstawowy,14130
4,4,22.05.2021,8924,1167,Tak,Tak,Nie,Nie,c,Rozszerzony,620
5,4,22.05.2021,4669,544,Tak,Tak,Nie,Nie,a,Podstawowy,29910
6,4,22.05.2021,6049,678,Tak,Tak,Nie,Nie,a,Podstawowy,310
7,4,22.05.2021,7348,837,Tak,Tak,Nie,Nie,a,Rozszerzony,24000
8,4,22.05.2021,6673,810,Tak,Tak,Nie,Nie,a,Podstawowy,7520
9,4,22.05.2021,5849,535,Tak,Tak,Nie,Nie,a,Rozszerzony,2030
10,4,22.05.2021,5448,563,Tak,Tak,Nie,Nie,a,Podstawowy,3160
11,4,22.05.2021,7011,1088,Tak,Tak,Nie,Nie,a,Rozszerzony,960
12,4,22.05.2021,7085,910,Tak,Tak,Nie,Nie,a,Rozszerzony,1070
13,4,22.05.2021,4345,346,Tak,Tak,Nie,Nie,d,Podstawowy,310
14,4,22.05.2021,5923,647,Tak,Tak,Nie,Nie,a,Podstawowy,1300
15,4,22.05.2021,6468,650,Tak,Tak,Nie,Nie,d,Rozszerzony,4110
16,4,22.05.2021,7744,899,Tak,Tak,Nie,Nie,a,Rozszerzony,3270
17,4,22.05.2021,6035,784,Tak,Tak,Nie,Nie,a,Podstawowy,50
18,4,22.05.2021,5864,664,Tak,Tak,Nie,Nie,d,Rozszerzony,13840
19,4,22.05.2021,6419,629,Tak,Tak,Nie,Nie,a,Rozszerzony,3240
20,4,22.05.2021,8654,1041,Tak,Tak,Nie,Nie,d,Podstawowy,2340
21,4,22.05.2021,5271,514,Tak,Tak,Nie,Nie,c,Rozszerzony,550
22,4,22.05.2021,4537,552,Tak,Tak,Nie,Nie,a,Podstawowy,1040
23,4,22.05.2021,5142,453,Tak,Tak,Nie,Nie,d,Podstawowy,4060
24,4,22.05.2021,8041,689,Tak,Tak,Nie,Nie,a,Rozszerzony,4590
25,4,22.05.2021,10285,1578,Tak,Tak,Nie,Nie,c,Podstawowy,430
26,4,22.05.2021,6913,574,Tak,Tak,Nie,Nie,d,Podstawowy,2300
27,4,22.05.2021,8926,988,Tak,Tak,Nie,Nie,a,Podstawowy,60
28,4,22.05.2021,6305,684,Tak,Tak,Nie,Nie,a,Podstawowy,1200
29,4,22.05.2021,6885,603,Tak,Tak,Nie,Nie,d,Rozszerzony,2170
30,4,22.05.2021,5213,764,Tak,Tak,Nie,Nie,a,Podstawowy,40
31,4,22.05.2021,5164,509,Tak,Tak,Nie,Nie,d,Rozszerzony,9800
32,4,22.05.2021,4749,514,Tak,Tak,Nie,Nie,a,Podstawowy,2910
33,4,22.05.2021,7653,741,Tak,Tak,Nie,Nie,a,Rozszerzony,1320
34,4,22.05.2021,8589,1027,Tak,Tak,Nie,Nie,c,Podstawowy,2240
35,4,22.05.2021,10759,805,Tak,Tak,Nie,Nie,d,Rozszerzony,7660
36,4,22.05.2021,8772,1043,Tak,Tak,Nie,Nie,a,Rozszerzony,540
37,4,22.05.2021,7018,739,Tak,Tak,Nie,Nie,c,Podstawowy,4230
38,4,22.05.2021,5895,528,Tak,Tak,Nie,Nie,d,Podstawowy,1090
39,4,22.05.2021,5516,672,Tak,Tak,Nie,Nie,a,Podstawowy,260
40,4,22.05.2021,4866,673,Tak,Tak,Nie,Nie,a,Podstawowy,180
41,4,22.05.2021,4788,351,Tak,Tak,Nie,Nie,d,Rozszerzony,1180
42,4,22.05.2021,10634,1091,Tak,Tak,Nie,Nie,a,Rozszerzony,290
43,4,22.05.2021,8508,674,Tak,Tak,Nie,Nie,d,Podstawowy,4880
44,4,22.05.2021,5177,635,Tak,Tak,Nie,Nie,a,Podstawowy,540
45,4,22.05.2021,5316,412,Tak,Tak,Nie,Nie,d,Podstawowy,9710
46,4,22.05.2021,5436,635,Tak,Tak,Nie,Nie,c,Podstawowy,1200
47,4,22.05.2021,6736,885,Tak,Tak,Nie,Nie,a,Rozszerzony,270
48,4,22.05.2021,3930,432,Tak,Tak,Nie,Nie,a,Podstawowy,1060
49,4,22.05.2021,6307,473,Tak,Tak,Nie,Nie,d,Rozszerzony,18010
50,4,22.05.2021,4436,375,Tak,Tak,Nie,Nie,d,Podstawowy,6260
1,3,21.05.2021,4298,510,Tak,Tak,Nie,Nie,c,Podstawowy,1270
2,3,21.05.2021,5584,753,Tak,Tak,Nie,Nie,a,Podstawowy,570
3,3,21.05.2021,7139,769,Tak,Tak,Nie,Nie,a,Podstawowy,14130
4,3,21.05.2021,8408,1163,Tak,Tak,Nie,Nie,c,Rozszerzony,620
5,3,21.05.2021,5035,658,Tak,Tak,Nie,Nie,a,Podstawowy,29910
6,3,21.05.2021,5945,668,Tak,Tak,Nie,Nie,a,Podstawowy,310
7,3,21.05.2021,8214,864,Tak,Tak,Nie,Nie,a,Rozszerzony,24000
8,3,21.05.2021,5064,629,Tak,Tak,Nie,Nie,a,Podstawowy,7520
9,3,21.05.2021,6174,544,Tak,Tak,Nie,Nie,a,Rozszerzony,2030
10,3,21.05.2021,5724,606,Tak,Tak,Nie,Nie,a,Podstawowy,3160
11,3,21.05.2021,8058,1210,Tak,Tak,Nie,Nie,a,Rozszerzony,960
12,3,21.05.2021,8241,973,Tak,Tak,Nie,Nie,a,Rozszerzony,1070
13,3,21.05.2021,4902,368,Tak,Tak,Nie,Nie,d,Podstawowy,310
14,3,21.05.2021,5941,662,Tak,Tak,Nie,Nie,a,Podstawowy,1300
15,3,21.05.2021,6036,588,Tak,Tak,Nie,Nie,d,Rozszerzony,4110
16,3,21.05.2021,7918,914,Tak,Tak,Nie,Nie,a,Rozszerzony,3270
17,3,21.05.2021,6390,783,Tak,Tak,Nie,Nie,a,Podstawowy,50
18,3,21.05.2021,6898,735,Tak,Tak,Nie,Nie,d,Rozszerzony,13840
19,3,21.05.2021,7464,654,Tak,Tak,Nie,Nie,a,Rozszerzony,3240
20,3,21.05.2021,8725,985,Tak,Tak,Nie,Nie,d,Podstawowy,2340
21,3,21.05.2021,5708,515,Tak,Tak,Nie,Nie,c,Rozszerzony,550
22,3,21.05.2021,4065,473,Tak,Tak,Nie,Nie,a,Podstawowy,1040
23,3,21.05.2021,5386,478,Tak,Tak,Nie,Nie,d,Podstawowy,4060
24,3,21.05.2021,9802,825,Tak,Tak,Nie,Nie,a,Rozszerzony,4590
25,3,21.05.2021,8867,1406,Tak,Tak,Nie,Nie,c,Podstawowy,430
26,3,21.05.2021,6229,491,Tak,Tak,Nie,Nie,d,Podstawowy,2300
27,3,21.05.2021,9526,1086,Tak,Tak,Nie,Nie,a,Podstawowy,60
28,3,21.05.2021,5296,576,Tak,Tak,Nie,Nie,a,Podstawowy,1200
29,3,21.05.2021,7205,604,Tak,Tak,Nie,Nie,d,Rozszerzony,2170
30,3,21.05.2021,5166,706,Tak,Tak,Nie,Nie,a,Podstawowy,40
31,3,21.05.2021,5068,505,Tak,Tak,Nie,Nie,d,Rozszerzony,9800
32,3,21.05.2021,4761,548,Tak,Tak,Nie,Nie,a,Podstawowy,2910
33,3,21.05.2021,7825,763,Tak,Tak,Nie,Nie,a,Rozszerzony,1320
34,3,21.05.2021,7996,992,Tak,Tak,Nie,Nie,c,Podstawowy,2240
35,3,21.05.2021,9424,721,Tak,Tak,Nie,Nie,d,Rozszerzony,7660
36,3,21.05.2021,9258,1122,Tak,Tak,Nie,Nie,a,Rozszerzony,540
37,3,21.05.2021,6593,660,Tak,Tak,Nie,Nie,c,Podstawowy,4230
38,3,21.05.2021,6176,531,Tak,Tak,Nie,Nie,d,Podstawowy,1090
39,3,21.05.2021,5838,718,Tak,Tak,Nie,Nie,a,Podstawowy,260
40,3,21.05.2021,4575,607,Tak,Tak,Nie,Nie,a,Podstawowy,180
41,3,21.05.2021,4300,319,Tak,Tak,Nie,Nie,d,Rozszerzony,1180
42,3,21.05.2021,11182,1225,Tak,Tak,Nie,Nie,a,Rozszerzony,290
43,3,21.05.2021,7247,653,Tak,Tak,Nie,Nie,d,Podstawowy,4880
44,3,21.05.2021,5999,705,Tak,Tak,Nie,Nie,a,Podstawowy,540
45,3,21.05.2021,5139,365,Tak,Tak,Nie,Nie,d,Podstawowy,9710
46,3,21.05.2021,5088,611,Tak,Tak,Nie,Nie,c,Podstawowy,1200
47,3,21.05.2021,7777,1025,Tak,Tak,Nie,Nie,a,Rozszerzony,270
48,3,21.05.2021,4374,426,Tak,Tak,Nie,Nie,a,Podstawowy,1060
49,3,21.05.2021,8131,570,Tak,Tak,Nie,Nie,d,Rozszerzony,18010
50,3,21.05.2021,4493,338,Tak,Tak,Nie,Nie,d,Podstawowy,6260
1,2,20.05.2021,4909,549,Tak,Tak,Nie,Nie,c,Podstawowy,1270
2,2,20.05.2021,5155,629,Tak,Tak,Nie,Nie,a,Podstawowy,570
3,2,20.05.2021,7828,869,Tak,Tak,Nie,Nie,a,Podstawowy,14130
4,2,20.05.2021,8127,1165,Tak,Tak,Nie,Nie,c,Rozszerzony,620
5,2,20.05.2021,4986,584,Tak,Tak,Nie,Nie,a,Podstawowy,29910
6,2,20.05.2021,6093,714,Tak,Tak,Nie,Nie,a,Podstawowy,310
7,2,20.05.2021,8857,1031,Tak,Tak,Nie,Nie,a,Rozszerzony,24000
8,2,20.05.2021,6191,720,Tak,Tak,Nie,Nie,a,Podstawowy,7520
9,2,20.05.2021,6740,575,Tak,Tak,Nie,Nie,a,Rozszerzony,2030
10,2,20.05.2021,6611,668,Tak,Tak,Nie,Nie,a,Podstawowy,3160
11,2,20.05.2021,7805,1160,Tak,Tak,Nie,Nie,a,Rozszerzony,960
12,2,20.05.2021,8560,960,Tak,Tak,Nie,Nie,a,Rozszerzony,1070
13,2,20.05.2021,5849,394,Tak,Tak,Nie,Nie,d,Podstawowy,310
14,2,20.05.2021,6290,698,Tak,Tak,Nie,Nie,a,Podstawowy,1300
15,2,20.05.2021,6551,629,Tak,Tak,Nie,Nie,d,Rozszerzony,4110
16,2,20.05.2021,9283,1029,Tak,Tak,Nie,Nie,a,Rozszerzony,3270
17,2,20.05.2021,7512,908,Tak,Tak,Nie,Nie,a,Podstawowy,50
18,2,20.05.2021,6675,660,Tak,Tak,Nie,Nie,d,Rozszerzony,13840
19,2,20.05.2021,7254,722,Tak,Tak,Nie,Nie,a,Rozszerzony,3240
20,2,20.05.2021,9530,1035,Tak,Tak,Nie,Nie,d,Podstawowy,2340
21,2,20.05.2021,5975,529,Tak,Tak,Nie,Nie,c,Rozszerzony,550
22,2,20.05.2021,4534,517,Tak,Tak,Nie,Nie,a,Podstawowy,1040
23,2,20.05.2021,5589,461,Tak,Tak,Nie,Nie,d,Podstawowy,4060
24,2,20.05.2021,9280,756,Tak,Tak,Nie,Nie,a,Rozszerzony,4590
25,2,20.05.2021,12091,1665,Tak,Tak,Nie,Nie,c,Podstawowy,430
26,2,20.05.2021,6344,509,Tak,Tak,Nie,Nie,d,Podstawowy,2300
27,2,20.05.2021,9810,1161,Tak,Tak,Nie,Nie,a,Podstawowy,60
28,2,20.05.2021,6568,704,Tak,Tak,Nie,Nie,a,Podstawowy,1200
29,2,20.05.2021,8330,728,Tak,Tak,Nie,Nie,d,Rozszerzony,2170
30,2,20.05.2021,6317,866,Tak,Tak,Nie,Nie,a,Podstawowy,40
31,2,20.05.2021,5700,541,Tak,Tak,Nie,Nie,d,Rozszerzony,9800
32,2,20.05.2021,5564,595,Tak,Tak,Nie,Nie,a,Podstawowy,2910
33,2,20.05.2021,9483,848,Tak,Tak,Nie,Nie,a,Rozszerzony,1320
34,2,20.05.2021,8999,1083,Tak,Tak,Nie,Nie,c,Podstawowy,2240
35,2,20.05.2021,9927,761,Tak,Tak,Nie,Nie,d,Rozszerzony,7660
36,2,20.05.2021,9428,1115,Tak,Tak,Nie,Nie,a,Rozszerzony,540
37,2,20.05.2021,6194,611,Tak,Tak,Nie,Nie,c,Podstawowy,4230
38,2,20.05.2021,7082,562,Tak,Tak,Nie,Nie,d,Podstawowy,1090
39,2,20.05.2021,5633,685,Tak,Tak,Nie,Nie,a,Podstawowy,260
40,2,20.05.2021,5269,697,Tak,Tak,Nie,Nie,a,Podstawowy,180
41,2,20.05.2021,4850,348,Tak,Tak,Nie,Nie,d,Rozszerzony,1180
42,2,20.05.2021,10453,1130,Tak,Tak,Nie,Nie,a,Rozszerzony,290
43,2,20.05.2021,7802,666,Tak,Tak,Nie,Nie,d,Podstawowy,4880
44,2,20.05.2021,6719,706,Tak,Tak,Nie,Nie,a,Podstawowy,540
45,2,20.05.2021,5272,376,Tak,Tak,Nie,Nie,d,Podstawowy,9710
46,2,20.05.2021,5267,642,Tak,Tak,Nie,Nie,c,Podstawowy,1200
47,2,20.05.2021,7425,973,Tak,Tak,Nie,Nie,a,Rozszerzony,270
48,2,20.05.2021,4508,461,Tak,Tak,Nie,Nie,a,Podstawowy,1060
49,2,20.05.2021,7549,524,Tak,Tak,Nie,Nie,d,Rozszerzony,18010
50,2,20.05.2021,4162,326,Tak,Tak,Nie,Nie,d,Podstawowy,6260
1,1,19.05.2021,5637,608,Tak,Tak,Nie,Nie,c,Podstawowy,1270
2,1,19.05.2021,6996,734,Tak,Tak,Nie,Nie,a,Podstawowy,570
3,1,19.05.2021,9011,902,Tak,Tak,Nie,Nie,a,Podstawowy,14130
4,1,19.05.2021,11433,1510,Tak,Tak,Nie,Nie,c,Rozszerzony,620
5,1,19.05.2021,7560,727,Tak,Tak,Nie,Nie,a,Podstawowy,29910
6,1,19.05.2021,7335,772,Tak,Tak,Nie,Nie,a,Podstawowy,310
7,1,19.05.2021,11953,1156,Tak,Tak,Nie,Nie,a,Rozszerzony,24000
8,1,19.05.2021,7996,856,Tak,Tak,Nie,Nie,a,Podstawowy,7520
9,1,19.05.2021,8557,712,Tak,Tak,Nie,Nie,a,Rozszerzony,2030
10,1,19.05.2021,7880,727,Tak,Tak,Nie,Nie,a,Podstawowy,3160
11,1,19.05.2021,8886,1197,Tak,Tak,Nie,Nie,a,Rozszerzony,960
12,1,19.05.2021,10287,1098,Tak,Tak,Nie,Nie,a,Rozszerzony,1070
13,1,19.05.2021,6331,440,Tak,Tak,Nie,Nie,d,Podstawowy,310
14,1,19.05.2021,8063,792,Tak,Tak,Nie,Nie,a,Podstawowy,1300
15,1,19.05.2021,8142,765,Tak,Tak,Nie,Nie,d,Rozszerzony,4110
16,1,19.05.2021,9188,1011,Tak,Tak,Nie,Nie,a,Rozszerzony,3270
17,1,19.05.2021,9550,1042,Tak,Tak,Nie,Nie,a,Podstawowy,50
18,1,19.05.2021,8222,830,Tak,Tak,Nie,Nie,d,Rozszerzony,13840
19,1,19.05.2021,8126,793,Tak,Tak,Nie,Nie,a,Rozszerzony,3240
20,1,19.05.2021,9104,1051,Tak,Tak,Nie,Nie,d,Podstawowy,2340
21,1,19.05.2021,7252,603,Tak,Tak,Nie,Nie,c,Rozszerzony,550
22,1,19.05.2021,5164,579,Tak,Tak,Nie,Nie,a,Podstawowy,1040
23,1,19.05.2021,7624,604,Tak,Tak,Nie,Nie,d,Podstawowy,4060
24,1,19.05.2021,11240,887,Tak,Tak,Nie,Nie,a,Rozszerzony,4590
25,1,19.05.2021,12177,1770,Tak,Tak,Nie,Nie,c,Podstawowy,430
26,1,19.05.2021,8507,632,Tak,Tak,Nie,Nie,d,Podstawowy,2300
27,1,19.05.2021,12108,1249,Tak,Tak,Nie,Nie,a,Podstawowy,60
28,1,19.05.2021,8683,838,Tak,Tak,Nie,Nie,a,Podstawowy,1200
29,1,19.05.2021,11528,898,Tak,Tak,Nie,Nie,d,Rozszerzony,2170
30,1,19.05.2021,7249,904,Tak,Tak,Nie,Nie,a,Podstawowy,40
31,1,19.05.2021,6672,636,Tak,Tak,Nie,Nie,d,Rozszerzony,9800
32,1,19.05.2021,5725,619,Tak,Tak,Nie,Nie,a,Podstawowy,2910
33,1,19.05.2021,10104,939,Tak,Tak,Nie,Nie,a,Rozszerzony,1320
34,1,19.05.2021,10697,1208,Tak,Tak,Nie,Nie,c,Podstawowy,2240
35,1,19.05.2021,13084,932,Tak,Tak,Nie,Nie,d,Rozszerzony,7660
36,1,19.05.2021,10476,1242,Tak,Tak,Nie,Nie,a,Rozszerzony,540
37,1,19.05.2021,9180,882,Tak,Tak,Nie,Nie,c,Podstawowy,4230
38,1,19.05.2021,8858,724,Tak,Tak,Nie,Nie,d,Podstawowy,1090
39,1,19.05.2021,6833,812,Tak,Tak,Nie,Nie,a,Podstawowy,260
40,1,19.05.2021,6169,694,Tak,Tak,Nie,Nie,a,Podstawowy,180
41,1,19.05.2021,6319,440,Tak,Tak,Nie,Nie,d,Rozszerzony,1180
42,1,19.05.2021,12063,1247,Tak,Tak,Nie,Nie,a,Rozszerzony,290
43,1,19.05.2021,9629,796,Tak,Tak,Nie,Nie,d,Podstawowy,4880
44,1,19.05.2021,8804,924,Tak,Tak,Nie,Nie,a,Podstawowy,540
45,1,19.05.2021,6444,459,Tak,Tak,Nie,Nie,d,Podstawowy,9710
46,1,19.05.2021,7708,791,Tak,Tak,Nie,Nie,c,Podstawowy,1200
47,1,19.05.2021,9350,1102,Tak,Tak,Nie,Nie,a,Rozszerzony,270
48,1,19.05.2021,5581,571,Tak,Tak,Nie,Nie,a,Podstawowy,1060
49,1,19.05.2021,8267,581,Tak,Tak,Nie,Nie,d,Rozszerzony,18010
50,1,19.05.2021,5368,417,Tak,Tak,Nie,Nie,d,Podstawowy,6260
1,7,18.05.2021,0,0,Nie,Nie,Nie,Nie,c,Podstawowy,1270
2,7,18.05.2021,0,0,Nie,Nie,Nie,Nie,a,Podstawowy,570
3,7,18.05.2021,0,0,Nie,Nie,Nie,Nie,a,Podstawowy,14130
4,7,18.05.2021,0,0,Nie,Nie,Nie,Nie,c,Rozszerzony,620
5,7,18.05.2021,0,0,Nie,Nie,Nie,Nie,a,Podstawowy,29910
6,7,18.05.2021,0,0,Nie,Nie,Nie,Nie,a,Podstawowy,310
7,7,18.05.2021,0,0,Nie,Nie,Nie,Nie,a,Rozszerzony,24000
8,7,18.05.2021,0,0,Nie,Nie,Nie,Nie,a,Podstawowy,7520
9,7,18.05.2021,0,0,Nie,Nie,Nie,Nie,a,Rozszerzony,2030
10,7,18.05.2021,0,0,Nie,Nie,Nie,Nie,a,Podstawowy,3160
11,7,18.05.2021,0,0,Nie,Nie,Nie,Nie,a,Rozszerzony,960
12,7,18.05.2021,0,0,Nie,Nie,Nie,Nie,a,Rozszerzony,1070
13,7,18.05.2021,0,0,Nie,Nie,Nie,Nie,d,Podstawowy,310
14,7,18.05.2021,0,0,Nie,Nie,Nie,Nie,a,Podstawowy,1300
15,7,18.05.2021,0,0,Nie,Nie,Nie,Nie,d,Rozszerzony,4110
16,7,18.05.2021,0,0,Nie,Nie,Nie,Nie,a,Rozszerzony,3270
17,7,18.05.2021,0,0,Nie,Nie,Nie,Nie,a,Podstawowy,50
18,7,18.05.2021,0,0,Nie,Nie,Nie,Nie,d,Rozszerzony,13840
19,7,18.05.2021,0,0,Nie,Nie,Nie,Nie,a,Rozszerzony,3240
20,7,18.05.2021,0,0,Nie,Nie,Nie,Nie,d,Podstawowy,2340
21,7,18.05.2021,0,0,Nie,Nie,Nie,Nie,c,Rozszerzony,550
22,7,18.05.2021,0,0,Nie,Nie,Nie,Nie,a,Podstawowy,1040
23,7,18.05.2021,0,0,Nie,Nie,Nie,Nie,d,Podstawowy,4060
24,7,18.05.2021,0,0,Nie,Nie,Nie,Nie,a,Rozszerzony,4590
25,7,18.05.2021,0,0,Nie,Nie,Nie,Nie,c,Podstawowy,430
26,7,18.05.2021,0,0,Nie,Nie,Nie,Nie,d,Podstawowy,2300
27,7,18.05.2021,0,0,Nie,Nie,Nie,Nie,a,Podstawowy,60
28,7,18.05.2021,0,0,Nie,Nie,Nie,Nie,a,Podstawowy,1200
29,7,18.05.2021,0,0,Nie,Nie,Nie,Nie,d,Rozszerzony,2170
30,7,18.05.2021,0,0,Nie,Nie,Nie,Nie,a,Podstawowy,40
31,7,18.05.2021,0,0,Nie,Nie,Nie,Nie,d,Rozszerzony,9800
32,7,18.05.2021,0,0,Nie,Nie,Nie,Nie,a,Podstawowy,2910
33,7,18.05.2021,0,0,Nie,Nie,Nie,Nie,a,Rozszerzony,1320
34,7,18.05.2021,0,0,Nie,Nie,Nie,Nie,c,Podstawowy,2240
35,7,18.05.2021,0,0,Nie,Nie,Nie,Nie,d,Rozszerzony,7660
36,7,18.05.2021,0,0,Nie,Nie,Nie,Nie,a,Rozszerzony,540
37,7,18.05.2021,0,0,Nie,Nie,Nie,Nie,c,Podstawowy,4230
38,7,18.05.2021,0,0,Nie,Nie,Nie,Nie,d,Podstawowy,1090
39,7,18.05.2021,0,0,Nie,Nie,Nie,Nie,a,Podstawowy,260
40,7,18.05.2021,0,0,Nie,Nie,Nie,Nie,a,Podstawowy,180
41,7,18.05.2021,0,0,Nie,Nie,Nie,Nie,d,Rozszerzony,1180
42,7,18.05.2021,0,0,Nie,Nie,Nie,Nie,a,Rozszerzony,290
43,7,18.05.2021,0,0,Nie,Nie,Nie,Nie,d,Podstawowy,4880
44,7,18.05.2021,0,0,Nie,Nie,Nie,Nie,a,Podstawowy,540
45,7,18.05.2021,0,0,Nie,Nie,Nie,Nie,d,Podstawowy,9710
46,7,18.05.2021,0,0,Nie,Nie,Nie,Nie,c,Podstawowy,1200
47,7,18.05.2021,0,0,Nie,Nie,Nie,Nie,a,Rozszerzony,270
48,7,18.05.2021,0,0,Nie,Nie,Nie,Nie,a,Podstawowy,1060
49,7,18.05.2021,0,0,Nie,Nie,Nie,Nie,d,Rozszerzony,18010
50,7,18.05.2021,0,0,Nie,Nie,Nie,Nie,d,Podstawowy,6260
1,6,17.05.2021,3785,512,Tak,Nie,Nie,Nie,c,Podstawowy,1270
2,6,17.05.2021,2532,352,Tak,Nie,Nie,Nie,a,Podstawowy,570
3,6,17.05.2021,3485,444,Tak,Nie,Nie,Nie,a,Podstawowy,14130
4,6,17.05.2021,9040,1327,Tak,Nie,Nie,Nie,c,Rozszerzony,620
5,6,17.05.2021,1698,206,Tak,Nie,Nie,Nie,a,Podstawowy,29910
6,6,17.05.2021,3045,365,Tak,Nie,Nie,Nie,a,Podstawowy,310
7,6,17.05.2021,5486,681,Tak,Nie,Nie,Nie,a,Rozszerzony,24000
8,6,17.05.2021,2617,356,Tak,Nie,Nie,Nie,a,Podstawowy,7520
9,6,17.05.2021,5333,488,Tak,Nie,Nie,Nie,a,Rozszerzony,2030
10,6,17.05.2021,4608,500,Tak,Nie,Nie,Nie,a,Podstawowy,3160
11,6,17.05.2021,5483,793,Tak,Nie,Nie,Nie,a,Rozszerzony,960
12,6,17.05.2021,5390,751,Tak,Nie,Nie,Nie,a,Rozszerzony,1070
13,6,17.05.2021,4467,369,Tak,Nie,Nie,Nie,d,Podstawowy,310
14,6,17.05.2021,3261,377,Tak,Nie,Nie,Nie,a,Podstawowy,1300
15,6,17.05.2021,5056,583,Tak,Nie,Nie,Nie,d,Rozszerzony,4110
16,6,17.05.2021,4956,528,Tak,Nie,Nie,Nie,a,Rozszerzony,3270
17,6,17.05.2021,2563,350,Tak,Nie,Nie,Nie,a,Podstawowy,50
18,6,17.05.2021,4357,465,Tak,Nie,Nie,Nie,d,Rozszerzony,13840
19,6,17.05.2021,3980,389,Tak,Nie,Nie,Nie,a,Rozszerzony,3240
20,6,17.05.2021,5977,532,Tak,Nie,Nie,Nie,d,Podstawowy,2340
21,6,17.05.2021,4887,496,Tak,Nie,Nie,Nie,c,Rozszerzony,550
22,6,17.05.2021,3523,371,Tak,Nie,Nie,Nie,a,Podstawowy,1040
23,6,17.05.2021,3390,373,Tak,Nie,Nie,Nie,d,Podstawowy,4060
24,6,17.05.2021,6336,625,Tak,Nie,Nie,Nie,a,Rozszerzony,4590
25,6,17.05.2021,7720,1206,Tak,Nie,Nie,Nie,c,Podstawowy,430
26,6,17.05.2021,5247,450,Tak,Nie,Nie,Nie,d,Podstawowy,2300
27,6,17.05.2021,6321,818,Tak,Nie,Nie,Nie,a,Podstawowy,60
28,6,17.05.2021,2428,268,Tak,Nie,Nie,Nie,a,Podstawowy,1200
29,6,17.05.2021,6675,649,Tak,Nie,Nie,Nie,d,Rozszerzony,2170
30,6,17.05.2021,3820,646,Tak,Nie,Nie,Nie,a,Podstawowy,40
31,6,17.05.2021,5403,563,Tak,Nie,Nie,Nie,d,Rozszerzony,9800
32,6,17.05.2021,2000,269,Tak,Nie,Nie,Nie,a,Podstawowy,2910
33,6,17.05.2021,8080,834,Tak,Nie,Nie,Nie,a,Rozszerzony,1320
34,6,17.05.2021,7537,918,Tak,Nie,Nie,Nie,c,Podstawowy,2240
35,6,17.05.2021,6741,608,Tak,Nie,Nie,Nie,d,Rozszerzony,7660
36,6,17.05.2021,9988,1100,Tak,Nie,Nie,Nie,a,Rozszerzony,540
37,6,17.05.2021,7511,797,Tak,Nie,Nie,Nie,c,Podstawowy,4230
38,6,17.05.2021,5420,530,Tak,Nie,Nie,Nie,d,Podstawowy,1090
39,6,17.05.2021,2830,430,Tak,Nie,Nie,Nie,a,Podstawowy,260
40,6,17.05.2021,5057,714,Tak,Nie,Nie,Nie,a,Podstawowy,180
41,6,17.05.2021,6099,443,Tak,Nie,Nie,Nie,d,Rozszerzony,1180
42,6,17.05.2021,7902,918,Tak,Nie,Nie,Nie,a,Rozszerzony,290
43,6,17.05.2021,3928,357,Tak,Nie,Nie,Nie,d,Podstawowy,4880
44,6,17.05.2021,3594,460,Tak,Nie,Nie,Nie,a,Podstawowy,540
45,6,17.05.2021,5004,419,Tak,Nie,Nie,Nie,d,Podstawowy,9710
46,6,17.05.2021,5812,722,Tak,Nie,Nie,Nie,c,Podstawowy,1200
47,6,17.05.2021,5074,705,Tak,Nie,Nie,Nie,a,Rozszerzony,270
48,6,17.05.2021,3051,326,Tak,Nie,Nie,Nie,a,Podstawowy,1060
49,6,17.05.2021,6731,517,Tak,Nie,Nie,Nie,d,Rozszerzony,18010
50,6,17.05.2021,3823,341,Tak,Nie,Nie,Nie,d,Podstawowy,6260
1,5,16.05.2021,3863,479,Tak,Nie,Nie,Nie,c,Podstawowy,1270
2,5,16.05.2021,3779,528,Tak,Nie,Nie,Nie,a,Podstawowy,570
3,5,16.05.2021,5744,711,Tak,Nie,Nie,Nie,a,Podstawowy,14130
4,5,16.05.2021,7948,1140,Tak,Nie,Nie,Nie,c,Rozszerzony,620
5,5,16.05.2021,4208,548,Tak,Nie,Nie,Nie,a,Podstawowy,29910
6,5,16.05.2021,4848,604,Tak,Nie,Nie,Nie,a,Podstawowy,310
7,5,16.05.2021,7111,862,Tak,Nie,Nie,Nie,a,Rozszerzony,24000
8,5,16.05.2021,3941,536,Tak,Nie,Nie,Nie,a,Podstawowy,7520
9,5,16.05.2021,5806,530,Tak,Nie,Nie,Nie,a,Rozszerzony,2030
10,5,16.05.2021,5023,561,Tak,Nie,Nie,Nie,a,Podstawowy,3160
11,5,16.05.2021,6464,1069,Tak,Nie,Nie,Nie,a,Rozszerzony,960
12,5,16.05.2021,5353,756,Tak,Nie,Nie,Nie,a,Rozszerzony,1070
13,5,16.05.2021,3797,333,Tak,Nie,Nie,Nie,d,Podstawowy,310
14,5,16.05.2021,4916,627,Tak,Nie,Nie,Nie,a,Podstawowy,1300
15,5,16.05.2021,5293,603,Tak,Nie,Nie,Nie,d,Rozszerzony,4110
16,5,16.05.2021,7606,926,Tak,Nie,Nie,Nie,a,Rozszerzony,3270
17,5,16.05.2021,4692,711,Tak,Nie,Nie,Nie,a,Podstawowy,50
18,5,16.05.2021,5995,721,Tak,Nie,Nie,Nie,d,Rozszerzony,13840
19,5,16.05.2021,5544,598,Tak,Nie,Nie,Nie,a,Rozszerzony,3240
20,5,16.05.2021,6491,774,Tak,Nie,Nie,Nie,d,Podstawowy,2340
21,5,16.05.2021,4236,470,Tak,Nie,Nie,Nie,c,Rozszerzony,550
22,5,16.05.2021,3999,521,Tak,Nie,Nie,Nie,a,Podstawowy,1040
23,5,16.05.2021,4303,415,Tak,Nie,Nie,Nie,d,Podstawowy,4060
24,5,16.05.2021,7795,732,Tak,Nie,Nie,Nie,a,Rozszerzony,4590
25,5,16.05.2021,9250,1346,Tak,Nie,Nie,Nie,c,Podstawowy,430
26,5,16.05.2021,5608,522,Tak,Nie,Nie,Nie,d,Podstawowy,2300
27,5,16.05.2021,7198,919,Tak,Nie,Nie,Nie,a,Podstawowy,60
28,5,16.05.2021,4938,569,Tak,Nie,Nie,Nie,a,Podstawowy,1200
29,5,16.05.2021,5750,587,Tak,Nie,Nie,Nie,d,Rozszerzony,2170
30,5,16.05.2021,3577,592,Tak,Nie,Nie,Nie,a,Podstawowy,40
31,5,16.05.2021,5414,601,Tak,Nie,Nie,Nie,d,Rozszerzony,9800
32,5,16.05.2021,3197,417,Tak,Nie,Nie,Nie,a,Podstawowy,2910
33,5,16.05.2021,6486,712,Tak,Nie,Nie,Nie,a,Rozszerzony,1320
34,5,16.05.2021,6657,843,Tak,Nie,Nie,Nie,c,Podstawowy,2240
35,5,16.05.2021,6819,643,Tak,Nie,Nie,Nie,d,Rozszerzony,7660
36,5,16.05.2021,9348,995,Tak,Nie,Nie,Nie,a,Rozszerzony,540
37,5,16.05.2021,5328,630,Tak,Nie,Nie,Nie,c,Podstawowy,4230
38,5,16.05.2021,4920,470,Tak,Nie,Nie,Nie,d,Podstawowy,1090
39,5,16.05.2021,3528,519,Tak,Nie,Nie,Nie,a,Podstawowy,260
40,5,16.05.2021,3947,583,Tak,Nie,Nie,Nie,a,Podstawowy,180
41,5,16.05.2021,4980,397,Tak,Nie,Nie,Nie,d,Rozszerzony,1180
42,5,16.05.2021,7744,941,Tak,Nie,Nie,Nie,a,Rozszerzony,290
43,5,16.05.2021,5726,574,Tak,Nie,Nie,Nie,d,Podstawowy,4880
44,5,16.05.2021,4834,625,Tak,Nie,Nie,Nie,a,Podstawowy,540
45,5,16.05.2021,3803,348,Tak,Nie,Nie,Nie,d,Podstawowy,9710
46,5,16.05.2021,4061,573,Tak,Nie,Nie,Nie,c,Podstawowy,1200
47,5,16.05.2021,5339,761,Tak,Nie,Nie,Nie,a,Rozszerzony,270
48,5,16.05.2021,3522,436,Tak,Nie,Nie,Nie,a,Podstawowy,1060
49,5,16.05.2021,6243,496,Tak,Nie,Nie,Nie,d,Rozszerzony,18010
50,5,16.05.2021,2871,271,Tak,Nie,Nie,Nie,d,Podstawowy,6260
1,4,15.05.2021,3589,491,Tak,Nie,Nie,Nie,c,Podstawowy,1270
2,4,15.05.2021,4108,518,Tak,Nie,Nie,Nie,a,Podstawowy,570
3,4,15.05.2021,5190,672,Tak,Nie,Nie,Nie,a,Podstawowy,14130
4,4,15.05.2021,7145,1045,Tak,Nie,Nie,Nie,c,Rozszerzony,620
5,4,15.05.2021,3996,499,Tak,Nie,Nie,Nie,a,Podstawowy,29910
6,4,15.05.2021,4261,560,Tak,Nie,Nie,Nie,a,Podstawowy,310
7,4,15.05.2021,6722,827,Tak,Nie,Nie,Nie,a,Rozszerzony,24000
8,4,15.05.2021,4808,693,Tak,Nie,Nie,Nie,a,Podstawowy,7520
9,4,15.05.2021,5650,538,Tak,Nie,Nie,Nie,a,Rozszerzony,2030
10,4,15.05.2021,4677,552,Tak,Nie,Nie,Nie,a,Podstawowy,3160
11,4,15.05.2021,6872,1086,Tak,Nie,Nie,Nie,a,Rozszerzony,960
12,4,15.05.2021,6256,824,Tak,Nie,Nie,Nie,a,Rozszerzony,1070
13,4,15.05.2021,3563,286,Tak,Nie,Nie,Nie,d,Podstawowy,310
14,4,15.05.2021,5215,603,Tak,Nie,Nie,Nie,a,Podstawowy,1300
15,4,15.05.2021,4851,576,Tak,Nie,Nie,Nie,d,Rozszerzony,4110
16,4,15.05.2021,6257,841,Tak,Nie,Nie,Nie,a,Rozszerzony,3270
17,4,15.05.2021,4727,732,Tak,Nie,Nie,Nie,a,Podstawowy,50
18,4,15.05.2021,5005,620,Tak,Nie,Nie,Nie,d,Rozszerzony,13840
19,4,15.05.2021,5313,593,Tak,Nie,Nie,Nie,a,Rozszerzony,3240
20,4,15.05.2021,8037,965,Tak,Nie,Nie,Nie,d,Podstawowy,2340
21,4,15.05.2021,3485,388,Tak,Nie,Nie,Nie,c,Rozszerzony,550
22,4,15.05.2021,3772,482,Tak,Nie,Nie,Nie,a,Podstawowy,1040
23,4,15.05.2021,4011,398,Tak,Nie,Nie,Nie,d,Podstawowy,4060
24,4,15.05.2021,7573,701,Tak,Nie,Nie,Nie,a,Rozszerzony,4590
25,4,15.05.2021,9606,1497,Tak,Nie,Nie,Nie,c,Podstawowy,430
26,4,15.05.2021,4900,441,Tak,Nie,Nie,Nie,d,Podstawowy,2300
27,4,15.05.2021,6792,917,Tak,Nie,Nie,Nie,a,Podstawowy,60
28,4,15.05.2021,5027,627,Tak,Nie,Nie,Nie,a,Podstawowy,1200
29,4,15.05.2021,5487,538,Tak,Nie,Nie,Nie,d,Rozszerzony,2170
30,4,15.05.2021,4027,653,Tak,Nie,Nie,Nie,a,Podstawowy,40
31,4,15.05.2021,4733,521,Tak,Nie,Nie,Nie,d,Rozszerzony,9800
32,4,15.05.2021,3257,413,Tak,Nie,Nie,Nie,a,Podstawowy,2910
33,4,15.05.2021,6321,693,Tak,Nie,Nie,Nie,a,Rozszerzony,1320
34,4,15.05.2021,6581,866,Tak,Nie,Nie,Nie,c,Podstawowy,2240
35,4,15.05.2021,7093,667,Tak,Nie,Nie,Nie,d,Rozszerzony,7660
36,4,15.05.2021,8582,1037,Tak,Nie,Nie,Nie,a,Rozszerzony,540
37,4,15.05.2021,5267,641,Tak,Nie,Nie,Nie,c,Podstawowy,4230
38,4,15.05.2021,4208,428,Tak,Nie,Nie,Nie,d,Podstawowy,1090
39,4,15.05.2021,4142,544,Tak,Nie,Nie,Nie,a,Podstawowy,260
40,4,15.05.2021,4602,614,Tak,Nie,Nie,Nie,a,Podstawowy,180
41,4,15.05.2021,4895,370,Tak,Nie,Nie,Nie,d,Rozszerzony,1180
42,4,15.05.2021,8231,962,Tak,Nie,Nie,Nie,a,Rozszerzony,290
43,4,15.05.2021,5456,558,Tak,Nie,Nie,Nie,d,Podstawowy,4880
44,4,15.05.2021,4289,584,Tak,Nie,Nie,Nie,a,Podstawowy,540
45,4,15.05.2021,3584,334,Tak,Nie,Nie,Nie,d,Podstawowy,9710
46,4,15.05.2021,3945,554,Tak,Nie,Nie,Nie,c,Podstawowy,1200
47,4,15.05.2021,5630,815,Tak,Nie,Nie,Nie,a,Rozszerzony,270
48,4,15.05.2021,3699,453,Tak,Nie,Nie,Nie,a,Podstawowy,1060
49,4,15.05.2021,5476,401,Tak,Nie,Nie,Nie,d,Rozszerzony,18010
50,4,15.05.2021,3472,297,Tak,Nie,Nie,Nie,d,Podstawowy,6260
1,3,14.05.2021,3710,474,Tak,Nie,Nie,Nie,c,Podstawowy,1270
2,3,14.05.2021,4700,664,Tak,Nie,Nie,Nie,a,Podstawowy,570
3,3,14.05.2021,5142,668,Tak,Nie,Nie,Nie,a,Podstawowy,14130
4,3,14.05.2021,7268,1081,Tak,Nie,Nie,Nie,c,Rozszerzony,620
5,3,14.05.2021,4207,583,Tak,Nie,Nie,Nie,a,Podstawowy,29910
6,3,14.05.2021,4309,566,Tak,Nie,Nie,Nie,a,Podstawowy,310
7,3,14.05.2021,6696,775,Tak,Nie,Nie,Nie,a,Rozszerzony,24000
8,3,14.05.2021,5203,685,Tak,Nie,Nie,Nie,a,Podstawowy,7520
9,3,14.05.2021,4589,448,Tak,Nie,Nie,Nie,a,Rozszerzony,2030
10,3,14.05.2021,5002,566,Tak,Nie,Nie,Nie,a,Podstawowy,3160
11,3,14.05.2021,6876,1102,Tak,Nie,Nie,Nie,a,Rozszerzony,960
12,3,14.05.2021,5784,818,Tak,Nie,Nie,Nie,a,Rozszerzony,1070
13,3,14.05.2021,3566,301,Tak,Nie,Nie,Nie,d,Podstawowy,310
14,3,14.05.2021,4576,567,Tak,Nie,Nie,Nie,a,Podstawowy,1300
15,3,14.05.2021,5276,571,Tak,Nie,Nie,Nie,d,Rozszerzony,4110
16,3,14.05.2021,7110,898,Tak,Nie,Nie,Nie,a,Rozszerzony,3270
17,3,14.05.2021,4928,732,Tak,Nie,Nie,Nie,a,Podstawowy,50
18,3,14.05.2021,5267,660,Tak,Nie,Nie,Nie,d,Rozszerzony,13840
19,3,14.05.2021,5552,607,Tak,Nie,Nie,Nie,a,Rozszerzony,3240
20,3,14.05.2021,7047,855,Tak,Nie,Nie,Nie,d,Podstawowy,2340
21,3,14.05.2021,3424,383,Tak,Nie,Nie,Nie,c,Rozszerzony,550
22,3,14.05.2021,3483,456,Tak,Nie,Nie,Nie,a,Podstawowy,1040
23,3,14.05.2021,3831,372,Tak,Nie,Nie,Nie,d,Podstawowy,4060
24,3,14.05.2021,7407,717,Tak,Nie,Nie,Nie,a,Rozszerzony,4590
25,3,14.05.2021,9049,1355,Tak,Nie,Nie,Nie,c,Podstawowy,430
26,3,14.05.2021,4650,416,Tak,Nie,Nie,Nie,d,Podstawowy,2300
27,3,14.05.2021,6270,838,Tak,Nie,Nie,Nie,a,Podstawowy,60
28,3,14.05.2021,4151,501,Tak,Nie,Nie,Nie,a,Podstawowy,1200
29,3,14.05.2021,5543,555,Tak,Nie,Nie,Nie,d,Rozszerzony,2170
30,3,14.05.2021,3103,567,Tak,Nie,Nie,Nie,a,Podstawowy,40
31,3,14.05.2021,4186,475,Tak,Nie,Nie,Nie,d,Rozszerzony,9800
32,3,14.05.2021,3676,484,Tak,Nie,Nie,Nie,a,Podstawowy,2910
33,3,14.05.2021,6602,746,Tak,Nie,Nie,Nie,a,Rozszerzony,1320
34,3,14.05.2021,6786,922,Tak,Nie,Nie,Nie,c,Podstawowy,2240
35,3,14.05.2021,6842,577,Tak,Nie,Nie,Nie,d,Rozszerzony,7660
36,3,14.05.2021,8456,998,Tak,Nie,Nie,Nie,a,Rozszerzony,540
37,3,14.05.2021,4744,574,Tak,Nie,Nie,Nie,c,Podstawowy,4230
38,3,14.05.2021,4355,407,Tak,Nie,Nie,Nie,d,Podstawowy,1090
39,3,14.05.2021,3962,548,Tak,Nie,Nie,Nie,a,Podstawowy,260
40,3,14.05.2021,3871,599,Tak,Nie,Nie,Nie,a,Podstawowy,180
41,3,14.05.2021,4600,364,Tak,Nie,Nie,Nie,d,Rozszerzony,1180
42,3,14.05.2021,8353,1075,Tak,Nie,Nie,Nie,a,Rozszerzony,290
43,3,14.05.2021,4987,520,Tak,Nie,Nie,Nie,d,Podstawowy,4880
44,3,14.05.2021,4288,588,Tak,Nie,Nie,Nie,a,Podstawowy,540
45,3,14.05.2021,3580,311,Tak,Nie,Nie,Nie,d,Podstawowy,9710
46,3,14.05.2021,4145,576,Tak,Nie,Nie,Nie,c,Podstawowy,1200
47,3,14.05.2021,6118,911,Tak,Nie,Nie,Nie,a,Rozszerzony,270
48,3,14.05.2021,3829,458,Tak,Nie,Nie,Nie,a,Podstawowy,1060
49,3,14.05.2021,6080,439,Tak,Nie,Nie,Nie,d,Rozszerzony,18010
50,3,14.05.2021,2850,265,Tak,Nie,Nie,Nie,d,Podstawowy,6260
1,2,13.05.2021,3535,449,Tak,Nie,Nie,Nie,c,Podstawowy,1270
2,2,13.05.2021,3974,530,Tak,Nie,Nie,Nie,a,Podstawowy,570
3,2,13.05.2021,6174,720,Tak,Nie,Nie,Nie,a,Podstawowy,14130
4,2,13.05.2021,7508,1159,Tak,Nie,Nie,Nie,c,Rozszerzony,620
5,2,13.05.2021,3710,495,Tak,Nie,Nie,Nie,a,Podstawowy,29910
6,2,13.05.2021,4166,542,Tak,Nie,Nie,Nie,a,Podstawowy,310
7,2,13.05.2021,7974,932,Tak,Nie,Nie,Nie,a,Rozszerzony,24000
8,2,13.05.2021,4609,653,Tak,Nie,Nie,Nie,a,Podstawowy,7520
9,2,13.05.2021,5398,520,Tak,Nie,Nie,Nie,a,Rozszerzony,2030
10,2,13.05.2021,5471,597,Tak,Nie,Nie,Nie,a,Podstawowy,3160
11,2,13.05.2021,6525,1072,Tak,Nie,Nie,Nie,a,Rozszerzony,960
12,2,13.05.2021,5759,828,Tak,Nie,Nie,Nie,a,Rozszerzony,1070
13,2,13.05.2021,3301,304,Tak,Nie,Nie,Nie,d,Podstawowy,310
14,2,13.05.2021,4898,612,Tak,Nie,Nie,Nie,a,Podstawowy,1300
15,2,13.05.2021,5108,586,Tak,Nie,Nie,Nie,d,Rozszerzony,4110
16,2,13.05.2021,6819,903,Tak,Nie,Nie,Nie,a,Rozszerzony,3270
17,2,13.05.2021,5127,743,Tak,Nie,Nie,Nie,a,Podstawowy,50
18,2,13.05.2021,5043,577,Tak,Nie,Nie,Nie,d,Rozszerzony,13840
19,2,13.05.2021,5376,583,Tak,Nie,Nie,Nie,a,Rozszerzony,3240
20,2,13.05.2021,6664,848,Tak,Nie,Nie,Nie,d,Podstawowy,2340
21,2,13.05.2021,3928,406,Tak,Nie,Nie,Nie,c,Rozszerzony,550
22,2,13.05.2021,3834,475,Tak,Nie,Nie,Nie,a,Podstawowy,1040
23,2,13.05.2021,3968,380,Tak,Nie,Nie,Nie,d,Podstawowy,4060
24,2,13.05.2021,6918,684,Tak,Nie,Nie,Nie,a,Rozszerzony,4590
25,2,13.05.2021,9156,1460,Tak,Nie,Nie,Nie,c,Podstawowy,430
26,2,13.05.2021,3990,389,Tak,Nie,Nie,Nie,d,Podstawowy,2300
27,2,13.05.2021,7814,994,Tak,Nie,Nie,Nie,a,Podstawowy,60
28,2,13.05.2021,4625,587,Tak,Nie,Nie,Nie,a,Podstawowy,1200
29,2,13.05.2021,5438,531,Tak,Nie,Nie,Nie,d,Rozszerzony,2170
30,2,13.05.2021,3729,625,Tak,Nie,Nie,Nie,a,Podstawowy,40
31,2,13.05.2021,4013,472,Tak,Nie,Nie,Nie,d,Rozszerzony,9800
32,2,13.05.2021,3383,428,Tak,Nie,Nie,Nie,a,Podstawowy,2910
33,2,13.05.2021,6268,683,Tak,Nie,Nie,Nie,a,Rozszerzony,1320
34,2,13.05.2021,6522,897,Tak,Nie,Nie,Nie,c,Podstawowy,2240
35,2,13.05.2021,7969,707,Tak,Nie,Nie,Nie,d,Rozszerzony,7660
36,2,13.05.2021,8714,1047,Tak,Nie,Nie,Nie,a,Rozszerzony,540
37,2,13.05.2021,5017,558,Tak,Nie,Nie,Nie,c,Podstawowy,4230
38,2,13.05.2021,3963,384,Tak,Nie,Nie,Nie,d,Podstawowy,1090
39,2,13.05.2021,4017,528,Tak,Nie,Nie,Nie,a,Podstawowy,260
40,2,13.05.2021,3863,616,Tak,Nie,Nie,Nie,a,Podstawowy,180
41,2,13.05.2021,3927,321,Tak,Nie,Nie,Nie,d,Rozszerzony,1180
42,2,13.05.2021,8158,967,Tak,Nie,Nie,Nie,a,Rozszerzony,290
43,2,13.05.2021,5417,505,Tak,Nie,Nie,Nie,d,Podstawowy,4880
44,2,13.05.2021,4247,577,Tak,Nie,Nie,Nie,a,Podstawowy,540
45,2,13.05.2021,3277,294,Tak,Nie,Nie,Nie,d,Podstawowy,9710
46,2,13.05.2021,3828,560,Tak,Nie,Nie,Nie,c,Podstawowy,1200
47,2,13.05.2021,6077,873,Tak,Nie,Nie,Nie,a,Rozszerzony,270
48,2,13.05.2021,4030,507,Tak,Nie,Nie,Nie,a,Podstawowy,1060
49,2,13.05.2021,6213,475,Tak,Nie,Nie,Nie,d,Rozszerzony,18010
50,2,13.05.2021,2591,255,Tak,Nie,Nie,Nie,d,Podstawowy,6260
1,1,12.05.2021,3957,555,Tak,Nie,Nie,Nie,c,Podstawowy,1270
2,1,12.05.2021,3860,546,Tak,Nie,Nie,Nie,a,Podstawowy,570
3,1,12.05.2021,4367,594,Tak,Nie,Nie,Nie,a,Podstawowy,14130
4,1,12.05.2021,8484,1279,Tak,Nie,Nie,Nie,c,Rozszerzony,620
5,1,12.05.2021,4123,514,Tak,Nie,Nie,Nie,a,Podstawowy,29910
6,1,12.05.2021,4643,618,Tak,Nie,Nie,Nie,a,Podstawowy,310
7,1,12.05.2021,7233,850,Tak,Nie,Nie,Nie,a,Rozszerzony,24000
8,1,12.05.2021,4623,606,Tak,Nie,Nie,Nie,a,Podstawowy,7520
9,1,12.05.2021,6028,561,Tak,Nie,Nie,Nie,a,Rozszerzony,2030
10,1,12.05.2021,4404,511,Tak,Nie,Nie,Nie,a,Podstawowy,3160
11,1,12.05.2021,6606,1087,Tak,Nie,Nie,Nie,a,Rozszerzony,960
12,1,12.05.2021,5660,797,Tak,Nie,Nie,Nie,a,Rozszerzony,1070
13,1,12.05.2021,3136,279,Tak,Nie,Nie,Nie,d,Podstawowy,310
14,1,12.05.2021,5367,651,Tak,Nie,Nie,Nie,a,Podstawowy,1300
15,1,12.05.2021,5631,657,Tak,Nie,Nie,Nie,d,Rozszerzony,4110
16,1,12.05.2021,7154,893,Tak,Nie,Nie,Nie,a,Rozszerzony,3270
17,1,12.05.2021,4992,747,Tak,Nie,Nie,Nie,a,Podstawowy,50
18,1,12.05.2021,5279,683,Tak,Nie,Nie,Nie,d,Rozszerzony,13840
19,1,12.05.2021,5430,652,Tak,Nie,Nie,Nie,a,Rozszerzony,3240
20,1,12.05.2021,7599,916,Tak,Nie,Nie,Nie,d,Podstawowy,2340
21,1,12.05.2021,3592,397,Tak,Nie,Nie,Nie,c,Rozszerzony,550
22,1,12.05.2021,3502,469,Tak,Nie,Nie,Nie,a,Podstawowy,1040
23,1,12.05.2021,3723,355,Tak,Nie,Nie,Nie,d,Podstawowy,4060
24,1,12.05.2021,6030,614,Tak,Nie,Nie,Nie,a,Rozszerzony,4590
25,1,12.05.2021,10957,1623,Tak,Nie,Nie,Nie,c,Podstawowy,430
26,1,12.05.2021,4734,470,Tak,Nie,Nie,Nie,d,Podstawowy,2300
27,1,12.05.2021,6600,881,Tak,Nie,Nie,Nie,a,Podstawowy,60
28,1,12.05.2021,4287,572,Tak,Nie,Nie,Nie,a,Podstawowy,1200
29,1,12.05.2021,6012,586,Tak,Nie,Nie,Nie,d,Rozszerzony,2170
30,1,12.05.2021,3577,603,Tak,Nie,Nie,Nie,a,Podstawowy,40
31,1,12.05.2021,4829,553,Tak,Nie,Nie,Nie,d,Rozszerzony,9800
32,1,12.05.2021,3634,495,Tak,Nie,Nie,Nie,a,Podstawowy,2910
33,1,12.05.2021,6702,776,Tak,Nie,Nie,Nie,a,Rozszerzony,1320
34,1,12.05.2021,7188,957,Tak,Nie,Nie,Nie,c,Podstawowy,2240
35,1,12.05.2021,7716,675,Tak,Nie,Nie,Nie,d,Rozszerzony,7660
36,1,12.05.2021,9492,1136,Tak,Nie,Nie,Nie,a,Rozszerzony,540
37,1,12.05.2021,4397,544,Tak,Nie,Nie,Nie,c,Podstawowy,4230
38,1,12.05.2021,4405,432,Tak,Nie,Nie,Nie,d,Podstawowy,1090
39,1,12.05.2021,3963,552,Tak,Nie,Nie,Nie,a,Podstawowy,260
40,1,12.05.2021,3422,527,Tak,Nie,Nie,Nie,a,Podstawowy,180
41,1,12.05.2021,4320,333,Tak,Nie,Nie,Nie,d,Rozszerzony,1180
42,1,12.05.2021,7615,941,Tak,Nie,Nie,Nie,a,Rozszerzony,290
43,1,12.05.2021,5641,555,Tak,Nie,Nie,Nie,d,Podstawowy,4880
44,1,12.05.2021,4755,639,Tak,Nie,Nie,Nie,a,Podstawowy,540
45,1,12.05.2021,3792,334,Tak,Nie,Nie,Nie,d,Podstawowy,9710
46,1,12.05.2021,3862,550,Tak,Nie,Nie,Nie,c,Podstawowy,1200
47,1,12.05.2021,5448,799,Tak,Nie,Nie,Nie,a,Rozszerzony,270
48,1,12.05.2021,3814,425,Tak,Nie,Nie,Nie,a,Podstawowy,1060
49,1,12.05.2021,5344,449,Tak,Nie,Nie,Nie,d,Rozszerzony,18010
50,1,12.05.2021,2888,271,Tak,Nie,Nie,Nie,d,Podstawowy,6260
1,7,11.05.2021,0,0,Nie,Nie,Nie,Nie,c,Podstawowy,1270
2,7,11.05.2021,0,0,Nie,Nie,Nie,Nie,a,Podstawowy,570
3,7,11.05.2021,0,0,Nie,Nie,Nie,Nie,a,Podstawowy,14130
4,7,11.05.2021,0,0,Nie,Nie,Nie,Nie,c,Rozszerzony,620
5,7,11.05.2021,0,0,Nie,Nie,Nie,Nie,a,Podstawowy,29910
6,7,11.05.2021,0,0,Nie,Nie,Nie,Nie,a,Podstawowy,310
7,7,11.05.2021,0,0,Nie,Nie,Nie,Nie,a,Rozszerzony,24000
8,7,11.05.2021,0,0,Nie,Nie,Nie,Nie,a,Podstawowy,7520
9,7,11.05.2021,0,0,Nie,Nie,Nie,Nie,a,Rozszerzony,2030
10,7,11.05.2021,0,0,Nie,Nie,Nie,Nie,a,Podstawowy,3160
11,7,11.05.2021,0,0,Nie,Nie,Nie,Nie,a,Rozszerzony,960
12,7,11.05.2021,0,0,Nie,Nie,Nie,Nie,a,Rozszerzony,1070
13,7,11.05.2021,0,0,Nie,Nie,Nie,Nie,d,Podstawowy,310
14,7,11.05.2021,0,0,Nie,Nie,Nie,Nie,a,Podstawowy,1300
15,7,11.05.2021,0,0,Nie,Nie,Nie,Nie,d,Rozszerzony,4110
16,7,11.05.2021,0,0,Nie,Nie,Nie,Nie,a,Rozszerzony,3270
17,7,11.05.2021,0,0,Nie,Nie,Nie,Nie,a,Podstawowy,50
18,7,11.05.2021,0,0,Nie,Nie,Nie,Nie,d,Rozszerzony,13840
19,7,11.05.2021,0,0,Nie,Nie,Nie,Nie,a,Rozszerzony,3240
20,7,11.05.2021,0,0,Nie,Nie,Nie,Nie,d,Podstawowy,2340
21,7,11.05.2021,0,0,Nie,Nie,Nie,Nie,c,Rozszerzony,550
22,7,11.05.2021,0,0,Nie,Nie,Nie,Nie,a,Podstawowy,1040
23,7,11.05.2021,0,0,Nie,Nie,Nie,Nie,d,Podstawowy,4060
24,7,11.05.2021,0,0,Nie,Nie,Nie,Nie,a,Rozszerzony,4590
25,7,11.05.2021,0,0,Nie,Nie,Nie,Nie,c,Podstawowy,430
26,7,11.05.2021,0,0,Nie,Nie,Nie,Nie,d,Podstawowy,2300
27,7,11.05.2021,0,0,Nie,Nie,Nie,Nie,a,Podstawowy,60
28,7,11.05.2021,0,0,Nie,Nie,Nie,Nie,a,Podstawowy,1200
29,7,11.05.2021,0,0,Nie,Nie,Nie,Nie,d,Rozszerzony,2170
30,7,11.05.2021,0,0,Nie,Nie,Nie,Nie,a,Podstawowy,40
31,7,11.05.2021,0,0,Nie,Nie,Nie,Nie,d,Rozszerzony,9800
32,7,11.05.2021,0,0,Nie,Nie,Nie,Nie,a,Podstawowy,2910
33,7,11.05.2021,0,0,Nie,Nie,Nie,Nie,a,Rozszerzony,1320
34,7,11.05.2021,0,0,Nie,Nie,Nie,Nie,c,Podstawowy,2240
35,7,11.05.2021,0,0,Nie,Nie,Nie,Nie,d,Rozszerzony,7660
36,7,11.05.2021,0,0,Nie,Nie,Nie,Nie,a,Rozszerzony,540
37,7,11.05.2021,0,0,Nie,Nie,Nie,Nie,c,Podstawowy,4230
38,7,11.05.2021,0,0,Nie,Nie,Nie,Nie,d,Podstawowy,1090
39,7,11.05.2021,0,0,Nie,Nie,Nie,Nie,a,Podstawowy,260
40,7,11.05.2021,0,0,Nie,Nie,Nie,Nie,a,Podstawowy,180
41,7,11.05.2021,0,0,Nie,Nie,Nie,Nie,d,Rozszerzony,1180
42,7,11.05.2021,0,0,Nie,Nie,Nie,Nie,a,Rozszerzony,290
43,7,11.05.2021,0,0,Nie,Nie,Nie,Nie,d,Podstawowy,4880
44,7,11.05.2021,0,0,Nie,Nie,Nie,Nie,a,Podstawowy,540
45,7,11.05.2021,0,0,Nie,Nie,Nie,Nie,d,Podstawowy,9710
46,7,11.05.2021,0,0,Nie,Nie,Nie,Nie,c,Podstawowy,1200
47,7,11.05.2021,0,0,Nie,Nie,Nie,Nie,a,Rozszerzony,270
48,7,11.05.2021,0,0,Nie,Nie,Nie,Nie,a,Podstawowy,1060
49,7,11.05.2021,0,0,Nie,Nie,Nie,Nie,d,Rozszerzony,18010
50,7,11.05.2021,0,0,Nie,Nie,Nie,Nie,d,Podstawowy,6260
1,6,10.05.2021,5996,710,Tak,Nie,Nie,Nie,c,Podstawowy,1270
2,6,10.05.2021,2430,316,Tak,Nie,Nie,Nie,a,Podstawowy,570
3,6,10.05.2021,5868,720,Tak,Nie,Nie,Nie,a,Podstawowy,14130
4,6,10.05.2021,10559,1542,Tak,Nie,Nie,Nie,c,Rozszerzony,620
5,6,10.05.2021,2350,250,Tak,Nie,Nie,Nie,a,Podstawowy,29910
6,6,10.05.2021,3718,424,Tak,Nie,Nie,Nie,a,Podstawowy,310
7,6,10.05.2021,6518,705,Tak,Nie,Nie,Nie,a,Rozszerzony,24000
8,6,10.05.2021,2713,393,Tak,Nie,Nie,Nie,a,Podstawowy,7520
9,6,10.05.2021,5898,529,Tak,Nie,Nie,Nie,a,Rozszerzony,2030
10,6,10.05.2021,4632,508,Tak,Nie,Nie,Nie,a,Podstawowy,3160
11,6,10.05.2021,6672,1007,Tak,Nie,Nie,Nie,a,Rozszerzony,960
12,6,10.05.2021,6325,793,Tak,Nie,Nie,Nie,a,Rozszerzony,1070
13,6,10.05.2021,4346,354,Tak,Nie,Nie,Nie,d,Podstawowy,310
14,6,10.05.2021,3566,416,Tak,Nie,Nie,Nie,a,Podstawowy,1300
15,6,10.05.2021,6451,695,Tak,Nie,Nie,Nie,d,Rozszerzony,4110
16,6,10.05.2021,5974,622,Tak,Nie,Nie,Nie,a,Rozszerzony,3270
17,6,10.05.2021,2753,400,Tak,Nie,Nie,Nie,a,Podstawowy,50
18,6,10.05.2021,4443,539,Tak,Nie,Nie,Nie,d,Rozszerzony,13840
19,6,10.05.2021,4617,446,Tak,Nie,Nie,Nie,a,Rozszerzony,3240
20,6,10.05.2021,5249,541,Tak,Nie,Nie,Nie,d,Podstawowy,2340
21,6,10.05.2021,4852,542,Tak,Nie,Nie,Nie,c,Rozszerzony,550
22,6,10.05.2021,3092,428,Tak,Nie,Nie,Nie,a,Podstawowy,1040
23,6,10.05.2021,5676,524,Tak,Nie,Nie,Nie,d,Podstawowy,4060
24,6,10.05.2021,7686,733,Tak,Nie,Nie,Nie,a,Rozszerzony,4590
25,6,10.05.2021,9394,1332,Tak,Nie,Nie,Nie,c,Podstawowy,430
26,6,10.05.2021,5971,528,Tak,Nie,Nie,Nie,d,Podstawowy,2300
27,6,10.05.2021,7836,928,Tak,Nie,Nie,Nie,a,Podstawowy,60
28,6,10.05.2021,2832,379,Tak,Nie,Nie,Nie,a,Podstawowy,1200
29,6,10.05.2021,8294,746,Tak,Nie,Nie,Nie,d,Rozszerzony,2170
30,6,10.05.2021,4351,719,Tak,Nie,Nie,Nie,a,Podstawowy,40
31,6,10.05.2021,5830,651,Tak,Nie,Nie,Nie,d,Rozszerzony,9800
32,6,10.05.2021,2617,319,Tak,Nie,Nie,Nie,a,Podstawowy,2910
33,6,10.05.2021,8826,874,Tak,Nie,Nie,Nie,a,Rozszerzony,1320
34,6,10.05.2021,7476,1019,Tak,Nie,Nie,Nie,c,Podstawowy,2240
35,6,10.05.2021,8646,716,Tak,Nie,Nie,Nie,d,Rozszerzony,7660
36,6,10.05.2021,9305,1066,Tak,Nie,Nie,Nie,a,Rozszerzony,540
37,6,10.05.2021,8122,939,Tak,Nie,Nie,Nie,c,Podstawowy,4230
38,6,10.05.2021,6001,591,Tak,Nie,Nie,Nie,d,Podstawowy,1090
39,6,10.05.2021,2659,376,Tak,Nie,Nie,Nie,a,Podstawowy,260
40,6,10.05.2021,4740,642,Tak,Nie,Nie,Nie,a,Podstawowy,180
41,6,10.05.2021,6440,516,Tak,Nie,Nie,Nie,d,Rozszerzony,1180
42,6,10.05.2021,8686,987,Tak,Nie,Nie,Nie,a,Rozszerzony,290
43,6,10.05.2021,4428,453,Tak,Nie,Nie,Nie,d,Podstawowy,4880
44,6,10.05.2021,3638,483,Tak,Nie,Nie,Nie,a,Podstawowy,540
45,6,10.05.2021,5701,485,Tak,Nie,Nie,Nie,d,Podstawowy,9710
46,6,10.05.2021,5209,694,Tak,Nie,Nie,Nie,c,Podstawowy,1200
47,6,10.05.2021,5643,778,Tak,Nie,Nie,Nie,a,Rozszerzony,270
48,6,10.05.2021,3894,385,Tak,Nie,Nie,Nie,a,Podstawowy,1060
49,6,10.05.2021,8650,674,Tak,Nie,Nie,Nie,d,Rozszerzony,18010
50,6,10.05.2021,4489,379,Tak,Nie,Nie,Nie,d,Podstawowy,6260
1,5,09.05.2021,5237,622,Tak,Tak,Nie,Nie,c,Podstawowy,1270
2,5,09.05.2021,5979,743,Tak,Tak,Nie,Nie,a,Podstawowy,570
3,5,09.05.2021,7499,802,Tak,Tak,Nie,Nie,a,Podstawowy,14130
4,5,09.05.2021,10880,1422,Tak,Tak,Nie,Nie,c,Rozszerzony,620
5,5,09.05.2021,5883,614,Tak,Tak,Nie,Nie,a,Podstawowy,29910
6,5,09.05.2021,5534,627,Tak,Tak,Nie,Nie,a,Podstawowy,310
7,5,09.05.2021,9399,1060,Tak,Tak,Nie,Nie,a,Rozszerzony,24000
8,5,09.05.2021,5925,651,Tak,Tak,Nie,Nie,a,Podstawowy,7520
9,5,09.05.2021,6718,598,Tak,Tak,Nie,Nie,a,Rozszerzony,2030
10,5,09.05.2021,6547,664,Tak,Tak,Nie,Nie,a,Podstawowy,3160
11,5,09.05.2021,7915,1126,Tak,Tak,Nie,Nie,a,Rozszerzony,960
12,5,09.05.2021,8109,896,Tak,Tak,Nie,Nie,a,Rozszerzony,1070
13,5,09.05.2021,6095,459,Tak,Tak,Nie,Nie,d,Podstawowy,310
14,5,09.05.2021,6545,681,Tak,Tak,Nie,Nie,a,Podstawowy,1300
15,5,09.05.2021,8042,771,Tak,Tak,Nie,Nie,d,Rozszerzony,4110
16,5,09.05.2021,8774,962,Tak,Tak,Nie,Nie,a,Rozszerzony,3270
17,5,09.05.2021,6997,871,Tak,Tak,Nie,Nie,a,Podstawowy,50
18,5,09.05.2021,7360,846,Tak,Tak,Nie,Nie,d,Rozszerzony,13840
19,5,09.05.2021,7919,775,Tak,Tak,Nie,Nie,a,Rozszerzony,3240
20,5,09.05.2021,7544,837,Tak,Tak,Nie,Nie,d,Podstawowy,2340
21,5,09.05.2021,6119,579,Tak,Tak,Nie,Nie,c,Rozszerzony,550
22,5,09.05.2021,5453,619,Tak,Tak,Nie,Nie,a,Podstawowy,1040
23,5,09.05.2021,6946,569,Tak,Tak,Nie,Nie,d,Podstawowy,4060
24,5,09.05.2021,10416,878,Tak,Tak,Nie,Nie,a,Rozszerzony,4590
25,5,09.05.2021,11575,1609,Tak,Tak,Nie,Nie,c,Podstawowy,430
26,5,09.05.2021,7780,611,Tak,Tak,Nie,Nie,d,Podstawowy,2300
27,5,09.05.2021,10857,1139,Tak,Tak,Nie,Nie,a,Podstawowy,60
28,5,09.05.2021,6137,676,Tak,Tak,Nie,Nie,a,Podstawowy,1200
29,5,09.05.2021,8857,759,Tak,Tak,Nie,Nie,d,Rozszerzony,2170
30,5,09.05.2021,4539,690,Tak,Tak,Nie,Nie,a,Podstawowy,40
31,5,09.05.2021,6376,607,Tak,Tak,Nie,Nie,d,Rozszerzony,9800
32,5,09.05.2021,4862,550,Tak,Tak,Nie,Nie,a,Podstawowy,2910
33,5,09.05.2021,9849,927,Tak,Tak,Nie,Nie,a,Rozszerzony,1320
34,5,09.05.2021,8937,1045,Tak,Tak,Nie,Nie,c,Podstawowy,2240
35,5,09.05.2021,11549,852,Tak,Tak,Nie,Nie,d,Rozszerzony,7660
36,5,09.05.2021,9946,1075,Tak,Tak,Nie,Nie,a,Rozszerzony,540
37,5,09.05.2021,7982,838,Tak,Tak,Nie,Nie,c,Podstawowy,4230
38,5,09.05.2021,6842,616,Tak,Tak,Nie,Nie,d,Podstawowy,1090
39,5,09.05.2021,5633,710,Tak,Tak,Nie,Nie,a,Podstawowy,260
40,5,09.05.2021,5609,667,Tak,Tak,Nie,Nie,a,Podstawowy,180
41,5,09.05.2021,7251,524,Tak,Tak,Nie,Nie,d,Rozszerzony,1180
42,5,09.05.2021,11652,1161,Tak,Tak,Nie,Nie,a,Rozszerzony,290
43,5,09.05.2021,8317,759,Tak,Tak,Nie,Nie,d,Podstawowy,4880
44,5,09.05.2021,6361,725,Tak,Tak,Nie,Nie,a,Podstawowy,540
45,5,09.05.2021,5763,469,Tak,Tak,Nie,Nie,d,Podstawowy,9710
46,5,09.05.2021,6934,766,Tak,Tak,Nie,Nie,c,Podstawowy,1200
47,5,09.05.2021,7394,864,Tak,Tak,Nie,Nie,a,Rozszerzony,270
48,5,09.05.2021,3749,447,Tak,Tak,Nie,Nie,a,Podstawowy,1060
49,5,09.05.2021,8659,668,Tak,Tak,Nie,Nie,d,Rozszerzony,18010
50,5,09.05.2021,5063,383,Tak,Tak,Nie,Nie,d,Podstawowy,6260
1,4,08.05.2021,5222,614,Tak,Tak,Nie,Nie,c,Podstawowy,1270
2,4,08.05.2021,5151,626,Tak,Tak,Nie,Nie,a,Podstawowy,570
3,4,08.05.2021,7396,796,Tak,Tak,Nie,Nie,a,Podstawowy,14130
4,4,08.05.2021,9227,1246,Tak,Tak,Nie,Nie,c,Rozszerzony,620
5,4,08.05.2021,5410,623,Tak,Tak,Nie,Nie,a,Podstawowy,29910
6,4,08.05.2021,5427,622,Tak,Tak,Nie,Nie,a,Podstawowy,310
7,4,08.05.2021,7583,786,Tak,Tak,Nie,Nie,a,Rozszerzony,24000
8,4,08.05.2021,5968,696,Tak,Tak,Nie,Nie,a,Podstawowy,7520
9,4,08.05.2021,6325,572,Tak,Tak,Nie,Nie,a,Rozszerzony,2030
10,4,08.05.2021,6279,617,Tak,Tak,Nie,Nie,a,Podstawowy,3160
11,4,08.05.2021,7690,1082,Tak,Tak,Nie,Nie,a,Rozszerzony,960
12,4,08.05.2021,7155,836,Tak,Tak,Nie,Nie,a,Rozszerzony,1070
13,4,08.05.2021,5544,425,Tak,Tak,Nie,Nie,d,Podstawowy,310
14,4,08.05.2021,6166,681,Tak,Tak,Nie,Nie,a,Podstawowy,1300
15,4,08.05.2021,6647,665,Tak,Tak,Nie,Nie,d,Rozszerzony,4110
16,4,08.05.2021,8125,983,Tak,Tak,Nie,Nie,a,Rozszerzony,3270
17,4,08.05.2021,7493,903,Tak,Tak,Nie,Nie,a,Podstawowy,50
18,4,08.05.2021,7221,765,Tak,Tak,Nie,Nie,d,Rozszerzony,13840
19,4,08.05.2021,7896,735,Tak,Tak,Nie,Nie,a,Rozszerzony,3240
20,4,08.05.2021,9625,1102,Tak,Tak,Nie,Nie,d,Podstawowy,2340
21,4,08.05.2021,5627,546,Tak,Tak,Nie,Nie,c,Rozszerzony,550
22,4,08.05.2021,5035,545,Tak,Tak,Nie,Nie,a,Podstawowy,1040
23,4,08.05.2021,6392,519,Tak,Tak,Nie,Nie,d,Podstawowy,4060
24,4,08.05.2021,7812,723,Tak,Tak,Nie,Nie,a,Rozszerzony,4590
25,4,08.05.2021,11907,1715,Tak,Tak,Nie,Nie,c,Podstawowy,430
26,4,08.05.2021,8284,675,Tak,Tak,Nie,Nie,d,Podstawowy,2300
27,4,08.05.2021,10654,1163,Tak,Tak,Nie,Nie,a,Podstawowy,60
28,4,08.05.2021,6335,673,Tak,Tak,Nie,Nie,a,Podstawowy,1200
29,4,08.05.2021,7272,657,Tak,Tak,Nie,Nie,d,Rozszerzony,2170
30,4,08.05.2021,5378,778,Tak,Tak,Nie,Nie,a,Podstawowy,40
31,4,08.05.2021,5952,572,Tak,Tak,Nie,Nie,d,Rozszerzony,9800
32,4,08.05.2021,4744,556,Tak,Tak,Nie,Nie,a,Podstawowy,2910
33,4,08.05.2021,8932,865,Tak,Tak,Nie,Nie,a,Rozszerzony,1320
34,4,08.05.2021,9186,1040,Tak,Tak,Nie,Nie,c,Podstawowy,2240
35,4,08.05.2021,10896,803,Tak,Tak,Nie,Nie,d,Rozszerzony,7660
36,4,08.05.2021,9803,1145,Tak,Tak,Nie,Nie,a,Rozszerzony,540
37,4,08.05.2021,7893,843,Tak,Tak,Nie,Nie,c,Podstawowy,4230
38,4,08.05.2021,6663,570,Tak,Tak,Nie,Nie,d,Podstawowy,1090
39,4,08.05.2021,5818,732,Tak,Tak,Nie,Nie,a,Podstawowy,260
40,4,08.05.2021,5650,737,Tak,Tak,Nie,Nie,a,Podstawowy,180
41,4,08.05.2021,6162,420,Tak,Tak,Nie,Nie,d,Rozszerzony,1180
42,4,08.05.2021,11190,1132,Tak,Tak,Nie,Nie,a,Rozszerzony,290
43,4,08.05.2021,7838,675,Tak,Tak,Nie,Nie,d,Podstawowy,4880
44,4,08.05.2021,5922,689,Tak,Tak,Nie,Nie,a,Podstawowy,540
45,4,08.05.2021,5855,435,Tak,Tak,Nie,Nie,d,Podstawowy,9710
46,4,08.05.2021,5726,701,Tak,Tak,Nie,Nie,c,Podstawowy,1200
47,4,08.05.2021,6834,868,Tak,Tak,Nie,Nie,a,Rozszerzony,270
48,4,08.05.2021,4283,424,Tak,Tak,Nie,Nie,a,Podstawowy,1060
49,4,08.05.2021,6999,512,Tak,Tak,Nie,Nie,d,Rozszerzony,18010
50,4,08.05.2021,4213,355,Tak,Tak,Nie,Nie,d,Podstawowy,6260
1,3,07.05.2021,5075,604,Tak,Tak,Nie,Nie,c,Podstawowy,1270
2,3,07.05.2021,6733,780,Tak,Tak,Nie,Nie,a,Podstawowy,570
3,3,07.05.2021,8435,855,Tak,Tak,Nie,Nie,a,Podstawowy,14130
4,3,07.05.2021,9245,1221,Tak,Tak,Nie,Nie,c,Rozszerzony,620
5,3,07.05.2021,5795,684,Tak,Tak,Nie,Nie,a,Podstawowy,29910
6,3,07.05.2021,6073,661,Tak,Tak,Nie,Nie,a,Podstawowy,310
7,3,07.05.2021,8654,919,Tak,Tak,Nie,Nie,a,Rozszerzony,24000
8,3,07.05.2021,5357,645,Tak,Tak,Nie,Nie,a,Podstawowy,7520
9,3,07.05.2021,7271,579,Tak,Tak,Nie,Nie,a,Rozszerzony,2030
10,3,07.05.2021,6372,637,Tak,Tak,Nie,Nie,a,Podstawowy,3160
11,3,07.05.2021,9180,1240,Tak,Tak,Nie,Nie,a,Rozszerzony,960
12,3,07.05.2021,8380,890,Tak,Tak,Nie,Nie,a,Rozszerzony,1070
13,3,07.05.2021,5887,394,Tak,Tak,Nie,Nie,d,Podstawowy,310
14,3,07.05.2021,6274,668,Tak,Tak,Nie,Nie,a,Podstawowy,1300
15,3,07.05.2021,6643,647,Tak,Tak,Nie,Nie,d,Rozszerzony,4110
16,3,07.05.2021,8939,973,Tak,Tak,Nie,Nie,a,Rozszerzony,3270
17,3,07.05.2021,7810,930,Tak,Tak,Nie,Nie,a,Podstawowy,50
18,3,07.05.2021,6912,742,Tak,Tak,Nie,Nie,d,Rozszerzony,13840
19,3,07.05.2021,6889,687,Tak,Tak,Nie,Nie,a,Rozszerzony,3240
20,3,07.05.2021,7109,773,Tak,Tak,Nie,Nie,d,Podstawowy,2340
21,3,07.05.2021,6939,578,Tak,Tak,Nie,Nie,c,Rozszerzony,550
22,3,07.05.2021,4789,478,Tak,Tak,Nie,Nie,a,Podstawowy,1040
23,3,07.05.2021,6030,501,Tak,Tak,Nie,Nie,d,Podstawowy,4060
24,3,07.05.2021,10116,898,Tak,Tak,Nie,Nie,a,Rozszerzony,4590
25,3,07.05.2021,11239,1590,Tak,Tak,Nie,Nie,c,Podstawowy,430
26,3,07.05.2021,7538,585,Tak,Tak,Nie,Nie,d,Podstawowy,2300
27,3,07.05.2021,11423,1195,Tak,Tak,Nie,Nie,a,Podstawowy,60
28,3,07.05.2021,6335,686,Tak,Tak,Nie,Nie,a,Podstawowy,1200
29,3,07.05.2021,8811,721,Tak,Tak,Nie,Nie,d,Rozszerzony,2170
30,3,07.05.2021,5048,694,Tak,Tak,Nie,Nie,a,Podstawowy,40
31,3,07.05.2021,6044,583,Tak,Tak,Nie,Nie,d,Rozszerzony,9800
32,3,07.05.2021,4289,462,Tak,Tak,Nie,Nie,a,Podstawowy,2910
33,3,07.05.2021,9167,835,Tak,Tak,Nie,Nie,a,Rozszerzony,1320
34,3,07.05.2021,9001,1096,Tak,Tak,Nie,Nie,c,Podstawowy,2240
35,3,07.05.2021,10575,735,Tak,Tak,Nie,Nie,d,Rozszerzony,7660
36,3,07.05.2021,8961,1003,Tak,Tak,Nie,Nie,a,Rozszerzony,540
37,3,07.05.2021,7475,781,Tak,Tak,Nie,Nie,c,Podstawowy,4230
38,3,07.05.2021,7062,561,Tak,Tak,Nie,Nie,d,Podstawowy,1090
39,3,07.05.2021,6397,823,Tak,Tak,Nie,Nie,a,Podstawowy,260
40,3,07.05.2021,5157,654,Tak,Tak,Nie,Nie,a,Podstawowy,180
41,3,07.05.2021,5687,412,Tak,Tak,Nie,Nie,d,Rozszerzony,1180
42,3,07.05.2021,11651,1200,Tak,Tak,Nie,Nie,a,Rozszerzony,290
43,3,07.05.2021,8264,689,Tak,Tak,Nie,Nie,d,Podstawowy,4880
44,3,07.05.2021,6315,731,Tak,Tak,Nie,Nie,a,Podstawowy,540
45,3,07.05.2021,5189,386,Tak,Tak,Nie,Nie,d,Podstawowy,9710
46,3,07.05.2021,6605,743,Tak,Tak,Nie,Nie,c,Podstawowy,1200
47,3,07.05.2021,7876,1016,Tak,Tak,Nie,Nie,a,Rozszerzony,270
48,3,07.05.2021,4007,444,Tak,Tak,Nie,Nie,a,Podstawowy,1060
49,3,07.05.2021,8153,524,Tak,Tak,Nie,Nie,d,Rozszerzony,18010
50,3,07.05.2021,4930,362,Tak,Tak,Nie,Nie,d,Podstawowy,6260
1,2,06.05.2021,5055,585,Tak,Tak,Nie,Nie,c,Podstawowy,1270
2,2,06.05.2021,5992,628,Tak,Tak,Nie,Nie,a,Podstawowy,570
3,2,06.05.2021,8925,891,Tak,Tak,Nie,Nie,a,Podstawowy,14130
4,2,06.05.2021,9723,1285,Tak,Tak,Nie,Nie,c,Rozszerzony,620
5,2,06.05.2021,5777,641,Tak,Tak,Nie,Nie,a,Podstawowy,29910
6,2,06.05.2021,6304,758,Tak,Tak,Nie,Nie,a,Podstawowy,310
7,2,06.05.2021,11540,1193,Tak,Tak,Nie,Nie,a,Rozszerzony,24000
8,2,06.05.2021,7095,802,Tak,Tak,Nie,Nie,a,Podstawowy,7520
9,2,06.05.2021,7348,637,Tak,Tak,Nie,Nie,a,Rozszerzony,2030
10,2,06.05.2021,6837,662,Tak,Tak,Nie,Nie,a,Podstawowy,3160
11,2,06.05.2021,8936,1216,Tak,Tak,Nie,Nie,a,Rozszerzony,960
12,2,06.05.2021,8946,996,Tak,Tak,Nie,Nie,a,Rozszerzony,1070
13,2,06.05.2021,6402,427,Tak,Tak,Nie,Nie,d,Podstawowy,310
14,2,06.05.2021,6833,698,Tak,Tak,Nie,Nie,a,Podstawowy,1300
15,2,06.05.2021,7946,724,Tak,Tak,Nie,Nie,d,Rozszerzony,4110
16,2,06.05.2021,10172,1082,Tak,Tak,Nie,Nie,a,Rozszerzony,3270
17,2,06.05.2021,8397,1012,Tak,Tak,Nie,Nie,a,Podstawowy,50
18,2,06.05.2021,7135,730,Tak,Tak,Nie,Nie,d,Rozszerzony,13840
19,2,06.05.2021,7782,721,Tak,Tak,Nie,Nie,a,Rozszerzony,3240
20,2,06.05.2021,9111,1011,Tak,Tak,Nie,Nie,d,Podstawowy,2340
21,2,06.05.2021,6570,557,Tak,Tak,Nie,Nie,c,Rozszerzony,550
22,2,06.05.2021,5592,550,Tak,Tak,Nie,Nie,a,Podstawowy,1040
23,2,06.05.2021,6645,517,Tak,Tak,Nie,Nie,d,Podstawowy,4060
24,2,06.05.2021,10477,865,Tak,Tak,Nie,Nie,a,Rozszerzony,4590
25,2,06.05.2021,13437,1772,Tak,Tak,Nie,Nie,c,Podstawowy,430
26,2,06.05.2021,7154,580,Tak,Tak,Nie,Nie,d,Podstawowy,2300
27,2,06.05.2021,11906,1262,Tak,Tak,Nie,Nie,a,Podstawowy,60
28,2,06.05.2021,7230,737,Tak,Tak,Nie,Nie,a,Podstawowy,1200
29,2,06.05.2021,9302,759,Tak,Tak,Nie,Nie,d,Rozszerzony,2170
30,2,06.05.2021,6594,874,Tak,Tak,Nie,Nie,a,Podstawowy,40
31,2,06.05.2021,6452,606,Tak,Tak,Nie,Nie,d,Rozszerzony,9800
32,2,06.05.2021,5960,651,Tak,Tak,Nie,Nie,a,Podstawowy,2910
33,2,06.05.2021,10154,920,Tak,Tak,Nie,Nie,a,Rozszerzony,1320
34,2,06.05.2021,9434,1112,Tak,Tak,Nie,Nie,c,Podstawowy,2240
35,2,06.05.2021,11799,849,Tak,Tak,Nie,Nie,d,Rozszerzony,7660
36,2,06.05.2021,9886,1099,Tak,Tak,Nie,Nie,a,Rozszerzony,540
37,2,06.05.2021,6721,675,Tak,Tak,Nie,Nie,c,Podstawowy,4230
38,2,06.05.2021,7766,603,Tak,Tak,Nie,Nie,d,Podstawowy,1090
39,2,06.05.2021,7621,818,Tak,Tak,Nie,Nie,a,Podstawowy,260
40,2,06.05.2021,5251,744,Tak,Tak,Nie,Nie,a,Podstawowy,180
41,2,06.05.2021,5456,399,Tak,Tak,Nie,Nie,d,Rozszerzony,1180
42,2,06.05.2021,11969,1204,Tak,Tak,Nie,Nie,a,Rozszerzony,290
43,2,06.05.2021,8508,733,Tak,Tak,Nie,Nie,d,Podstawowy,4880
44,2,06.05.2021,7076,763,Tak,Tak,Nie,Nie,a,Podstawowy,540
45,2,06.05.2021,5405,396,Tak,Tak,Nie,Nie,d,Podstawowy,9710
46,2,06.05.2021,6421,746,Tak,Tak,Nie,Nie,c,Podstawowy,1200
47,2,06.05.2021,8425,1067,Tak,Tak,Nie,Nie,a,Rozszerzony,270
48,2,06.05.2021,5186,496,Tak,Tak,Nie,Nie,a,Podstawowy,1060
49,2,06.05.2021,8154,579,Tak,Tak,Nie,Nie,d,Rozszerzony,18010
50,2,06.05.2021,4838,340,Tak,Tak,Nie,Nie,d,Podstawowy,6260
1,1,05.05.2021,5325,615,Tak,Tak,Nie,Nie,c,Podstawowy,1270
2,1,05.05.2021,7242,751,Tak,Tak,Nie,Nie,a,Podstawowy,570
3,1,05.05.2021,9327,926,Tak,Tak,Nie,Nie,a,Podstawowy,14130
4,1,05.05.2021,11986,1545,Tak,Tak,Nie,Nie,c,Rozszerzony,620
5,1,05.05.2021,7446,791,Tak,Tak,Nie,Nie,a,Podstawowy,29910
6,1,05.05.2021,7722,804,Tak,Tak,Nie,Nie,a,Podstawowy,310
7,1,05.05.2021,13594,1263,Tak,Tak,Nie,Nie,a,Rozszerzony,24000
8,1,05.05.2021,8967,936,Tak,Tak,Nie,Nie,a,Podstawowy,7520
9,1,05.05.2021,9326,782,Tak,Tak,Nie,Nie,a,Rozszerzony,2030
10,1,05.05.2021,7714,770,Tak,Tak,Nie,Nie,a,Podstawowy,3160
11,1,05.05.2021,10348,1357,Tak,Tak,Nie,Nie,a,Rozszerzony,960
12,1,05.05.2021,10699,1126,Tak,Tak,Nie,Nie,a,Rozszerzony,1070
13,1,05.05.2021,6934,501,Tak,Tak,Nie,Nie,d,Podstawowy,310
14,1,05.05.2021,7891,839,Tak,Tak,Nie,Nie,a,Podstawowy,1300
15,1,05.05.2021,9044,814,Tak,Tak,Nie,Nie,d,Rozszerzony,4110
16,1,05.05.2021,11044,1133,Tak,Tak,Nie,Nie,a,Rozszerzony,3270
17,1,05.05.2021,10149,1176,Tak,Tak,Nie,Nie,a,Podstawowy,50
18,1,05.05.2021,8975,897,Tak,Tak,Nie,Nie,d,Rozszerzony,13840
19,1,05.05.2021,10215,888,Tak,Tak,Nie,Nie,a,Rozszerzony,3240
20,1,05.05.2021,10073,1061,Tak,Tak,Nie,Nie,d,Podstawowy,2340
21,1,05.05.2021,8317,684,Tak,Tak,Nie,Nie,c,Rozszerzony,550
22,1,05.05.2021,6622,635,Tak,Tak,Nie,Nie,a,Podstawowy,1040
23,1,05.05.2021,8297,633,Tak,Tak,Nie,Nie,d,Podstawowy,4060
24,1,05.05.2021,12024,1017,Tak,Tak,Nie,Nie,a,Rozszerzony,4590
25,1,05.05.2021,14455,1906,Tak,Tak,Nie,Nie,c,Podstawowy,430
26,1,05.05.2021,10475,753,Tak,Tak,Nie,Nie,d,Podstawowy,2300
27,1,05.05.2021,13920,1416,Tak,Tak,Nie,Nie,a,Podstawowy,60
28,1,05.05.2021,9743,938,Tak,Tak,Nie,Nie,a,Podstawowy,1200
29,1,05.05.2021,11048,878,Tak,Tak,Nie,Nie,d,Rozszerzony,2170
30,1,05.05.2021,7409,935,Tak,Tak,Nie,Nie,a,Podstawowy,40
31,1,05.05.2021,7438,672,Tak,Tak,Nie,Nie,d,Rozszerzony,9800
32,1,05.05.2021,6118,658,Tak,Tak,Nie,Nie,a,Podstawowy,2910
33,1,05.05.2021,10033,962,Tak,Tak,Nie,Nie,a,Rozszerzony,1320
34,1,05.05.2021,11155,1225,Tak,Tak,Nie,Nie,c,Podstawowy,2240
35,1,05.05.2021,13515,941,Tak,Tak,Nie,Nie,d,Rozszerzony,7660
36,1,05.05.2021,11242,1245,Tak,Tak,Nie,Nie,a,Rozszerzony,540
37,1,05.05.2021,8311,807,Tak,Tak,Nie,Nie,c,Podstawowy,4230
38,1,05.05.2021,9170,703,Tak,Tak,Nie,Nie,d,Podstawowy,1090
39,1,05.05.2021,9213,1034,Tak,Tak,Nie,Nie,a,Podstawowy,260
40,1,05.05.2021,5677,722,Tak,Tak,Nie,Nie,a,Podstawowy,180
41,1,05.05.2021,7552,512,Tak,Tak,Nie,Nie,d,Rozszerzony,1180
42,1,05.05.2021,14005,1392,Tak,Tak,Nie,Nie,a,Rozszerzony,290
43,1,05.05.2021,10250,823,Tak,Tak,Nie,Nie,d,Podstawowy,4880
44,1,05.05.2021,8705,893,Tak,Tak,Nie,Nie,a,Podstawowy,540
45,1,05.05.2021,7022,469,Tak,Tak,Nie,Nie,d,Podstawowy,9710
46,1,05.05.2021,8539,875,Tak,Tak,Nie,Nie,c,Podstawowy,1200
47,1,05.05.2021,10289,1209,Tak,Tak,Nie,Nie,a,Rozszerzony,270
48,1,05.05.2021,5565,598,Tak,Tak,Nie,Nie,a,Podstawowy,1060
49,1,05.05.2021,9158,658,Tak,Tak,Nie,Nie,d,Rozszerzony,18010
50,1,05.05.2021,6039,439,Tak,Tak,Nie,Nie,d,Podstawowy,6260
1,7,04.05.2021,0,0,Nie,Nie,Nie,Nie,c,Podstawowy,1270
2,7,04.05.2021,0,0,Nie,Nie,Nie,Nie,a,Podstawowy,570
3,7,04.05.2021,0,0,Nie,Nie,Nie,Nie,a,Podstawowy,14130
4,7,04.05.2021,0,0,Nie,Nie,Nie,Nie,c,Rozszerzony,620
5,7,04.05.2021,0,0,Nie,Nie,Nie,Nie,a,Podstawowy,29910
6,7,04.05.2021,0,0,Nie,Nie,Nie,Nie,a,Podstawowy,310
7,7,04.05.2021,0,0,Nie,Nie,Nie,Nie,a,Rozszerzony,24000
8,7,04.05.2021,0,0,Nie,Nie,Nie,Nie,a,Podstawowy,7520
9,7,04.05.2021,0,0,Nie,Nie,Nie,Nie,a,Rozszerzony,2030
10,7,04.05.2021,0,0,Nie,Nie,Nie,Nie,a,Podstawowy,3160
11,7,04.05.2021,0,0,Nie,Nie,Nie,Nie,a,Rozszerzony,960
12,7,04.05.2021,0,0,Nie,Nie,Nie,Nie,a,Rozszerzony,1070
13,7,04.05.2021,0,0,Nie,Nie,Nie,Nie,d,Podstawowy,310
14,7,04.05.2021,0,0,Nie,Nie,Nie,Nie,a,Podstawowy,1300
15,7,04.05.2021,0,0,Nie,Nie,Nie,Nie,d,Rozszerzony,4110
16,7,04.05.2021,0,0,Nie,Nie,Nie,Nie,a,Rozszerzony,3270
17,7,04.05.2021,0,0,Nie,Nie,Nie,Nie,a,Podstawowy,50
18,7,04.05.2021,0,0,Nie,Nie,Nie,Nie,d,Rozszerzony,13840
19,7,04.05.2021,0,0,Nie,Nie,Nie,Nie,a,Rozszerzony,3240
20,7,04.05.2021,0,0,Nie,Nie,Nie,Nie,d,Podstawowy,2340
21,7,04.05.2021,0,0,Nie,Nie,Nie,Nie,c,Rozszerzony,550
22,7,04.05.2021,0,0,Nie,Nie,Nie,Nie,a,Podstawowy,1040
23,7,04.05.2021,0,0,Nie,Nie,Nie,Nie,d,Podstawowy,4060
24,7,04.05.2021,0,0,Nie,Nie,Nie,Nie,a,Rozszerzony,4590
25,7,04.05.2021,0,0,Nie,Nie,Nie,Nie,c,Podstawowy,430
26,7,04.05.2021,0,0,Nie,Nie,Nie,Nie,d,Podstawowy,2300
27,7,04.05.2021,0,0,Nie,Nie,Nie,Nie,a,Podstawowy,60
28,7,04.05.2021,0,0,Nie,Nie,Nie,Nie,a,Podstawowy,1200
29,7,04.05.2021,0,0,Nie,Nie,Nie,Nie,d,Rozszerzony,2170
30,7,04.05.2021,0,0,Nie,Nie,Nie,Nie,a,Podstawowy,40
31,7,04.05.2021,0,0,Nie,Nie,Nie,Nie,d,Rozszerzony,9800
32,7,04.05.2021,0,0,Nie,Nie,Nie,Nie,a,Podstawowy,2910
33,7,04.05.2021,0,0,Nie,Nie,Nie,Nie,a,Rozszerzony,1320
34,7,04.05.2021,0,0,Nie,Nie,Nie,Nie,c,Podstawowy,2240
35,7,04.05.2021,0,0,Nie,Nie,Nie,Nie,d,Rozszerzony,7660
36,7,04.05.2021,0,0,Nie,Nie,Nie,Nie,a,Rozszerzony,540
37,7,04.05.2021,0,0,Nie,Nie,Nie,Nie,c,Podstawowy,4230
38,7,04.05.2021,0,0,Nie,Nie,Nie,Nie,d,Podstawowy,1090
39,7,04.05.2021,0,0,Nie,Nie,Nie,Nie,a,Podstawowy,260
40,7,04.05.2021,0,0,Nie,Nie,Nie,Nie,a,Podstawowy,180
41,7,04.05.2021,0,0,Nie,Nie,Nie,Nie,d,Rozszerzony,1180
42,7,04.05.2021,0,0,Nie,Nie,Nie,Nie,a,Rozszerzony,290
43,7,04.05.2021,0,0,Nie,Nie,Nie,Nie,d,Podstawowy,4880
44,7,04.05.2021,0,0,Nie,Nie,Nie,Nie,a,Podstawowy,540
45,7,04.05.2021,0,0,Nie,Nie,Nie,Nie,d,Podstawowy,9710
46,7,04.05.2021,0,0,Nie,Nie,Nie,Nie,c,Podstawowy,1200
47,7,04.05.2021,0,0,Nie,Nie,Nie,Nie,a,Rozszerzony,270
48,7,04.05.2021,0,0,Nie,Nie,Nie,Nie,a,Podstawowy,1060
49,7,04.05.2021,0,0,Nie,Nie,Nie,Nie,d,Rozszerzony,18010
50,7,04.05.2021,0,0,Nie,Nie,Nie,Nie,d,Podstawowy,6260
1,6,03.05.2021,5498,633,Tak,Nie,Nie,Nie,c,Podstawowy,1270
2,6,03.05.2021,2968,369,Tak,Nie,Nie,Nie,a,Podstawowy,570
3,6,03.05.2021,4950,557,Tak,Nie,Nie,Nie,a,Podstawowy,14130
4,6,03.05.2021,10330,1475,Tak,Nie,Nie,Nie,c,Rozszerzony,620
5,6,03.05.2021,2061,236,Tak,Nie,Nie,Nie,a,Podstawowy,29910
6,6,03.05.2021,3711,416,Tak,Nie,Nie,Nie,a,Podstawowy,310
7,6,03.05.2021,6696,743,Tak,Nie,Nie,Nie,a,Rozszerzony,24000
8,6,03.05.2021,2907,378,Tak,Nie,Nie,Nie,a,Podstawowy,7520
9,6,03.05.2021,5975,571,Tak,Nie,Nie,Nie,a,Rozszerzony,2030
10,6,03.05.2021,5116,560,Tak,Nie,Nie,Nie,a,Podstawowy,3160
11,6,03.05.2021,6571,917,Tak,Nie,Nie,Nie,a,Rozszerzony,960
12,6,03.05.2021,6343,792,Tak,Nie,Nie,Nie,a,Rozszerzony,1070
13,6,03.05.2021,4561,379,Tak,Nie,Nie,Nie,d,Podstawowy,310
14,6,03.05.2021,3794,445,Tak,Nie,Nie,Nie,a,Podstawowy,1300
15,6,03.05.2021,5373,640,Tak,Nie,Nie,Nie,d,Rozszerzony,4110
16,6,03.05.2021,5998,597,Tak,Nie,Nie,Nie,a,Rozszerzony,3270
17,6,03.05.2021,2915,415,Tak,Nie,Nie,Nie,a,Podstawowy,50
18,6,03.05.2021,4897,551,Tak,Nie,Nie,Nie,d,Rozszerzony,13840
19,6,03.05.2021,4368,410,Tak,Nie,Nie,Nie,a,Rozszerzony,3240
20,6,03.05.2021,5413,491,Tak,Nie,Nie,Nie,d,Podstawowy,2340
21,6,03.05.2021,5735,569,Tak,Nie,Nie,Nie,c,Rozszerzony,550
22,6,03.05.2021,3922,390,Tak,Nie,Nie,Nie,a,Podstawowy,1040
23,6,03.05.2021,4679,437,Tak,Nie,Nie,Nie,d,Podstawowy,4060
24,6,03.05.2021,7300,687,Tak,Nie,Nie,Nie,a,Rozszerzony,4590
25,6,03.05.2021,9848,1358,Tak,Nie,Nie,Nie,c,Podstawowy,430
26,6,03.05.2021,5513,556,Tak,Nie,Nie,Nie,d,Podstawowy,2300
27,6,03.05.2021,8295,1000,Tak,Nie,Nie,Nie,a,Podstawowy,60
28,6,03.05.2021,3075,358,Tak,Nie,Nie,Nie,a,Podstawowy,1200
29,6,03.05.2021,7608,712,Tak,Nie,Nie,Nie,d,Rozszerzony,2170
30,6,03.05.2021,4392,767,Tak,Nie,Nie,Nie,a,Podstawowy,40
31,6,03.05.2021,5819,616,Tak,Nie,Nie,Nie,d,Rozszerzony,9800
32,6,03.05.2021,2428,279,Tak,Nie,Nie,Nie,a,Podstawowy,2910
33,6,03.05.2021,9196,908,Tak,Nie,Nie,Nie,a,Rozszerzony,1320
34,6,03.05.2021,7875,970,Tak,Nie,Nie,Nie,c,Podstawowy,2240
35,6,03.05.2021,7850,658,Tak,Nie,Nie,Nie,d,Rozszerzony,7660
36,6,03.05.2021,9766,1083,Tak,Nie,Nie,Nie,a,Rozszerzony,540
37,6,03.05.2021,7895,924,Tak,Nie,Nie,Nie,c,Podstawowy,4230
38,6,03.05.2021,6447,651,Tak,Nie,Nie,Nie,d,Podstawowy,1090
39,6,03.05.2021,3754,508,Tak,Nie,Nie,Nie,a,Podstawowy,260
40,6,03.05.2021,5961,761,Tak,Nie,Nie,Nie,a,Podstawowy,180
41,6,03.05.2021,5977,458,Tak,Nie,Nie,Nie,d,Rozszerzony,1180
42,6,03.05.2021,8703,1013,Tak,Nie,Nie,Nie,a,Rozszerzony,290
43,6,03.05.2021,4726,469,Tak,Nie,Nie,Nie,d,Podstawowy,4880
44,6,03.05.2021,4325,501,Tak,Nie,Nie,Nie,a,Podstawowy,540
45,6,03.05.2021,5662,460,Tak,Nie,Nie,Nie,d,Podstawowy,9710
46,6,03.05.2021,5324,719,Tak,Nie,Nie,Nie,c,Podstawowy,1200
47,6,03.05.2021,5504,795,Tak,Nie,Nie,Nie,a,Rozszerzony,270
48,6,03.05.2021,3348,351,Tak,Nie,Nie,Nie,a,Podstawowy,1060
49,6,03.05.2021,7449,574,Tak,Nie,Nie,Nie,d,Rozszerzony,18010
50,6,03.05.2021,4282,393,Tak,Nie,Nie,Nie,d,Podstawowy,6260
1,5,02.05.2021,6790,732,Tak,Tak,Nie,Nie,c,Podstawowy,1270
2,5,02.05.2021,7176,743,Tak,Tak,Nie,Tak,a,Podstawowy,570
3,5,02.05.2021,10994,1066,Tak,Tak,Nie,Nie,a,Podstawowy,14130
4,5,02.05.2021,15274,1833,Tak,Tak,Nie,Tak,c,Rozszerzony,620
5,5,02.05.2021,6978,743,Tak,Tak,Nie,Nie,a,Podstawowy,29910
6,5,02.05.2021,6945,732,Tak,Tak,Nie,Nie,a,Podstawowy,310
7,5,02.05.2021,16037,1550,Tak,Tak,Nie,Tak,a,Rozszerzony,24000
8,5,02.05.2021,6775,749,Tak,Tak,Nie,Tak,a,Podstawowy,7520
9,5,02.05.2021,9004,774,Tak,Tak,Nie,Nie,a,Rozszerzony,2030
10,5,02.05.2021,8145,826,Tak,Tak,Nie,Tak,a,Podstawowy,3160
11,5,02.05.2021,11968,1489,Tak,Tak,Nie,Tak,a,Rozszerzony,960
12,5,02.05.2021,10426,1117,Tak,Tak,Nie,Tak,a,Rozszerzony,1070
13,5,02.05.2021,6183,470,Tak,Tak,Nie,Nie,d,Podstawowy,310
14,5,02.05.2021,8089,821,Tak,Tak,Nie,Nie,a,Podstawowy,1300
15,5,02.05.2021,10006,898,Tak,Tak,Nie,Tak,d,Rozszerzony,4110
16,5,02.05.2021,11195,1133,Tak,Tak,Nie,Nie,a,Rozszerzony,3270
17,5,02.05.2021,9227,1154,Tak,Tak,Nie,Tak,a,Podstawowy,50
18,5,02.05.2021,9631,943,Tak,Tak,Nie,Tak,d,Rozszerzony,13840
19,5,02.05.2021,9803,867,Tak,Tak,Nie,Nie,a,Rozszerzony,3240
20,5,02.05.2021,9311,950,Tak,Tak,Nie,Nie,d,Podstawowy,2340
21,5,02.05.2021,8524,731,Tak,Tak,Nie,Nie,c,Rozszerzony,550
22,5,02.05.2021,6835,705,Tak,Tak,Nie,Nie,a,Podstawowy,1040
23,5,02.05.2021,8086,707,Tak,Tak,Nie,Nie,d,Podstawowy,4060
24,5,02.05.2021,14051,1170,Tak,Tak,Nie,Nie,a,Rozszerzony,4590
25,5,02.05.2021,14815,1950,Tak,Tak,Nie,Nie,c,Podstawowy,430
26,5,02.05.2021,11290,929,Tak,Tak,Nie,Tak,d,Podstawowy,2300
27,5,02.05.2021,14844,1485,Tak,Tak,Nie,Nie,a,Podstawowy,60
28,5,02.05.2021,8094,839,Tak,Tak,Nie,Nie,a,Podstawowy,1200
29,5,02.05.2021,10383,945,Tak,Tak,Nie,Nie,d,Rozszerzony,2170
30,5,02.05.2021,6740,913,Tak,Tak,Nie,Nie,a,Podstawowy,40
31,5,02.05.2021,9537,896,Tak,Tak,Nie,Tak,d,Rozszerzony,9800
32,5,02.05.2021,5154,591,Tak,Tak,Nie,Nie,a,Podstawowy,2910
33,5,02.05.2021,11604,1096,Tak,Tak,Nie,Nie,a,Rozszerzony,1320
34,5,02.05.2021,11665,1333,Tak,Tak,Nie,Tak,c,Podstawowy,2240
35,5,02.05.2021,15502,1062,Tak,Tak,Nie,Nie,d,Rozszerzony,7660
36,5,02.05.2021,11785,1356,Tak,Tak,Nie,Nie,a,Rozszerzony,540
37,5,02.05.2021,12524,1302,Tak,Tak,Nie,Nie,c,Podstawowy,4230
38,5,02.05.2021,9761,802,Tak,Tak,Nie,Nie,d,Podstawowy,1090
39,5,02.05.2021,6470,812,Tak,Tak,Nie,Nie,a,Podstawowy,260
40,5,02.05.2021,6043,777,Tak,Tak,Nie,Nie,a,Podstawowy,180
41,5,02.05.2021,8251,571,Tak,Tak,Nie,Nie,d,Rozszerzony,1180
42,5,02.05.2021,14854,1392,Tak,Tak,Nie,Nie,a,Rozszerzony,290
43,5,02.05.2021,11606,927,Tak,Tak,Nie,Nie,d,Podstawowy,4880
44,5,02.05.2021,7883,812,Tak,Tak,Nie,Tak,a,Podstawowy,540
45,5,02.05.2021,7300,533,Tak,Tak,Nie,Nie,d,Podstawowy,9710
46,5,02.05.2021,9165,996,Tak,Tak,Nie,Nie,c,Podstawowy,1200
47,5,02.05.2021,9375,1110,Tak,Tak,Nie,Tak,a,Rozszerzony,270
48,5,02.05.2021,5194,561,Tak,Tak,Nie,Tak,a,Podstawowy,1060
49,5,02.05.2021,9553,664,Tak,Tak,Nie,Nie,d,Rozszerzony,18010
50,5,02.05.2021,6083,516,Tak,Tak,Nie,Nie,d,Podstawowy,6260
1,4,01.05.2021,0,0,Nie,Tak,Narodowe,Nie,c,Podstawowy,1270
2,4,01.05.2021,0,0,Nie,Tak,Narodowe,Tak,a,Podstawowy,570
3,4,01.05.2021,0,0,Nie,Tak,Narodowe,Nie,a,Podstawowy,14130
4,4,01.05.2021,0,0,Nie,Tak,Narodowe,Nie,c,Rozszerzony,620
5,4,01.05.2021,0,0,Nie,Tak,Narodowe,Nie,a,Podstawowy,29910
6,4,01.05.2021,0,0,Nie,Tak,Narodowe,Nie,a,Podstawowy,310
7,4,01.05.2021,0,0,Nie,Tak,Narodowe,Tak,a,Rozszerzony,24000
8,4,01.05.2021,0,0,Nie,Tak,Narodowe,Tak,a,Podstawowy,7520
9,4,01.05.2021,0,0,Nie,Tak,Narodowe,Nie,a,Rozszerzony,2030
10,4,01.05.2021,0,0,Nie,Tak,Narodowe,Nie,a,Podstawowy,3160
11,4,01.05.2021,0,0,Nie,Tak,Narodowe,Tak,a,Rozszerzony,960
12,4,01.05.2021,0,0,Nie,Tak,Narodowe,Tak,a,Rozszerzony,1070
13,4,01.05.2021,0,0,Nie,Tak,Narodowe,Nie,d,Podstawowy,310
14,4,01.05.2021,0,0,Nie,Tak,Narodowe,Nie,a,Podstawowy,1300
15,4,01.05.2021,0,0,Nie,Tak,Narodowe,Tak,d,Rozszerzony,4110
16,4,01.05.2021,0,0,Nie,Tak,Narodowe,Nie,a,Rozszerzony,3270
17,4,01.05.2021,0,0,Nie,Tak,Narodowe,Tak,a,Podstawowy,50
18,4,01.05.2021,0,0,Nie,Tak,Narodowe,Tak,d,Rozszerzony,13840
19,4,01.05.2021,0,0,Nie,Tak,Narodowe,Nie,a,Rozszerzony,3240
20,4,01.05.2021,0,0,Nie,Tak,Narodowe,Nie,d,Podstawowy,2340
21,4,01.05.2021,0,0,Nie,Tak,Narodowe,Nie,c,Rozszerzony,550
22,4,01.05.2021,0,0,Nie,Tak,Narodowe,Nie,a,Podstawowy,1040
23,4,01.05.2021,0,0,Nie,Tak,Narodowe,Nie,d,Podstawowy,4060
24,4,01.05.2021,0,0,Nie,Tak,Narodowe,Nie,a,Rozszerzony,4590
25,4,01.05.2021,0,0,Nie,Tak,Narodowe,Nie,c,Podstawowy,430
26,4,01.05.2021,0,0,Nie,Tak,Narodowe,Tak,d,Podstawowy,2300
27,4,01.05.2021,0,0,Nie,Tak,Narodowe,Nie,a,Podstawowy,60
28,4,01.05.2021,0,0,Nie,Tak,Narodowe,Nie,a,Podstawowy,1200
29,4,01.05.2021,0,0,Nie,Tak,Narodowe,Nie,d,Rozszerzony,2170
30,4,01.05.2021,0,0,Nie,Tak,Narodowe,Nie,a,Podstawowy,40
31,4,01.05.2021,0,0,Nie,Tak,Narodowe,Tak,d,Rozszerzony,9800
32,4,01.05.2021,0,0,Nie,Tak,Narodowe,Nie,a,Podstawowy,2910
33,4,01.05.2021,0,0,Nie,Tak,Narodowe,Nie,a,Rozszerzony,1320
34,4,01.05.2021,0,0,Nie,Tak,Narodowe,Nie,c,Podstawowy,2240
35,4,01.05.2021,0,0,Nie,Tak,Narodowe,Nie,d,Rozszerzony,7660
36,4,01.05.2021,0,0,Nie,Tak,Narodowe,Nie,a,Rozszerzony,540
37,4,01.05.2021,0,0,Nie,Tak,Narodowe,Nie,c,Podstawowy,4230
38,4,01.05.2021,0,0,Nie,Tak,Narodowe,Nie,d,Podstawowy,1090
39,4,01.05.2021,0,0,Nie,Tak,Narodowe,Nie,a,Podstawowy,260
40,4,01.05.2021,0,0,Nie,Tak,Narodowe,Nie,a,Podstawowy,180
41,4,01.05.2021,0,0,Nie,Tak,Narodowe,Nie,d,Rozszerzony,1180
42,4,01.05.2021,0,0,Nie,Tak,Narodowe,Nie,a,Rozszerzony,290
43,4,01.05.2021,0,0,Nie,Tak,Narodowe,Nie,d,Podstawowy,4880
44,4,01.05.2021,0,0,Nie,Tak,Narodowe,Nie,a,Podstawowy,540
45,4,01.05.2021,0,0,Nie,Tak,Narodowe,Nie,d,Podstawowy,9710
46,4,01.05.2021,0,0,Nie,Tak,Narodowe,Nie,c,Podstawowy,1200
47,4,01.05.2021,0,0,Nie,Tak,Narodowe,Tak,a,Rozszerzony,270
48,4,01.05.2021,0,0,Nie,Tak,Narodowe,Tak,a,Podstawowy,1060
49,4,01.05.2021,0,0,Nie,Tak,Narodowe,Nie,d,Rozszerzony,18010
50,4,01.05.2021,0,0,Nie,Tak,Narodowe,Nie,d,Podstawowy,6260
1,3,30.04.2021,5870,624,Tak,Tak,Nie,Nie,c,Podstawowy,1270
2,3,30.04.2021,7646,943,Tak,Tak,Nie,Tak,a,Podstawowy,570
3,3,30.04.2021,10482,1015,Tak,Tak,Nie,Nie,a,Podstawowy,14130
4,3,30.04.2021,14743,1820,Tak,Tak,Nie,Nie,c,Rozszerzony,620
5,3,30.04.2021,6543,783,Tak,Tak,Nie,Nie,a,Podstawowy,29910
6,3,30.04.2021,7710,799,Tak,Tak,Nie,Nie,a,Podstawowy,310
7,3,30.04.2021,12397,1184,Tak,Tak,Nie,Tak,a,Rozszerzony,24000
8,3,30.04.2021,7589,842,Tak,Tak,Nie,Tak,a,Podstawowy,7520
9,3,30.04.2021,7812,671,Tak,Tak,Nie,Nie,a,Rozszerzony,2030
10,3,30.04.2021,7006,730,Tak,Tak,Nie,Nie,a,Podstawowy,3160
11,3,30.04.2021,10751,1423,Tak,Tak,Nie,Tak,a,Rozszerzony,960
12,3,30.04.2021,9483,1054,Tak,Tak,Nie,Tak,a,Rozszerzony,1070
13,3,30.04.2021,9536,645,Tak,Tak,Nie,Nie,d,Podstawowy,310
14,3,30.04.2021,8115,847,Tak,Tak,Nie,Nie,a,Podstawowy,1300
15,3,30.04.2021,9997,944,Tak,Tak,Nie,Tak,d,Rozszerzony,4110
16,3,30.04.2021,9928,1034,Tak,Tak,Nie,Nie,a,Rozszerzony,3270
17,3,30.04.2021,9424,1086,Tak,Tak,Nie,Tak,a,Podstawowy,50
18,3,30.04.2021,9226,977,Tak,Tak,Nie,Tak,d,Rozszerzony,13840
19,3,30.04.2021,9870,880,Tak,Tak,Nie,Nie,a,Rozszerzony,3240
20,3,30.04.2021,10351,1118,Tak,Tak,Nie,Nie,d,Podstawowy,2340
21,3,30.04.2021,8184,730,Tak,Tak,Nie,Nie,c,Rozszerzony,550
22,3,30.04.2021,6106,622,Tak,Tak,Nie,Nie,a,Podstawowy,1040
23,3,30.04.2021,8192,684,Tak,Tak,Nie,Nie,d,Podstawowy,4060
24,3,30.04.2021,14460,1203,Tak,Tak,Nie,Nie,a,Rozszerzony,4590
25,3,30.04.2021,16596,2058,Tak,Tak,Nie,Nie,c,Podstawowy,430
26,3,30.04.2021,9183,726,Tak,Tak,Nie,Tak,d,Podstawowy,2300
27,3,30.04.2021,14745,1479,Tak,Tak,Nie,Nie,a,Podstawowy,60
28,3,30.04.2021,7629,809,Tak,Tak,Nie,Nie,a,Podstawowy,1200
29,3,30.04.2021,10308,902,Tak,Tak,Nie,Nie,d,Rozszerzony,2170
30,3,30.04.2021,6943,973,Tak,Tak,Nie,Nie,a,Podstawowy,40
31,3,30.04.2021,8284,770,Tak,Tak,Nie,Tak,d,Rozszerzony,9800
32,3,30.04.2021,7214,755,Tak,Tak,Nie,Nie,a,Podstawowy,2910
33,3,30.04.2021,11835,1114,Tak,Tak,Nie,Nie,a,Rozszerzony,1320
34,3,30.04.2021,10565,1213,Tak,Tak,Nie,Nie,c,Podstawowy,2240
35,3,30.04.2021,14832,1052,Tak,Tak,Nie,Nie,d,Rozszerzony,7660
36,3,30.04.2021,10851,1242,Tak,Tak,Nie,Nie,a,Rozszerzony,540
37,3,30.04.2021,8314,859,Tak,Tak,Nie,Nie,c,Podstawowy,4230
38,3,30.04.2021,8636,766,Tak,Tak,Nie,Nie,d,Podstawowy,1090
39,3,30.04.2021,9614,1116,Tak,Tak,Nie,Nie,a,Podstawowy,260
40,3,30.04.2021,6705,827,Tak,Tak,Nie,Nie,a,Podstawowy,180
41,3,30.04.2021,7767,581,Tak,Tak,Nie,Nie,d,Rozszerzony,1180
42,3,30.04.2021,15681,1539,Tak,Tak,Nie,Nie,a,Rozszerzony,290
43,3,30.04.2021,9759,839,Tak,Tak,Nie,Nie,d,Podstawowy,4880
44,3,30.04.2021,8031,920,Tak,Tak,Nie,Nie,a,Podstawowy,540
45,3,30.04.2021,8859,624,Tak,Tak,Nie,Nie,d,Podstawowy,9710
46,3,30.04.2021,7177,875,Tak,Tak,Nie,Nie,c,Podstawowy,1200
47,3,30.04.2021,11135,1302,Tak,Tak,Nie,Tak,a,Rozszerzony,270
48,3,30.04.2021,4997,551,Tak,Tak,Nie,Tak,a,Podstawowy,1060
49,3,30.04.2021,8981,670,Tak,Tak,Nie,Nie,d,Rozszerzony,18010
50,3,30.04.2021,6209,492,Tak,Tak,Nie,Nie,d,Podstawowy,6260
1,2,29.04.2021,5923,628,Tak,Tak,Nie,Nie,c,Podstawowy,1270
2,2,29.04.2021,6667,707,Tak,Tak,Nie,Tak,a,Podstawowy,570
3,2,29.04.2021,8455,874,Tak,Tak,Nie,Nie,a,Podstawowy,14130
4,2,29.04.2021,9680,1257,Tak,Tak,Nie,Nie,c,Rozszerzony,620
5,2,29.04.2021,6274,640,Tak,Tak,Nie,Nie,a,Podstawowy,29910
6,2,29.04.2021,6236,668,Tak,Tak,Nie,Nie,a,Podstawowy,310
7,2,29.04.2021,11787,1188,Tak,Tak,Nie,Tak,a,Rozszerzony,24000
8,2,29.04.2021,6998,785,Tak,Tak,Nie,Tak,a,Podstawowy,7520
9,2,29.04.2021,7872,646,Tak,Tak,Nie,Nie,a,Rozszerzony,2030
10,2,29.04.2021,6685,691,Tak,Tak,Nie,Nie,a,Podstawowy,3160
11,2,29.04.2021,9988,1305,Tak,Tak,Nie,Tak,a,Rozszerzony,960
12,2,29.04.2021,9042,988,Tak,Tak,Nie,Tak,a,Rozszerzony,1070
13,2,29.04.2021,8360,556,Tak,Tak,Nie,Nie,d,Podstawowy,310
14,2,29.04.2021,6668,677,Tak,Tak,Nie,Nie,a,Podstawowy,1300
15,2,29.04.2021,8942,784,Tak,Tak,Nie,Tak,d,Rozszerzony,4110
16,2,29.04.2021,10175,1073,Tak,Tak,Nie,Nie,a,Rozszerzony,3270
17,2,29.04.2021,9318,1053,Tak,Tak,Nie,Tak,a,Podstawowy,50
18,2,29.04.2021,7519,754,Tak,Tak,Nie,Tak,d,Rozszerzony,13840
19,2,29.04.2021,9976,799,Tak,Tak,Nie,Nie,a,Rozszerzony,3240
20,2,29.04.2021,8837,970,Tak,Tak,Nie,Nie,d,Podstawowy,2340
21,2,29.04.2021,8315,646,Tak,Tak,Nie,Nie,c,Rozszerzony,550
22,2,29.04.2021,5267,550,Tak,Tak,Nie,Nie,a,Podstawowy,1040
23,2,29.04.2021,5993,504,Tak,Tak,Nie,Nie,d,Podstawowy,4060
24,2,29.04.2021,10681,809,Tak,Tak,Nie,Nie,a,Rozszerzony,4590
25,2,29.04.2021,12904,1787,Tak,Tak,Nie,Nie,c,Podstawowy,430
26,2,29.04.2021,8030,634,Tak,Tak,Nie,Tak,d,Podstawowy,2300
27,2,29.04.2021,12784,1261,Tak,Tak,Nie,Nie,a,Podstawowy,60
28,2,29.04.2021,7950,804,Tak,Tak,Nie,Nie,a,Podstawowy,1200
29,2,29.04.2021,9035,780,Tak,Tak,Nie,Nie,d,Rozszerzony,2170
30,2,29.04.2021,6780,918,Tak,Tak,Nie,Nie,a,Podstawowy,40
31,2,29.04.2021,7130,619,Tak,Tak,Nie,Tak,d,Rozszerzony,9800
32,2,29.04.2021,6340,654,Tak,Tak,Nie,Nie,a,Podstawowy,2910
33,2,29.04.2021,9855,925,Tak,Tak,Nie,Nie,a,Rozszerzony,1320
34,2,29.04.2021,9644,1107,Tak,Tak,Nie,Nie,c,Podstawowy,2240
35,2,29.04.2021,11836,825,Tak,Tak,Nie,Nie,d,Rozszerzony,7660
36,2,29.04.2021,9504,1100,Tak,Tak,Nie,Nie,a,Rozszerzony,540
37,2,29.04.2021,8120,748,Tak,Tak,Nie,Nie,c,Podstawowy,4230
38,2,29.04.2021,8291,681,Tak,Tak,Nie,Nie,d,Podstawowy,1090
39,2,29.04.2021,8034,847,Tak,Tak,Nie,Nie,a,Podstawowy,260
40,2,29.04.2021,6523,843,Tak,Tak,Nie,Nie,a,Podstawowy,180
41,2,29.04.2021,5929,415,Tak,Tak,Nie,Nie,d,Rozszerzony,1180
42,2,29.04.2021,11234,1152,Tak,Tak,Nie,Nie,a,Rozszerzony,290
43,2,29.04.2021,8819,725,Tak,Tak,Nie,Nie,d,Podstawowy,4880
44,2,29.04.2021,7060,777,Tak,Tak,Nie,Nie,a,Podstawowy,540
45,2,29.04.2021,5568,425,Tak,Tak,Nie,Nie,d,Podstawowy,9710
46,2,29.04.2021,6983,765,Tak,Tak,Nie,Nie,c,Podstawowy,1200
47,2,29.04.2021,8032,1026,Tak,Tak,Nie,Tak,a,Rozszerzony,270
48,2,29.04.2021,4648,524,Tak,Tak,Nie,Tak,a,Podstawowy,1060
49,2,29.04.2021,9450,625,Tak,Tak,Nie,Nie,d,Rozszerzony,18010
50,2,29.04.2021,5271,381,Tak,Tak,Nie,Nie,d,Podstawowy,6260
1,1,28.04.2021,5488,607,Tak,Tak,Nie,Nie,c,Podstawowy,1270
2,1,28.04.2021,6520,667,Tak,Tak,Nie,Tak,a,Podstawowy,570
3,1,28.04.2021,9500,934,Tak,Tak,Nie,Nie,a,Podstawowy,14130
4,1,28.04.2021,11863,1539,Tak,Tak,Nie,Nie,c,Rozszerzony,620
5,1,28.04.2021,7184,727,Tak,Tak,Nie,Nie,a,Podstawowy,29910
6,1,28.04.2021,7894,808,Tak,Tak,Nie,Nie,a,Podstawowy,310
7,1,28.04.2021,11295,1149,Tak,Tak,Nie,Tak,a,Rozszerzony,24000
8,1,28.04.2021,7840,793,Tak,Tak,Nie,Tak,a,Podstawowy,7520
9,1,28.04.2021,8390,687,Tak,Tak,Nie,Nie,a,Rozszerzony,2030
10,1,28.04.2021,7910,759,Tak,Tak,Nie,Nie,a,Podstawowy,3160
11,1,28.04.2021,9870,1281,Tak,Tak,Nie,Tak,a,Rozszerzony,960
12,1,28.04.2021,11263,1183,Tak,Tak,Nie,Tak,a,Rozszerzony,1070
13,1,28.04.2021,8413,555,Tak,Tak,Nie,Nie,d,Podstawowy,310
14,1,28.04.2021,7729,818,Tak,Tak,Nie,Nie,a,Podstawowy,1300
15,1,28.04.2021,8293,749,Tak,Tak,Nie,Tak,d,Rozszerzony,4110
16,1,28.04.2021,10078,1046,Tak,Tak,Nie,Nie,a,Rozszerzony,3270
17,1,28.04.2021,9407,1073,Tak,Tak,Nie,Tak,a,Podstawowy,50
18,1,28.04.2021,8168,810,Tak,Tak,Nie,Tak,d,Rozszerzony,13840
19,1,28.04.2021,10046,844,Tak,Tak,Nie,Nie,a,Rozszerzony,3240
20,1,28.04.2021,9825,1052,Tak,Tak,Nie,Nie,d,Podstawowy,2340
21,1,28.04.2021,8658,693,Tak,Tak,Nie,Nie,c,Rozszerzony,550
22,1,28.04.2021,5634,545,Tak,Tak,Nie,Nie,a,Podstawowy,1040
23,1,28.04.2021,7564,632,Tak,Tak,Nie,Nie,d,Podstawowy,4060
24,1,28.04.2021,12407,1007,Tak,Tak,Nie,Nie,a,Rozszerzony,4590
25,1,28.04.2021,13416,1846,Tak,Tak,Nie,Nie,c,Podstawowy,430
26,1,28.04.2021,10161,745,Tak,Tak,Nie,Tak,d,Podstawowy,2300
27,1,28.04.2021,13380,1361,Tak,Tak,Nie,Nie,a,Podstawowy,60
28,1,28.04.2021,9491,838,Tak,Tak,Nie,Nie,a,Podstawowy,1200
29,1,28.04.2021,12273,979,Tak,Tak,Nie,Nie,d,Rozszerzony,2170
30,1,28.04.2021,7126,937,Tak,Tak,Nie,Nie,a,Podstawowy,40
31,1,28.04.2021,6969,644,Tak,Tak,Nie,Tak,d,Rozszerzony,9800
32,1,28.04.2021,6219,657,Tak,Tak,Nie,Nie,a,Podstawowy,2910
33,1,28.04.2021,10926,1016,Tak,Tak,Nie,Nie,a,Rozszerzony,1320
34,1,28.04.2021,10546,1225,Tak,Tak,Nie,Nie,c,Podstawowy,2240
35,1,28.04.2021,14183,978,Tak,Tak,Nie,Nie,d,Rozszerzony,7660
36,1,28.04.2021,10207,1263,Tak,Tak,Nie,Nie,a,Rozszerzony,540
37,1,28.04.2021,9377,836,Tak,Tak,Nie,Nie,c,Podstawowy,4230
38,1,28.04.2021,10042,737,Tak,Tak,Nie,Nie,d,Podstawowy,1090
39,1,28.04.2021,8687,945,Tak,Tak,Nie,Nie,a,Podstawowy,260
40,1,28.04.2021,6737,792,Tak,Tak,Nie,Nie,a,Podstawowy,180
41,1,28.04.2021,6862,464,Tak,Tak,Nie,Nie,d,Rozszerzony,1180
42,1,28.04.2021,12428,1255,Tak,Tak,Nie,Nie,a,Rozszerzony,290
43,1,28.04.2021,11080,822,Tak,Tak,Nie,Nie,d,Podstawowy,4880
44,1,28.04.2021,9214,950,Tak,Tak,Nie,Nie,a,Podstawowy,540
45,1,28.04.2021,7216,492,Tak,Tak,Nie,Nie,d,Podstawowy,9710
46,1,28.04.2021,8824,881,Tak,Tak,Nie,Nie,c,Podstawowy,1200
47,1,28.04.2021,7996,1011,Tak,Tak,Nie,Tak,a,Rozszerzony,270
48,1,28.04.2021,5170,529,Tak,Tak,Nie,Tak,a,Podstawowy,1060
49,1,28.04.2021,8895,610,Tak,Tak,Nie,Nie,d,Rozszerzony,18010
50,1,28.04.2021,6392,467,Tak,Tak,Nie,Nie,d,Podstawowy,6260
1,7,27.04.2021,0,0,Nie,Nie,Nie,Nie,c,Podstawowy,1270
2,7,27.04.2021,0,0,Nie,Nie,Nie,Nie,a,Podstawowy,570
3,7,27.04.2021,0,0,Nie,Nie,Nie,Nie,a,Podstawowy,14130
4,7,27.04.2021,0,0,Nie,Nie,Nie,Nie,c,Rozszerzony,620
5,7,27.04.2021,0,0,Nie,Nie,Nie,Nie,a,Podstawowy,29910
6,7,27.04.2021,0,0,Nie,Nie,Nie,Nie,a,Podstawowy,310
7,7,27.04.2021,0,0,Nie,Nie,Nie,Nie,a,Rozszerzony,24000
8,7,27.04.2021,0,0,Nie,Nie,Nie,Nie,a,Podstawowy,7520
9,7,27.04.2021,0,0,Nie,Nie,Nie,Nie,a,Rozszerzony,2030
10,7,27.04.2021,0,0,Nie,Nie,Nie,Nie,a,Podstawowy,3160
11,7,27.04.2021,0,0,Nie,Nie,Nie,Nie,a,Rozszerzony,960
12,7,27.04.2021,0,0,Nie,Nie,Nie,Nie,a,Rozszerzony,1070
13,7,27.04.2021,0,0,Nie,Nie,Nie,Nie,d,Podstawowy,310
14,7,27.04.2021,0,0,Nie,Nie,Nie,Nie,a,Podstawowy,1300
15,7,27.04.2021,0,0,Nie,Nie,Nie,Nie,d,Rozszerzony,4110
16,7,27.04.2021,0,0,Nie,Nie,Nie,Nie,a,Rozszerzony,3270
17,7,27.04.2021,0,0,Nie,Nie,Nie,Nie,a,Podstawowy,50
18,7,27.04.2021,0,0,Nie,Nie,Nie,Nie,d,Rozszerzony,13840
19,7,27.04.2021,0,0,Nie,Nie,Nie,Nie,a,Rozszerzony,3240
20,7,27.04.2021,0,0,Nie,Nie,Nie,Nie,d,Podstawowy,2340
21,7,27.04.2021,0,0,Nie,Nie,Nie,Nie,c,Rozszerzony,550
22,7,27.04.2021,0,0,Nie,Nie,Nie,Nie,a,Podstawowy,1040
23,7,27.04.2021,0,0,Nie,Nie,Nie,Nie,d,Podstawowy,4060
24,7,27.04.2021,0,0,Nie,Nie,Nie,Nie,a,Rozszerzony,4590
25,7,27.04.2021,0,0,Nie,Nie,Nie,Nie,c,Podstawowy,430
26,7,27.04.2021,0,0,Nie,Nie,Nie,Nie,d,Podstawowy,2300
27,7,27.04.2021,0,0,Nie,Nie,Nie,Nie,a,Podstawowy,60
28,7,27.04.2021,0,0,Nie,Nie,Nie,Nie,a,Podstawowy,1200
29,7,27.04.2021,0,0,Nie,Nie,Nie,Nie,d,Rozszerzony,2170
30,7,27.04.2021,0,0,Nie,Nie,Nie,Nie,a,Podstawowy,40
31,7,27.04.2021,0,0,Nie,Nie,Nie,Nie,d,Rozszerzony,9800
32,7,27.04.2021,0,0,Nie,Nie,Nie,Nie,a,Podstawowy,2910
33,7,27.04.2021,0,0,Nie,Nie,Nie,Nie,a,Rozszerzony,1320
34,7,27.04.2021,0,0,Nie,Nie,Nie,Nie,c,Podstawowy,2240
35,7,27.04.2021,0,0,Nie,Nie,Nie,Nie,d,Rozszerzony,7660
36,7,27.04.2021,0,0,Nie,Nie,Nie,Nie,a,Rozszerzony,540
37,7,27.04.2021,0,0,Nie,Nie,Nie,Nie,c,Podstawowy,4230
38,7,27.04.2021,0,0,Nie,Nie,Nie,Nie,d,Podstawowy,1090
39,7,27.04.2021,0,0,Nie,Nie,Nie,Nie,a,Podstawowy,260
40,7,27.04.2021,0,0,Nie,Nie,Nie,Nie,a,Podstawowy,180
41,7,27.04.2021,0,0,Nie,Nie,Nie,Nie,d,Rozszerzony,1180
42,7,27.04.2021,0,0,Nie,Nie,Nie,Nie,a,Rozszerzony,290
43,7,27.04.2021,0,0,Nie,Nie,Nie,Nie,d,Podstawowy,4880
44,7,27.04.2021,0,0,Nie,Nie,Nie,Nie,a,Podstawowy,540
45,7,27.04.2021,0,0,Nie,Nie,Nie,Nie,d,Podstawowy,9710
46,7,27.04.2021,0,0,Nie,Nie,Nie,Nie,c,Podstawowy,1200
47,7,27.04.2021,0,0,Nie,Nie,Nie,Nie,a,Rozszerzony,270
48,7,27.04.2021,0,0,Nie,Nie,Nie,Nie,a,Podstawowy,1060
49,7,27.04.2021,0,0,Nie,Nie,Nie,Nie,d,Rozszerzony,18010
50,7,27.04.2021,0,0,Nie,Nie,Nie,Nie,d,Podstawowy,6260
1,6,26.04.2021,3989,535,Tak,Nie,Nie,Nie,c,Podstawowy,1270
2,6,26.04.2021,2701,335,Tak,Nie,Nie,Nie,a,Podstawowy,570
3,6,26.04.2021,3906,443,Tak,Nie,Nie,Nie,a,Podstawowy,14130
4,6,26.04.2021,8650,1265,Tak,Nie,Nie,Nie,c,Rozszerzony,620
5,6,26.04.2021,1802,221,Tak,Nie,Nie,Nie,a,Podstawowy,29910
6,6,26.04.2021,3063,357,Tak,Nie,Nie,Nie,a,Podstawowy,310
7,6,26.04.2021,5553,605,Tak,Nie,Nie,Nie,a,Rozszerzony,24000
8,6,26.04.2021,2298,329,Tak,Nie,Nie,Nie,a,Podstawowy,7520
9,6,26.04.2021,5970,545,Tak,Nie,Nie,Nie,a,Rozszerzony,2030
10,6,26.04.2021,4804,513,Tak,Nie,Nie,Nie,a,Podstawowy,3160
11,6,26.04.2021,5029,792,Tak,Nie,Nie,Nie,a,Rozszerzony,960
12,6,26.04.2021,5202,722,Tak,Nie,Nie,Nie,a,Rozszerzony,1070
13,6,26.04.2021,4600,340,Tak,Nie,Nie,Nie,d,Podstawowy,310
14,6,26.04.2021,3143,406,Tak,Nie,Nie,Nie,a,Podstawowy,1300
15,6,26.04.2021,4495,530,Tak,Nie,Nie,Nie,d,Rozszerzony,4110
16,6,26.04.2021,4957,496,Tak,Nie,Nie,Nie,a,Rozszerzony,3270
17,6,26.04.2021,2350,362,Tak,Nie,Nie,Nie,a,Podstawowy,50
18,6,26.04.2021,3606,445,Tak,Nie,Nie,Nie,d,Rozszerzony,13840
19,6,26.04.2021,3479,375,Tak,Nie,Nie,Nie,a,Rozszerzony,3240
20,6,26.04.2021,5614,546,Tak,Nie,Nie,Nie,d,Podstawowy,2340
21,6,26.04.2021,5012,504,Tak,Nie,Nie,Nie,c,Rozszerzony,550
22,6,26.04.2021,2720,346,Tak,Nie,Nie,Nie,a,Podstawowy,1040
23,6,26.04.2021,4710,483,Tak,Nie,Nie,Nie,d,Podstawowy,4060
24,6,26.04.2021,6844,619,Tak,Nie,Nie,Nie,a,Rozszerzony,4590
25,6,26.04.2021,7952,1203,Tak,Nie,Nie,Nie,c,Podstawowy,430
26,6,26.04.2021,4713,445,Tak,Nie,Nie,Nie,d,Podstawowy,2300
27,6,26.04.2021,5948,803,Tak,Nie,Nie,Nie,a,Podstawowy,60
28,6,26.04.2021,2367,279,Tak,Nie,Nie,Nie,a,Podstawowy,1200
29,6,26.04.2021,6014,582,Tak,Nie,Nie,Nie,d,Rozszerzony,2170
30,6,26.04.2021,3917,710,Tak,Nie,Nie,Nie,a,Podstawowy,40
31,6,26.04.2021,4656,516,Tak,Nie,Nie,Nie,d,Rozszerzony,9800
32,6,26.04.2021,2408,285,Tak,Nie,Nie,Nie,a,Podstawowy,2910
33,6,26.04.2021,7961,826,Tak,Nie,Nie,Nie,a,Rozszerzony,1320
34,6,26.04.2021,7142,921,Tak,Nie,Nie,Nie,c,Podstawowy,2240
35,6,26.04.2021,6495,606,Tak,Nie,Nie,Nie,d,Rozszerzony,7660
36,6,26.04.2021,8576,1005,Tak,Nie,Nie,Nie,a,Rozszerzony,540
37,6,26.04.2021,5720,732,Tak,Nie,Nie,Nie,c,Podstawowy,4230
38,6,26.04.2021,6425,602,Tak,Nie,Nie,Nie,d,Podstawowy,1090
39,6,26.04.2021,2852,416,Tak,Nie,Nie,Nie,a,Podstawowy,260
40,6,26.04.2021,5103,690,Tak,Nie,Nie,Nie,a,Podstawowy,180
41,6,26.04.2021,5267,411,Tak,Nie,Nie,Nie,d,Rozszerzony,1180
42,6,26.04.2021,7593,895,Tak,Nie,Nie,Nie,a,Rozszerzony,290
43,6,26.04.2021,5264,482,Tak,Nie,Nie,Nie,d,Podstawowy,4880
44,6,26.04.2021,3858,466,Tak,Nie,Nie,Nie,a,Podstawowy,540
45,6,26.04.2021,5000,445,Tak,Nie,Nie,Nie,d,Podstawowy,9710
46,6,26.04.2021,4591,630,Tak,Nie,Nie,Nie,c,Podstawowy,1200
47,6,26.04.2021,5040,666,Tak,Nie,Nie,Nie,a,Rozszerzony,270
48,6,26.04.2021,3041,333,Tak,Nie,Nie,Nie,a,Podstawowy,1060
49,6,26.04.2021,6301,521,Tak,Nie,Nie,Nie,d,Rozszerzony,18010
50,6,26.04.2021,4383,390,Tak,Nie,Nie,Nie,d,Podstawowy,6260
1,5,25.04.2021,3710,468,Tak,Nie,Nie,Tak,c,Podstawowy,1270
2,5,25.04.2021,3795,489,Tak,Nie,Nie,Tak,a,Podstawowy,570
3,5,25.04.2021,5241,673,Tak,Nie,Nie,Tak,a,Podstawowy,14130
4,5,25.04.2021,7041,1002,Tak,Nie,Nie,Tak,c,Rozszerzony,620
5,5,25.04.2021,3659,491,Tak,Nie,Nie,Tak,a,Podstawowy,29910
6,5,25.04.2021,4341,579,Tak,Nie,Nie,Tak,a,Podstawowy,310
7,5,25.04.2021,7418,878,Tak,Nie,Nie,Tak,a,Rozszerzony,24000
8,5,25.04.2021,3364,476,Tak,Nie,Nie,Tak,a,Podstawowy,7520
9,5,25.04.2021,4599,486,Tak,Nie,Nie,Tak,a,Rozszerzony,2030
10,5,25.04.2021,4936,577,Tak,Nie,Nie,Nie,a,Podstawowy,3160
11,5,25.04.2021,5540,938,Tak,Nie,Nie,Tak,a,Rozszerzony,960
12,5,25.04.2021,5587,776,Tak,Nie,Nie,Tak,a,Rozszerzony,1070
13,5,25.04.2021,3940,326,Tak,Nie,Nie,Tak,d,Podstawowy,310
14,5,25.04.2021,5309,642,Tak,Nie,Nie,Tak,a,Podstawowy,1300
15,5,25.04.2021,5296,576,Tak,Nie,Nie,Tak,d,Rozszerzony,4110
16,5,25.04.2021,6548,754,Tak,Nie,Nie,Tak,a,Rozszerzony,3270
17,5,25.04.2021,4761,694,Tak,Nie,Nie,Tak,a,Podstawowy,50
18,5,25.04.2021,5926,734,Tak,Nie,Nie,Tak,d,Rozszerzony,13840
19,5,25.04.2021,5139,528,Tak,Nie,Nie,Tak,a,Rozszerzony,3240
20,5,25.04.2021,6290,755,Tak,Nie,Nie,Tak,d,Podstawowy,2340
21,5,25.04.2021,3622,418,Tak,Nie,Nie,Tak,c,Rozszerzony,550
22,5,25.04.2021,4020,516,Tak,Nie,Nie,Tak,a,Podstawowy,1040
23,5,25.04.2021,4450,433,Tak,Nie,Nie,Tak,d,Podstawowy,4060
24,5,25.04.2021,7306,713,Tak,Nie,Nie,Tak,a,Rozszerzony,4590
25,5,25.04.2021,7619,1234,Tak,Nie,Nie,Tak,c,Podstawowy,430
26,5,25.04.2021,6263,519,Tak,Nie,Nie,Tak,d,Podstawowy,2300
27,5,25.04.2021,6734,890,Tak,Nie,Nie,Tak,a,Podstawowy,60
28,5,25.04.2021,4402,548,Tak,Nie,Nie,Nie,a,Podstawowy,1200
29,5,25.04.2021,4971,536,Tak,Nie,Nie,Tak,d,Rozszerzony,2170
30,5,25.04.2021,3204,573,Tak,Nie,Nie,Tak,a,Podstawowy,40
31,5,25.04.2021,4924,526,Tak,Nie,Nie,Tak,d,Rozszerzony,9800
32,5,25.04.2021,3720,484,Tak,Nie,Nie,Tak,a,Podstawowy,2910
33,5,25.04.2021,6032,712,Tak,Nie,Nie,Tak,a,Rozszerzony,1320
34,5,25.04.2021,6799,914,Tak,Nie,Nie,Tak,c,Podstawowy,2240
35,5,25.04.2021,7223,609,Tak,Nie,Nie,Tak,d,Rozszerzony,7660
36,5,25.04.2021,7164,896,Tak,Nie,Nie,Tak,a,Rozszerzony,540
37,5,25.04.2021,4978,600,Tak,Nie,Nie,Nie,c,Podstawowy,4230
38,5,25.04.2021,4064,411,Tak,Nie,Nie,Tak,d,Podstawowy,1090
39,5,25.04.2021,3856,512,Tak,Nie,Nie,Tak,a,Podstawowy,260
40,5,25.04.2021,4063,586,Tak,Nie,Nie,Tak,a,Podstawowy,180
41,5,25.04.2021,4637,336,Tak,Nie,Nie,Tak,d,Rozszerzony,1180
42,5,25.04.2021,8108,913,Tak,Nie,Nie,Tak,a,Rozszerzony,290
43,5,25.04.2021,5355,573,Tak,Nie,Nie,Tak,d,Podstawowy,4880
44,5,25.04.2021,4568,580,Tak,Nie,Nie,Tak,a,Podstawowy,540
45,5,25.04.2021,3701,340,Tak,Nie,Nie,Tak,d,Podstawowy,9710
46,5,25.04.2021,4218,568,Tak,Nie,Nie,Tak,c,Podstawowy,1200
47,5,25.04.2021,5241,768,Tak,Nie,Nie,Nie,a,Rozszerzony,270
48,5,25.04.2021,4092,470,Tak,Nie,Nie,Nie,a,Podstawowy,1060
49,5,25.04.2021,6309,485,Tak,Nie,Nie,Tak,d,Rozszerzony,18010
50,5,25.04.2021,3362,317,Tak,Nie,Nie,Tak,d,Podstawowy,6260
1,4,24.04.2021,3376,461,Tak,Nie,Nie,Tak,c,Podstawowy,1270
2,4,24.04.2021,3675,515,Tak,Nie,Nie,Tak,a,Podstawowy,570
3,4,24.04.2021,5389,684,Tak,Nie,Nie,Tak,a,Podstawowy,14130
4,4,24.04.2021,7294,1112,Tak,Nie,Nie,Tak,c,Rozszerzony,620
5,4,24.04.2021,3661,475,Tak,Nie,Nie,Tak,a,Podstawowy,29910
6,4,24.04.2021,4718,568,Tak,Nie,Nie,Tak,a,Podstawowy,310
7,4,24.04.2021,7252,887,Tak,Nie,Nie,Tak,a,Rozszerzony,24000
8,4,24.04.2021,4888,704,Tak,Nie,Nie,Tak,a,Podstawowy,7520
9,4,24.04.2021,4646,453,Tak,Nie,Nie,Tak,a,Rozszerzony,2030
10,4,24.04.2021,4533,576,Tak,Nie,Nie,Nie,a,Podstawowy,3160
11,4,24.04.2021,6475,989,Tak,Nie,Nie,Tak,a,Rozszerzony,960
12,4,24.04.2021,5437,753,Tak,Nie,Nie,Tak,a,Rozszerzony,1070
13,4,24.04.2021,3914,320,Tak,Nie,Nie,Tak,d,Podstawowy,310
14,4,24.04.2021,4770,575,Tak,Nie,Nie,Tak,a,Podstawowy,1300
15,4,24.04.2021,5060,558,Tak,Nie,Nie,Tak,d,Rozszerzony,4110
16,4,24.04.2021,5849,759,Tak,Nie,Nie,Tak,a,Rozszerzony,3270
17,4,24.04.2021,4926,725,Tak,Nie,Nie,Tak,a,Podstawowy,50
18,4,24.04.2021,5753,627,Tak,Nie,Nie,Tak,d,Rozszerzony,13840
19,4,24.04.2021,4808,539,Tak,Nie,Nie,Tak,a,Rozszerzony,3240
20,4,24.04.2021,7715,1006,Tak,Nie,Nie,Tak,d,Podstawowy,2340
21,4,24.04.2021,3357,362,Tak,Nie,Nie,Tak,c,Rozszerzony,550
22,4,24.04.2021,3221,437,Tak,Nie,Nie,Tak,a,Podstawowy,1040
23,4,24.04.2021,4608,458,Tak,Nie,Nie,Tak,d,Podstawowy,4060
24,4,24.04.2021,6143,612,Tak,Nie,Nie,Tak,a,Rozszerzony,4590
25,4,24.04.2021,8479,1366,Tak,Nie,Nie,Tak,c,Podstawowy,430
26,4,24.04.2021,5662,496,Tak,Nie,Nie,Tak,d,Podstawowy,2300
27,4,24.04.2021,6926,958,Tak,Nie,Nie,Tak,a,Podstawowy,60
28,4,24.04.2021,4766,592,Tak,Nie,Nie,Nie,a,Podstawowy,1200
29,4,24.04.2021,5106,530,Tak,Nie,Nie,Tak,d,Rozszerzony,2170
30,4,24.04.2021,3651,662,Tak,Nie,Nie,Tak,a,Podstawowy,40
31,4,24.04.2021,4482,496,Tak,Nie,Nie,Tak,d,Rozszerzony,9800
32,4,24.04.2021,3324,481,Tak,Nie,Nie,Tak,a,Podstawowy,2910
33,4,24.04.2021,6484,661,Tak,Nie,Nie,Tak,a,Rozszerzony,1320
34,4,24.04.2021,5997,839,Tak,Nie,Nie,Tak,c,Podstawowy,2240
35,4,24.04.2021,5596,533,Tak,Nie,Nie,Tak,d,Rozszerzony,7660
36,4,24.04.2021,6689,865,Tak,Nie,Nie,Tak,a,Rozszerzony,540
37,4,24.04.2021,5272,646,Tak,Nie,Nie,Nie,c,Podstawowy,4230
38,4,24.04.2021,4586,421,Tak,Nie,Nie,Tak,d,Podstawowy,1090
39,4,24.04.2021,3645,509,Tak,Nie,Nie,Tak,a,Podstawowy,260
40,4,24.04.2021,4591,665,Tak,Nie,Nie,Tak,a,Podstawowy,180
41,4,24.04.2021,4709,403,Tak,Nie,Nie,Tak,d,Rozszerzony,1180
42,4,24.04.2021,7983,884,Tak,Nie,Nie,Tak,a,Rozszerzony,290
43,4,24.04.2021,4962,531,Tak,Nie,Nie,Tak,d,Podstawowy,4880
44,4,24.04.2021,4348,577,Tak,Nie,Nie,Tak,a,Podstawowy,540
45,4,24.04.2021,3646,340,Tak,Nie,Nie,Tak,d,Podstawowy,9710
46,4,24.04.2021,3613,484,Tak,Nie,Nie,Tak,c,Podstawowy,1200
47,4,24.04.2021,6179,866,Tak,Nie,Nie,Nie,a,Rozszerzony,270
48,4,24.04.2021,4314,480,Tak,Nie,Nie,Nie,a,Podstawowy,1060
49,4,24.04.2021,5177,383,Tak,Nie,Nie,Tak,d,Rozszerzony,18010
50,4,24.04.2021,2755,254,Tak,Nie,Nie,Tak,d,Podstawowy,6260
1,3,23.04.2021,3482,434,Tak,Nie,Nie,Tak,c,Podstawowy,1270
2,3,23.04.2021,4757,655,Tak,Nie,Nie,Tak,a,Podstawowy,570
3,3,23.04.2021,5561,684,Tak,Nie,Nie,Tak,a,Podstawowy,14130
4,3,23.04.2021,7352,1109,Tak,Nie,Nie,Tak,c,Rozszerzony,620
5,3,23.04.2021,3875,562,Tak,Nie,Nie,Tak,a,Podstawowy,29910
6,3,23.04.2021,4270,565,Tak,Nie,Nie,Tak,a,Podstawowy,310
7,3,23.04.2021,6942,832,Tak,Nie,Nie,Tak,a,Rozszerzony,24000
8,3,23.04.2021,4229,598,Tak,Nie,Nie,Tak,a,Podstawowy,7520
9,3,23.04.2021,4613,454,Tak,Nie,Nie,Tak,a,Rozszerzony,2030
10,3,23.04.2021,4712,544,Tak,Nie,Nie,Nie,a,Podstawowy,3160
11,3,23.04.2021,6845,1125,Tak,Nie,Nie,Tak,a,Rozszerzony,960
12,3,23.04.2021,5969,858,Tak,Nie,Nie,Tak,a,Rozszerzony,1070
13,3,23.04.2021,3139,262,Tak,Nie,Nie,Tak,d,Podstawowy,310
14,3,23.04.2021,4716,580,Tak,Nie,Nie,Tak,a,Podstawowy,1300
15,3,23.04.2021,5158,550,Tak,Nie,Nie,Tak,d,Rozszerzony,4110
16,3,23.04.2021,6945,837,Tak,Nie,Nie,Tak,a,Rozszerzony,3270
17,3,23.04.2021,4923,728,Tak,Nie,Nie,Tak,a,Podstawowy,50
18,3,23.04.2021,5498,670,Tak,Nie,Nie,Tak,d,Rozszerzony,13840
19,3,23.04.2021,4926,529,Tak,Nie,Nie,Tak,a,Rozszerzony,3240
20,3,23.04.2021,7769,901,Tak,Nie,Nie,Tak,d,Podstawowy,2340
21,3,23.04.2021,3557,394,Tak,Nie,Nie,Tak,c,Rozszerzony,550
22,3,23.04.2021,3227,415,Tak,Nie,Nie,Tak,a,Podstawowy,1040
23,3,23.04.2021,3912,361,Tak,Nie,Nie,Tak,d,Podstawowy,4060
24,3,23.04.2021,6842,700,Tak,Nie,Nie,Tak,a,Rozszerzony,4590
25,3,23.04.2021,8333,1258,Tak,Nie,Nie,Tak,c,Podstawowy,430
26,3,23.04.2021,4876,440,Tak,Nie,Nie,Tak,d,Podstawowy,2300
27,3,23.04.2021,7100,993,Tak,Nie,Nie,Tak,a,Podstawowy,60
28,3,23.04.2021,4177,530,Tak,Nie,Nie,Nie,a,Podstawowy,1200
29,3,23.04.2021,5359,540,Tak,Nie,Nie,Tak,d,Rozszerzony,2170
30,3,23.04.2021,3350,573,Tak,Nie,Nie,Tak,a,Podstawowy,40
31,3,23.04.2021,4246,500,Tak,Nie,Nie,Tak,d,Rozszerzony,9800
32,3,23.04.2021,3430,475,Tak,Nie,Nie,Tak,a,Podstawowy,2910
33,3,23.04.2021,6124,632,Tak,Nie,Nie,Tak,a,Rozszerzony,1320
34,3,23.04.2021,7127,1010,Tak,Nie,Nie,Tak,c,Podstawowy,2240
35,3,23.04.2021,5725,530,Tak,Nie,Nie,Tak,d,Rozszerzony,7660
36,3,23.04.2021,7098,887,Tak,Nie,Nie,Tak,a,Rozszerzony,540
37,3,23.04.2021,4204,529,Tak,Nie,Nie,Nie,c,Podstawowy,4230
38,3,23.04.2021,4396,449,Tak,Nie,Nie,Tak,d,Podstawowy,1090
39,3,23.04.2021,4227,615,Tak,Nie,Nie,Tak,a,Podstawowy,260
40,3,23.04.2021,3857,601,Tak,Nie,Nie,Tak,a,Podstawowy,180
41,3,23.04.2021,4851,371,Tak,Nie,Nie,Tak,d,Rozszerzony,1180
42,3,23.04.2021,8271,1020,Tak,Nie,Nie,Tak,a,Rozszerzony,290
43,3,23.04.2021,5257,536,Tak,Nie,Nie,Tak,d,Podstawowy,4880
44,3,23.04.2021,4578,630,Tak,Nie,Nie,Tak,a,Podstawowy,540
45,3,23.04.2021,3762,315,Tak,Nie,Nie,Tak,d,Podstawowy,9710
46,3,23.04.2021,3529,491,Tak,Nie,Nie,Tak,c,Podstawowy,1200
47,3,23.04.2021,6241,882,Tak,Nie,Nie,Nie,a,Rozszerzony,270
48,3,23.04.2021,4376,445,Tak,Nie,Nie,Nie,a,Podstawowy,1060
49,3,23.04.2021,5688,412,Tak,Nie,Nie,Tak,d,Rozszerzony,18010
50,3,23.04.2021,2610,256,Tak,Nie,Nie,Tak,d,Podstawowy,6260
1,2,22.04.2021,4133,563,Tak,Nie,Nie,Tak,c,Podstawowy,1270
2,2,22.04.2021,4419,573,Tak,Nie,Nie,Tak,a,Podstawowy,570
3,2,22.04.2021,6172,782,Tak,Nie,Nie,Tak,a,Podstawowy,14130
4,2,22.04.2021,9723,1353,Tak,Nie,Nie,Tak,c,Rozszerzony,620
5,2,22.04.2021,3615,507,Tak,Nie,Nie,Tak,a,Podstawowy,29910
6,2,22.04.2021,5001,655,Tak,Nie,Nie,Tak,a,Podstawowy,310
7,2,22.04.2021,9538,1115,Tak,Nie,Nie,Tak,a,Rozszerzony,24000
8,2,22.04.2021,4863,669,Tak,Nie,Nie,Tak,a,Podstawowy,7520
9,2,22.04.2021,5451,549,Tak,Nie,Nie,Tak,a,Rozszerzony,2030
10,2,22.04.2021,5969,657,Tak,Nie,Nie,Tak,a,Podstawowy,3160
11,2,22.04.2021,7618,1182,Tak,Nie,Nie,Tak,a,Rozszerzony,960
12,2,22.04.2021,5953,826,Tak,Nie,Nie,Tak,a,Rozszerzony,1070
13,2,22.04.2021,3811,356,Tak,Nie,Nie,Tak,d,Podstawowy,310
14,2,22.04.2021,5479,699,Tak,Nie,Nie,Tak,a,Podstawowy,1300
15,2,22.04.2021,5015,630,Tak,Nie,Nie,Tak,d,Rozszerzony,4110
16,2,22.04.2021,8344,979,Tak,Nie,Nie,Tak,a,Rozszerzony,3270
17,2,22.04.2021,5845,865,Tak,Nie,Nie,Tak,a,Podstawowy,50
18,2,22.04.2021,5193,656,Tak,Nie,Nie,Tak,d,Rozszerzony,13840
19,2,22.04.2021,5943,659,Tak,Nie,Nie,Tak,a,Rozszerzony,3240
20,2,22.04.2021,8565,984,Tak,Nie,Nie,Tak,d,Podstawowy,2340
21,2,22.04.2021,4487,442,Tak,Nie,Nie,Tak,c,Rozszerzony,550
22,2,22.04.2021,4088,513,Tak,Nie,Nie,Tak,a,Podstawowy,1040
23,2,22.04.2021,5079,456,Tak,Nie,Nie,Tak,d,Podstawowy,4060
24,2,22.04.2021,7764,773,Tak,Nie,Nie,Tak,a,Rozszerzony,4590
25,2,22.04.2021,10422,1608,Tak,Nie,Nie,Tak,c,Podstawowy,430
26,2,22.04.2021,4279,443,Tak,Nie,Nie,Tak,d,Podstawowy,2300
27,2,22.04.2021,7376,1052,Tak,Nie,Nie,Tak,a,Podstawowy,60
28,2,22.04.2021,4680,620,Tak,Nie,Nie,Nie,a,Podstawowy,1200
29,2,22.04.2021,5919,598,Tak,Nie,Nie,Tak,d,Rozszerzony,2170
30,2,22.04.2021,3933,662,Tak,Nie,Nie,Tak,a,Podstawowy,40
31,2,22.04.2021,4859,527,Tak,Nie,Nie,Tak,d,Rozszerzony,9800
32,2,22.04.2021,3854,482,Tak,Nie,Nie,Tak,a,Podstawowy,2910
33,2,22.04.2021,7878,903,Tak,Nie,Nie,Tak,a,Rozszerzony,1320
34,2,22.04.2021,6985,954,Tak,Nie,Nie,Tak,c,Podstawowy,2240
35,2,22.04.2021,8354,690,Tak,Nie,Nie,Tak,d,Rozszerzony,7660
36,2,22.04.2021,9890,1135,Tak,Nie,Nie,Tak,a,Rozszerzony,540
37,2,22.04.2021,4888,576,Tak,Nie,Nie,Nie,c,Podstawowy,4230
38,2,22.04.2021,4789,478,Tak,Nie,Nie,Tak,d,Podstawowy,1090
39,2,22.04.2021,4374,566,Tak,Nie,Nie,Tak,a,Podstawowy,260
40,2,22.04.2021,4459,633,Tak,Nie,Nie,Tak,a,Podstawowy,180
41,2,22.04.2021,5645,454,Tak,Nie,Nie,Tak,d,Rozszerzony,1180
42,2,22.04.2021,9388,1113,Tak,Nie,Nie,Tak,a,Rozszerzony,290
43,2,22.04.2021,6527,628,Tak,Nie,Nie,Tak,d,Podstawowy,4880
44,2,22.04.2021,5147,710,Tak,Nie,Nie,Tak,a,Podstawowy,540
45,2,22.04.2021,4080,351,Tak,Nie,Nie,Tak,d,Podstawowy,9710
46,2,22.04.2021,4089,589,Tak,Nie,Nie,Tak,c,Podstawowy,1200
47,2,22.04.2021,6177,930,Tak,Nie,Nie,Nie,a,Rozszerzony,270
48,2,22.04.2021,3864,445,Tak,Nie,Nie,Nie,a,Podstawowy,1060
49,2,22.04.2021,5961,493,Tak,Nie,Nie,Tak,d,Rozszerzony,18010
50,2,22.04.2021,3361,333,Tak,Nie,Nie,Tak,d,Podstawowy,6260
1,1,21.04.2021,0,0,Nie,Nie,Wielkanoc,Tak,c,Podstawowy,1270
2,1,21.04.2021,0,0,Nie,Nie,Wielkanoc,Tak,a,Podstawowy,570
3,1,21.04.2021,0,0,Nie,Nie,Wielkanoc,Tak,a,Podstawowy,14130
4,1,21.04.2021,0,0,Nie,Nie,Wielkanoc,Tak,c,Rozszerzony,620
5,1,21.04.2021,0,0,Nie,Nie,Wielkanoc,Tak,a,Podstawowy,29910
6,1,21.04.2021,0,0,Nie,Nie,Wielkanoc,Tak,a,Podstawowy,310
7,1,21.04.2021,0,0,Nie,Nie,Wielkanoc,Tak,a,Rozszerzony,24000
8,1,21.04.2021,0,0,Nie,Nie,Wielkanoc,Tak,a,Podstawowy,7520
9,1,21.04.2021,0,0,Nie,Nie,Wielkanoc,Tak,a,Rozszerzony,2030
10,1,21.04.2021,0,0,Nie,Nie,Wielkanoc,Tak,a,Podstawowy,3160
11,1,21.04.2021,0,0,Nie,Nie,Wielkanoc,Tak,a,Rozszerzony,960
12,1,21.04.2021,0,0,Nie,Nie,Wielkanoc,Tak,a,Rozszerzony,1070
13,1,21.04.2021,0,0,Nie,Nie,Wielkanoc,Tak,d,Podstawowy,310
14,1,21.04.2021,0,0,Nie,Nie,Wielkanoc,Tak,a,Podstawowy,1300
15,1,21.04.2021,0,0,Nie,Nie,Wielkanoc,Tak,d,Rozszerzony,4110
16,1,21.04.2021,0,0,Nie,Nie,Wielkanoc,Tak,a,Rozszerzony,3270
17,1,21.04.2021,0,0,Nie,Nie,Wielkanoc,Tak,a,Podstawowy,50
18,1,21.04.2021,0,0,Nie,Nie,Wielkanoc,Tak,d,Rozszerzony,13840
19,1,21.04.2021,0,0,Nie,Nie,Wielkanoc,Tak,a,Rozszerzony,3240
20,1,21.04.2021,0,0,Nie,Nie,Wielkanoc,Tak,d,Podstawowy,2340
21,1,21.04.2021,0,0,Nie,Nie,Wielkanoc,Tak,c,Rozszerzony,550
22,1,21.04.2021,0,0,Nie,Nie,Wielkanoc,Tak,a,Podstawowy,1040
23,1,21.04.2021,0,0,Nie,Nie,Wielkanoc,Tak,d,Podstawowy,4060
24,1,21.04.2021,0,0,Nie,Nie,Wielkanoc,Tak,a,Rozszerzony,4590
25,1,21.04.2021,0,0,Nie,Nie,Wielkanoc,Tak,c,Podstawowy,430
26,1,21.04.2021,0,0,Nie,Nie,Wielkanoc,Tak,d,Podstawowy,2300
27,1,21.04.2021,0,0,Nie,Nie,Wielkanoc,Tak,a,Podstawowy,60
28,1,21.04.2021,0,0,Nie,Nie,Wielkanoc,Nie,a,Podstawowy,1200
29,1,21.04.2021,0,0,Nie,Nie,Wielkanoc,Tak,d,Rozszerzony,2170
30,1,21.04.2021,0,0,Nie,Nie,Wielkanoc,Tak,a,Podstawowy,40
31,1,21.04.2021,0,0,Nie,Nie,Wielkanoc,Tak,d,Rozszerzony,9800
32,1,21.04.2021,0,0,Nie,Nie,Wielkanoc,Tak,a,Podstawowy,2910
33,1,21.04.2021,0,0,Nie,Nie,Wielkanoc,Tak,a,Rozszerzony,1320
34,1,21.04.2021,0,0,Nie,Nie,Wielkanoc,Tak,c,Podstawowy,2240
35,1,21.04.2021,0,0,Nie,Nie,Wielkanoc,Tak,d,Rozszerzony,7660
36,1,21.04.2021,0,0,Nie,Nie,Wielkanoc,Tak,a,Rozszerzony,540
37,1,21.04.2021,0,0,Nie,Nie,Wielkanoc,Nie,c,Podstawowy,4230
38,1,21.04.2021,0,0,Nie,Nie,Wielkanoc,Tak,d,Podstawowy,1090
39,1,21.04.2021,0,0,Nie,Nie,Wielkanoc,Tak,a,Podstawowy,260
40,1,21.04.2021,0,0,Nie,Nie,Wielkanoc,Tak,a,Podstawowy,180
41,1,21.04.2021,0,0,Nie,Nie,Wielkanoc,Tak,d,Rozszerzony,1180
42,1,21.04.2021,0,0,Nie,Nie,Wielkanoc,Tak,a,Rozszerzony,290
43,1,21.04.2021,0,0,Nie,Nie,Wielkanoc,Tak,d,Podstawowy,4880
44,1,21.04.2021,0,0,Nie,Nie,Wielkanoc,Tak,a,Podstawowy,540
45,1,21.04.2021,0,0,Nie,Nie,Wielkanoc,Tak,d,Podstawowy,9710
46,1,21.04.2021,0,0,Nie,Nie,Wielkanoc,Tak,c,Podstawowy,1200
47,1,21.04.2021,0,0,Nie,Nie,Wielkanoc,Nie,a,Rozszerzony,270
48,1,21.04.2021,0,0,Nie,Nie,Wielkanoc,Nie,a,Podstawowy,1060
49,1,21.04.2021,0,0,Nie,Nie,Wielkanoc,Tak,d,Rozszerzony,18010
50,1,21.04.2021,0,0,Nie,Nie,Wielkanoc,Tak,d,Podstawowy,6260
1,7,20.04.2021,0,0,Nie,Nie,Nie,Tak,c,Podstawowy,1270
2,7,20.04.2021,0,0,Nie,Nie,Nie,Nie,a,Podstawowy,570
3,7,20.04.2021,0,0,Nie,Nie,Nie,Nie,a,Podstawowy,14130
4,7,20.04.2021,0,0,Nie,Nie,Nie,Nie,c,Rozszerzony,620
5,7,20.04.2021,0,0,Nie,Nie,Nie,Nie,a,Podstawowy,29910
6,7,20.04.2021,0,0,Nie,Nie,Nie,Nie,a,Podstawowy,310
7,7,20.04.2021,0,0,Nie,Nie,Nie,Nie,a,Rozszerzony,24000
8,7,20.04.2021,0,0,Nie,Nie,Nie,Nie,a,Podstawowy,7520
9,7,20.04.2021,0,0,Nie,Nie,Nie,Nie,a,Rozszerzony,2030
10,7,20.04.2021,0,0,Nie,Nie,Nie,Tak,a,Podstawowy,3160
11,7,20.04.2021,0,0,Nie,Nie,Nie,Nie,a,Rozszerzony,960
12,7,20.04.2021,0,0,Nie,Nie,Nie,Nie,a,Rozszerzony,1070
13,7,20.04.2021,0,0,Nie,Nie,Nie,Nie,d,Podstawowy,310
14,7,20.04.2021,0,0,Nie,Nie,Nie,Nie,a,Podstawowy,1300
15,7,20.04.2021,0,0,Nie,Nie,Nie,Nie,d,Rozszerzony,4110
16,7,20.04.2021,0,0,Nie,Nie,Nie,Nie,a,Rozszerzony,3270
17,7,20.04.2021,0,0,Nie,Nie,Nie,Nie,a,Podstawowy,50
18,7,20.04.2021,0,0,Nie,Nie,Nie,Nie,d,Rozszerzony,13840
19,7,20.04.2021,0,0,Nie,Nie,Nie,Nie,a,Rozszerzony,3240
20,7,20.04.2021,0,0,Nie,Nie,Nie,Nie,d,Podstawowy,2340
21,7,20.04.2021,0,0,Nie,Nie,Nie,Nie,c,Rozszerzony,550
22,7,20.04.2021,0,0,Nie,Nie,Nie,Nie,a,Podstawowy,1040
23,7,20.04.2021,0,0,Nie,Nie,Nie,Nie,d,Podstawowy,4060
24,7,20.04.2021,0,0,Nie,Nie,Nie,Nie,a,Rozszerzony,4590
25,7,20.04.2021,0,0,Nie,Nie,Nie,Nie,c,Podstawowy,430
26,7,20.04.2021,0,0,Nie,Nie,Nie,Nie,d,Podstawowy,2300
27,7,20.04.2021,0,0,Nie,Nie,Nie,Nie,a,Podstawowy,60
28,7,20.04.2021,0,0,Nie,Nie,Nie,Nie,a,Podstawowy,1200
29,7,20.04.2021,0,0,Nie,Nie,Nie,Nie,d,Rozszerzony,2170
30,7,20.04.2021,0,0,Nie,Nie,Nie,Nie,a,Podstawowy,40
31,7,20.04.2021,0,0,Nie,Nie,Nie,Nie,d,Rozszerzony,9800
32,7,20.04.2021,0,0,Nie,Nie,Nie,Nie,a,Podstawowy,2910
33,7,20.04.2021,0,0,Nie,Nie,Nie,Nie,a,Rozszerzony,1320
34,7,20.04.2021,0,0,Nie,Nie,Nie,Nie,c,Podstawowy,2240
35,7,20.04.2021,0,0,Nie,Nie,Nie,Nie,d,Rozszerzony,7660
36,7,20.04.2021,0,0,Nie,Nie,Nie,Nie,a,Rozszerzony,540
37,7,20.04.2021,0,0,Nie,Nie,Nie,Nie,c,Podstawowy,4230
38,7,20.04.2021,0,0,Nie,Nie,Nie,Nie,d,Podstawowy,1090
39,7,20.04.2021,0,0,Nie,Nie,Nie,Nie,a,Podstawowy,260
40,7,20.04.2021,0,0,Nie,Nie,Nie,Nie,a,Podstawowy,180
41,7,20.04.2021,0,0,Nie,Nie,Nie,Nie,d,Rozszerzony,1180
42,7,20.04.2021,0,0,Nie,Nie,Nie,Nie,a,Rozszerzony,290
43,7,20.04.2021,0,0,Nie,Nie,Nie,Nie,d,Podstawowy,4880
44,7,20.04.2021,0,0,Nie,Nie,Nie,Nie,a,Podstawowy,540
45,7,20.04.2021,0,0,Nie,Nie,Nie,Nie,d,Podstawowy,9710
46,7,20.04.2021,0,0,Nie,Nie,Nie,Nie,c,Podstawowy,1200
47,7,20.04.2021,0,0,Nie,Nie,Nie,Nie,a,Rozszerzony,270
48,7,20.04.2021,0,0,Nie,Nie,Nie,Nie,a,Podstawowy,1060
49,7,20.04.2021,0,0,Nie,Nie,Nie,Nie,d,Rozszerzony,18010
50,7,20.04.2021,0,0,Nie,Nie,Nie,Nie,d,Podstawowy,6260
1,6,19.04.2021,5871,642,Tak,Nie,Nie,Tak,c,Podstawowy,1270
2,6,19.04.2021,4146,465,Tak,Nie,Nie,Nie,a,Podstawowy,570
3,6,19.04.2021,5794,690,Tak,Nie,Nie,Nie,a,Podstawowy,14130
4,6,19.04.2021,10613,1558,Tak,Nie,Nie,Nie,c,Rozszerzony,620
5,6,19.04.2021,3153,341,Tak,Nie,Nie,Nie,a,Podstawowy,29910
6,6,19.04.2021,4415,506,Tak,Nie,Nie,Nie,a,Podstawowy,310
7,6,19.04.2021,11203,1227,Tak,Nie,Nie,Nie,a,Rozszerzony,24000
8,6,19.04.2021,3144,436,Tak,Nie,Nie,Nie,a,Podstawowy,7520
9,6,19.04.2021,6885,646,Tak,Nie,Nie,Nie,a,Rozszerzony,2030
10,6,19.04.2021,6187,700,Tak,Nie,Nie,Tak,a,Podstawowy,3160
11,6,19.04.2021,9656,1263,Tak,Nie,Nie,Nie,a,Rozszerzony,960
12,6,19.04.2021,8678,1049,Tak,Nie,Nie,Nie,a,Rozszerzony,1070
13,6,19.04.2021,5509,474,Tak,Nie,Nie,Nie,d,Podstawowy,310
14,6,19.04.2021,3965,472,Tak,Nie,Nie,Nie,a,Podstawowy,1300
15,6,19.04.2021,7618,832,Tak,Nie,Nie,Nie,d,Rozszerzony,4110
16,6,19.04.2021,6939,679,Tak,Nie,Nie,Nie,a,Rozszerzony,3270
17,6,19.04.2021,4822,648,Tak,Nie,Nie,Nie,a,Podstawowy,50
18,6,19.04.2021,6346,694,Tak,Nie,Nie,Nie,d,Rozszerzony,13840
19,6,19.04.2021,5524,494,Tak,Nie,Nie,Nie,a,Rozszerzony,3240
20,6,19.04.2021,5378,548,Tak,Nie,Nie,Nie,d,Podstawowy,2340
21,6,19.04.2021,6145,689,Tak,Nie,Nie,Nie,c,Rozszerzony,550
22,6,19.04.2021,4508,528,Tak,Nie,Nie,Nie,a,Podstawowy,1040
23,6,19.04.2021,5931,607,Tak,Nie,Nie,Nie,d,Podstawowy,4060
24,6,19.04.2021,9147,851,Tak,Nie,Nie,Nie,a,Rozszerzony,4590
25,6,19.04.2021,10379,1513,Tak,Nie,Nie,Nie,c,Podstawowy,430
26,6,19.04.2021,7678,708,Tak,Nie,Nie,Nie,d,Podstawowy,2300
27,6,19.04.2021,8847,1123,Tak,Nie,Nie,Nie,a,Podstawowy,60
28,6,19.04.2021,4710,535,Tak,Nie,Nie,Nie,a,Podstawowy,1200
29,6,19.04.2021,8960,847,Tak,Nie,Nie,Nie,d,Rozszerzony,2170
30,6,19.04.2021,5647,890,Tak,Nie,Nie,Nie,a,Podstawowy,40
31,6,19.04.2021,8482,821,Tak,Nie,Nie,Nie,d,Rozszerzony,9800
32,6,19.04.2021,3108,392,Tak,Nie,Nie,Nie,a,Podstawowy,2910
33,6,19.04.2021,9731,1057,Tak,Nie,Nie,Nie,a,Rozszerzony,1320
34,6,19.04.2021,7667,1008,Tak,Nie,Nie,Nie,c,Podstawowy,2240
35,6,19.04.2021,9551,814,Tak,Nie,Nie,Nie,d,Rozszerzony,7660
36,6,19.04.2021,11526,1274,Tak,Nie,Nie,Nie,a,Rozszerzony,540
37,6,19.04.2021,9679,1125,Tak,Nie,Nie,Nie,c,Podstawowy,4230
38,6,19.04.2021,6817,736,Tak,Nie,Nie,Nie,d,Podstawowy,1090
39,6,19.04.2021,3721,579,Tak,Nie,Nie,Nie,a,Podstawowy,260
40,6,19.04.2021,6201,825,Tak,Nie,Nie,Nie,a,Podstawowy,180
41,6,19.04.2021,8619,675,Tak,Nie,Nie,Nie,d,Rozszerzony,1180
42,6,19.04.2021,10631,1175,Tak,Nie,Nie,Nie,a,Rozszerzony,290
43,6,19.04.2021,6082,602,Tak,Nie,Nie,Nie,d,Podstawowy,4880
44,6,19.04.2021,5001,633,Tak,Nie,Nie,Nie,a,Podstawowy,540
45,6,19.04.2021,7121,624,Tak,Nie,Nie,Nie,d,Podstawowy,9710
46,6,19.04.2021,5973,848,Tak,Nie,Nie,Nie,c,Podstawowy,1200
47,6,19.04.2021,7642,1014,Tak,Nie,Nie,Nie,a,Rozszerzony,270
48,6,19.04.2021,4185,464,Tak,Nie,Nie,Nie,a,Podstawowy,1060
49,6,19.04.2021,11131,866,Tak,Nie,Nie,Nie,d,Rozszerzony,18010
50,6,19.04.2021,4819,469,Tak,Nie,Nie,Nie,d,Podstawowy,6260
1,5,18.04.2021,0,0,Nie,Tak,Wielkanoc,Tak,c,Podstawowy,1270
2,5,18.04.2021,0,0,Nie,Tak,Wielkanoc,Nie,a,Podstawowy,570
3,5,18.04.2021,0,0,Nie,Tak,Wielkanoc,Tak,a,Podstawowy,14130
4,5,18.04.2021,0,0,Nie,Tak,Wielkanoc,Tak,c,Rozszerzony,620
5,5,18.04.2021,0,0,Nie,Tak,Wielkanoc,Tak,a,Podstawowy,29910
6,5,18.04.2021,0,0,Nie,Tak,Wielkanoc,Tak,a,Podstawowy,310
7,5,18.04.2021,0,0,Nie,Tak,Wielkanoc,Tak,a,Rozszerzony,24000
8,5,18.04.2021,0,0,Nie,Tak,Wielkanoc,Tak,a,Podstawowy,7520
9,5,18.04.2021,0,0,Nie,Tak,Wielkanoc,Tak,a,Rozszerzony,2030
10,5,18.04.2021,0,0,Nie,Tak,Wielkanoc,Tak,a,Podstawowy,3160
11,5,18.04.2021,0,0,Nie,Tak,Wielkanoc,Tak,a,Rozszerzony,960
12,5,18.04.2021,0,0,Nie,Tak,Wielkanoc,Tak,a,Rozszerzony,1070
13,5,18.04.2021,0,0,Nie,Tak,Wielkanoc,Tak,d,Podstawowy,310
14,5,18.04.2021,0,0,Nie,Tak,Wielkanoc,Tak,a,Podstawowy,1300
15,5,18.04.2021,0,0,Nie,Tak,Wielkanoc,Tak,d,Rozszerzony,4110
16,5,18.04.2021,0,0,Nie,Tak,Wielkanoc,Tak,a,Rozszerzony,3270
17,5,18.04.2021,0,0,Nie,Tak,Wielkanoc,Nie,a,Podstawowy,50
18,5,18.04.2021,0,0,Nie,Tak,Wielkanoc,Nie,d,Rozszerzony,13840
19,5,18.04.2021,0,0,Nie,Tak,Wielkanoc,Tak,a,Rozszerzony,3240
20,5,18.04.2021,0,0,Nie,Tak,Wielkanoc,Tak,d,Podstawowy,2340
21,5,18.04.2021,0,0,Nie,Tak,Wielkanoc,Tak,c,Rozszerzony,550
22,5,18.04.2021,0,0,Nie,Tak,Wielkanoc,Tak,a,Podstawowy,1040
23,5,18.04.2021,0,0,Nie,Tak,Wielkanoc,Tak,d,Podstawowy,4060
24,5,18.04.2021,0,0,Nie,Tak,Wielkanoc,Tak,a,Rozszerzony,4590
25,5,18.04.2021,0,0,Nie,Tak,Wielkanoc,Tak,c,Podstawowy,430
26,5,18.04.2021,0,0,Nie,Tak,Wielkanoc,Nie,d,Podstawowy,2300
27,5,18.04.2021,0,0,Nie,Tak,Wielkanoc,Tak,a,Podstawowy,60
28,5,18.04.2021,0,0,Nie,Tak,Wielkanoc,Nie,a,Podstawowy,1200
29,5,18.04.2021,0,0,Nie,Tak,Wielkanoc,Tak,d,Rozszerzony,2170
30,5,18.04.2021,0,0,Nie,Tak,Wielkanoc,Tak,a,Podstawowy,40
31,5,18.04.2021,0,0,Nie,Tak,Wielkanoc,Tak,d,Rozszerzony,9800
32,5,18.04.2021,0,0,Nie,Tak,Wielkanoc,Tak,a,Podstawowy,2910
33,5,18.04.2021,0,0,Nie,Tak,Wielkanoc,Tak,a,Rozszerzony,1320
34,5,18.04.2021,0,0,Nie,Tak,Wielkanoc,Tak,c,Podstawowy,2240
35,5,18.04.2021,0,0,Nie,Tak,Wielkanoc,Tak,d,Rozszerzony,7660
36,5,18.04.2021,0,0,Nie,Tak,Wielkanoc,Tak,a,Rozszerzony,540
37,5,18.04.2021,0,0,Nie,Tak,Wielkanoc,Nie,c,Podstawowy,4230
38,5,18.04.2021,0,0,Nie,Tak,Wielkanoc,Tak,d,Podstawowy,1090
39,5,18.04.2021,0,0,Nie,Tak,Wielkanoc,Tak,a,Podstawowy,260
40,5,18.04.2021,0,0,Nie,Tak,Wielkanoc,Tak,a,Podstawowy,180
41,5,18.04.2021,0,0,Nie,Tak,Wielkanoc,Tak,d,Rozszerzony,1180
42,5,18.04.2021,0,0,Nie,Tak,Wielkanoc,Tak,a,Rozszerzony,290
43,5,18.04.2021,0,0,Nie,Tak,Wielkanoc,Tak,d,Podstawowy,4880
44,5,18.04.2021,0,0,Nie,Tak,Wielkanoc,Tak,a,Podstawowy,540
45,5,18.04.2021,0,0,Nie,Tak,Wielkanoc,Tak,d,Podstawowy,9710
46,5,18.04.2021,0,0,Nie,Tak,Wielkanoc,Tak,c,Podstawowy,1200
47,5,18.04.2021,0,0,Nie,Tak,Wielkanoc,Nie,a,Rozszerzony,270
48,5,18.04.2021,0,0,Nie,Tak,Wielkanoc,Nie,a,Podstawowy,1060
49,5,18.04.2021,0,0,Nie,Tak,Wielkanoc,Tak,d,Rozszerzony,18010
50,5,18.04.2021,0,0,Nie,Tak,Wielkanoc,Tak,d,Podstawowy,6260
1,4,17.04.2021,6160,703,Tak,Tak,Nie,Tak,c,Podstawowy,1270
2,4,17.04.2021,6647,737,Tak,Tak,Nie,Nie,a,Podstawowy,570
3,4,17.04.2021,8309,946,Tak,Tak,Nie,Tak,a,Podstawowy,14130
4,4,17.04.2021,13084,1755,Tak,Tak,Nie,Tak,c,Rozszerzony,620
5,4,17.04.2021,6690,743,Tak,Tak,Nie,Nie,a,Podstawowy,29910
6,4,17.04.2021,7618,841,Tak,Tak,Nie,Nie,a,Podstawowy,310
7,4,17.04.2021,12195,1288,Tak,Tak,Nie,Tak,a,Rozszerzony,24000
8,4,17.04.2021,7662,941,Tak,Tak,Nie,Tak,a,Podstawowy,7520
9,4,17.04.2021,7819,775,Tak,Tak,Nie,Tak,a,Rozszerzony,2030
10,4,17.04.2021,6250,689,Tak,Tak,Nie,Tak,a,Podstawowy,3160
11,4,17.04.2021,11615,1459,Tak,Tak,Nie,Tak,a,Rozszerzony,960
12,4,17.04.2021,10882,1237,Tak,Tak,Nie,Tak,a,Rozszerzony,1070
13,4,17.04.2021,6932,557,Tak,Tak,Nie,Tak,d,Podstawowy,310
14,4,17.04.2021,7727,848,Tak,Tak,Nie,Tak,a,Podstawowy,1300
15,4,17.04.2021,10008,936,Tak,Tak,Nie,Tak,d,Rozszerzony,4110
16,4,17.04.2021,10241,1135,Tak,Tak,Nie,Tak,a,Rozszerzony,3270
17,4,17.04.2021,8678,1074,Tak,Tak,Nie,Nie,a,Podstawowy,50
18,4,17.04.2021,8462,946,Tak,Tak,Nie,Nie,d,Rozszerzony,13840
19,4,17.04.2021,7983,782,Tak,Tak,Nie,Tak,a,Rozszerzony,3240
20,4,17.04.2021,10980,1198,Tak,Tak,Nie,Tak,d,Podstawowy,2340
21,4,17.04.2021,7862,753,Tak,Tak,Nie,Tak,c,Rozszerzony,550
22,4,17.04.2021,5956,663,Tak,Tak,Nie,Tak,a,Podstawowy,1040
23,4,17.04.2021,7777,671,Tak,Tak,Nie,Tak,d,Podstawowy,4060
24,4,17.04.2021,11211,1001,Tak,Tak,Nie,Tak,a,Rozszerzony,4590
25,4,17.04.2021,13122,1890,Tak,Tak,Nie,Tak,c,Podstawowy,430
26,4,17.04.2021,9247,796,Tak,Tak,Nie,Nie,d,Podstawowy,2300
27,4,17.04.2021,12469,1421,Tak,Tak,Nie,Tak,a,Podstawowy,60
28,4,17.04.2021,7989,858,Tak,Tak,Nie,Tak,a,Podstawowy,1200
29,4,17.04.2021,8855,812,Tak,Tak,Nie,Tak,d,Rozszerzony,2170
30,4,17.04.2021,6301,935,Tak,Tak,Nie,Tak,a,Podstawowy,40
31,4,17.04.2021,9489,844,Tak,Tak,Nie,Tak,d,Rozszerzony,9800
32,4,17.04.2021,5997,649,Tak,Tak,Nie,Tak,a,Podstawowy,2910
33,4,17.04.2021,10486,1077,Tak,Tak,Nie,Tak,a,Rozszerzony,1320
34,4,17.04.2021,10768,1269,Tak,Tak,Nie,Tak,c,Podstawowy,2240
35,4,17.04.2021,12248,925,Tak,Tak,Nie,Tak,d,Rozszerzony,7660
36,4,17.04.2021,11800,1314,Tak,Tak,Nie,Tak,a,Rozszerzony,540
37,4,17.04.2021,10342,1060,Tak,Tak,Nie,Tak,c,Podstawowy,4230
38,4,17.04.2021,6931,723,Tak,Tak,Nie,Tak,d,Podstawowy,1090
39,4,17.04.2021,5928,794,Tak,Tak,Nie,Tak,a,Podstawowy,260
40,4,17.04.2021,6158,874,Tak,Tak,Nie,Tak,a,Podstawowy,180
41,4,17.04.2021,7691,571,Tak,Tak,Nie,Tak,d,Rozszerzony,1180
42,4,17.04.2021,12253,1321,Tak,Tak,Nie,Tak,a,Rozszerzony,290
43,4,17.04.2021,8968,795,Tak,Tak,Nie,Tak,d,Podstawowy,4880
44,4,17.04.2021,7682,891,Tak,Tak,Nie,Tak,a,Podstawowy,540
45,4,17.04.2021,7339,560,Tak,Tak,Nie,Tak,d,Podstawowy,9710
46,4,17.04.2021,7161,909,Tak,Tak,Nie,Tak,c,Podstawowy,1200
47,4,17.04.2021,9997,1232,Tak,Tak,Nie,Nie,a,Rozszerzony,270
48,4,17.04.2021,5852,660,Tak,Tak,Nie,Nie,a,Podstawowy,1060
49,4,17.04.2021,10092,714,Tak,Tak,Nie,Tak,d,Rozszerzony,18010
50,4,17.04.2021,5024,450,Tak,Tak,Nie,Tak,d,Podstawowy,6260
1,3,16.04.2021,6381,662,Tak,Tak,Nie,Tak,c,Podstawowy,1270
2,3,16.04.2021,7317,876,Tak,Tak,Nie,Nie,a,Podstawowy,570
3,3,16.04.2021,9311,954,Tak,Tak,Nie,Tak,a,Podstawowy,14130
4,3,16.04.2021,11237,1489,Tak,Tak,Nie,Tak,c,Rozszerzony,620
5,3,16.04.2021,7722,795,Tak,Tak,Nie,Nie,a,Podstawowy,29910
6,3,16.04.2021,7317,776,Tak,Tak,Nie,Nie,a,Podstawowy,310
7,3,16.04.2021,10740,1054,Tak,Tak,Nie,Tak,a,Rozszerzony,24000
8,3,16.04.2021,6931,802,Tak,Tak,Nie,Tak,a,Podstawowy,7520
9,3,16.04.2021,7135,627,Tak,Tak,Nie,Tak,a,Rozszerzony,2030
10,3,16.04.2021,5629,603,Tak,Tak,Nie,Tak,a,Podstawowy,3160
11,3,16.04.2021,11529,1510,Tak,Tak,Nie,Tak,a,Rozszerzony,960
12,3,16.04.2021,10847,1174,Tak,Tak,Nie,Tak,a,Rozszerzony,1070
13,3,16.04.2021,7219,533,Tak,Tak,Nie,Tak,d,Podstawowy,310
14,3,16.04.2021,6270,729,Tak,Tak,Nie,Tak,a,Podstawowy,1300
15,3,16.04.2021,9429,807,Tak,Tak,Nie,Tak,d,Rozszerzony,4110
16,3,16.04.2021,10939,1115,Tak,Tak,Nie,Tak,a,Rozszerzony,3270
17,3,16.04.2021,9866,1123,Tak,Tak,Nie,Nie,a,Podstawowy,50
18,3,16.04.2021,8935,940,Tak,Tak,Nie,Nie,d,Rozszerzony,13840
19,3,16.04.2021,7259,697,Tak,Tak,Nie,Tak,a,Rozszerzony,3240
20,3,16.04.2021,9965,1027,Tak,Tak,Nie,Tak,d,Podstawowy,2340
21,3,16.04.2021,7737,657,Tak,Tak,Nie,Tak,c,Rozszerzony,550
22,3,16.04.2021,5112,529,Tak,Tak,Nie,Tak,a,Podstawowy,1040
23,3,16.04.2021,7202,603,Tak,Tak,Nie,Tak,d,Podstawowy,4060
24,3,16.04.2021,11607,996,Tak,Tak,Nie,Tak,a,Rozszerzony,4590
25,3,16.04.2021,11823,1665,Tak,Tak,Nie,Tak,c,Podstawowy,430
26,3,16.04.2021,10428,751,Tak,Tak,Nie,Nie,d,Podstawowy,2300
27,3,16.04.2021,13093,1375,Tak,Tak,Nie,Tak,a,Podstawowy,60
28,3,16.04.2021,7778,800,Tak,Tak,Nie,Tak,a,Podstawowy,1200
29,3,16.04.2021,8871,785,Tak,Tak,Nie,Tak,d,Rozszerzony,2170
30,3,16.04.2021,5664,829,Tak,Tak,Nie,Tak,a,Podstawowy,40
31,3,16.04.2021,7122,685,Tak,Tak,Nie,Tak,d,Rozszerzony,9800
32,3,16.04.2021,5899,651,Tak,Tak,Nie,Tak,a,Podstawowy,2910
33,3,16.04.2021,9692,923,Tak,Tak,Nie,Tak,a,Rozszerzony,1320
34,3,16.04.2021,10248,1135,Tak,Tak,Nie,Tak,c,Podstawowy,2240
35,3,16.04.2021,12051,839,Tak,Tak,Nie,Tak,d,Rozszerzony,7660
36,3,16.04.2021,10452,1198,Tak,Tak,Nie,Tak,a,Rozszerzony,540
37,3,16.04.2021,9100,937,Tak,Tak,Nie,Tak,c,Podstawowy,4230
38,3,16.04.2021,6904,640,Tak,Tak,Nie,Tak,d,Podstawowy,1090
39,3,16.04.2021,6612,822,Tak,Tak,Nie,Tak,a,Podstawowy,260
40,3,16.04.2021,5842,770,Tak,Tak,Nie,Tak,a,Podstawowy,180
41,3,16.04.2021,7352,529,Tak,Tak,Nie,Tak,d,Rozszerzony,1180
42,3,16.04.2021,13325,1356,Tak,Tak,Nie,Tak,a,Rozszerzony,290
43,3,16.04.2021,9357,768,Tak,Tak,Nie,Tak,d,Podstawowy,4880
44,3,16.04.2021,7325,852,Tak,Tak,Nie,Tak,a,Podstawowy,540
45,3,16.04.2021,6732,490,Tak,Tak,Nie,Tak,d,Podstawowy,9710
46,3,16.04.2021,7057,831,Tak,Tak,Nie,Tak,c,Podstawowy,1200
47,3,16.04.2021,10959,1277,Tak,Tak,Nie,Nie,a,Rozszerzony,270
48,3,16.04.2021,5314,532,Tak,Tak,Nie,Nie,a,Podstawowy,1060
49,3,16.04.2021,9234,656,Tak,Tak,Nie,Tak,d,Rozszerzony,18010
50,3,16.04.2021,4820,389,Tak,Tak,Nie,Tak,d,Podstawowy,6260
1,2,15.04.2021,6196,672,Tak,Tak,Nie,Tak,c,Podstawowy,1270
2,2,15.04.2021,7701,747,Tak,Tak,Nie,Nie,a,Podstawowy,570
3,2,15.04.2021,10021,951,Tak,Tak,Nie,Tak,a,Podstawowy,14130
4,2,15.04.2021,11191,1485,Tak,Tak,Nie,Tak,c,Rozszerzony,620
5,2,15.04.2021,7439,743,Tak,Tak,Nie,Nie,a,Podstawowy,29910
6,2,15.04.2021,7890,806,Tak,Tak,Nie,Nie,a,Podstawowy,310
7,2,15.04.2021,14230,1381,Tak,Tak,Nie,Nie,a,Rozszerzony,24000
8,2,15.04.2021,8942,925,Tak,Tak,Nie,Nie,a,Podstawowy,7520
9,2,15.04.2021,8318,669,Tak,Tak,Nie,Tak,a,Rozszerzony,2030
10,2,15.04.2021,6087,603,Tak,Tak,Nie,Tak,a,Podstawowy,3160
11,2,15.04.2021,12058,1418,Tak,Tak,Nie,Nie,a,Rozszerzony,960
12,2,15.04.2021,11971,1198,Tak,Tak,Nie,Nie,a,Rozszerzony,1070
13,2,15.04.2021,7613,501,Tak,Tak,Nie,Tak,d,Podstawowy,310
14,2,15.04.2021,7437,754,Tak,Tak,Nie,Tak,a,Podstawowy,1300
15,2,15.04.2021,8869,741,Tak,Tak,Nie,Nie,d,Rozszerzony,4110
16,2,15.04.2021,10933,1061,Tak,Tak,Nie,Tak,a,Rozszerzony,3270
17,2,15.04.2021,10691,1191,Tak,Tak,Nie,Nie,a,Podstawowy,50
18,2,15.04.2021,8809,847,Tak,Tak,Nie,Nie,d,Rozszerzony,13840
19,2,15.04.2021,8476,775,Tak,Tak,Nie,Tak,a,Rozszerzony,3240
20,2,15.04.2021,9969,964,Tak,Tak,Nie,Tak,d,Podstawowy,2340
21,2,15.04.2021,7475,636,Tak,Tak,Nie,Tak,c,Rozszerzony,550
22,2,15.04.2021,6091,578,Tak,Tak,Nie,Tak,a,Podstawowy,1040
23,2,15.04.2021,8301,635,Tak,Tak,Nie,Tak,d,Podstawowy,4060
24,2,15.04.2021,12453,979,Tak,Tak,Nie,Tak,a,Rozszerzony,4590
25,2,15.04.2021,13833,1867,Tak,Tak,Nie,Tak,c,Podstawowy,430
26,2,15.04.2021,9553,680,Tak,Tak,Nie,Nie,d,Podstawowy,2300
27,2,15.04.2021,15278,1517,Tak,Tak,Nie,Tak,a,Podstawowy,60
28,2,15.04.2021,8643,893,Tak,Tak,Nie,Tak,a,Podstawowy,1200
29,2,15.04.2021,9477,812,Tak,Tak,Nie,Tak,d,Rozszerzony,2170
30,2,15.04.2021,7333,973,Tak,Tak,Nie,Tak,a,Podstawowy,40
31,2,15.04.2021,7601,690,Tak,Tak,Nie,Nie,d,Rozszerzony,9800
32,2,15.04.2021,5814,625,Tak,Tak,Nie,Tak,a,Podstawowy,2910
33,2,15.04.2021,10446,942,Tak,Tak,Nie,Tak,a,Rozszerzony,1320
34,2,15.04.2021,10016,1147,Tak,Tak,Nie,Tak,c,Podstawowy,2240
35,2,15.04.2021,13291,845,Tak,Tak,Nie,Tak,d,Rozszerzony,7660
36,2,15.04.2021,11088,1186,Tak,Tak,Nie,Tak,a,Rozszerzony,540
37,2,15.04.2021,9979,962,Tak,Tak,Nie,Tak,c,Podstawowy,4230
38,2,15.04.2021,8383,732,Tak,Tak,Nie,Tak,d,Podstawowy,1090
39,2,15.04.2021,7266,808,Tak,Tak,Nie,Tak,a,Podstawowy,260
40,2,15.04.2021,6783,851,Tak,Tak,Nie,Tak,a,Podstawowy,180
41,2,15.04.2021,7618,513,Tak,Tak,Nie,Tak,d,Rozszerzony,1180
42,2,15.04.2021,13123,1257,Tak,Tak,Nie,Tak,a,Rozszerzony,290
43,2,15.04.2021,9256,764,Tak,Tak,Nie,Tak,d,Podstawowy,4880
44,2,15.04.2021,8715,918,Tak,Tak,Nie,Tak,a,Podstawowy,540
45,2,15.04.2021,5060,388,Tak,Tak,Nie,Tak,d,Podstawowy,9710
46,2,15.04.2021,8754,904,Tak,Tak,Nie,Tak,c,Podstawowy,1200
47,2,15.04.2021,10008,1164,Tak,Tak,Nie,Nie,a,Rozszerzony,270
48,2,15.04.2021,5390,569,Tak,Tak,Nie,Nie,a,Podstawowy,1060
49,2,15.04.2021,9910,687,Tak,Tak,Nie,Tak,d,Rozszerzony,18010
50,2,15.04.2021,5436,413,Tak,Tak,Nie,Tak,d,Podstawowy,6260
1,1,14.04.2021,6803,693,Tak,Tak,Nie,Tak,c,Podstawowy,1270
2,1,14.04.2021,7714,758,Tak,Tak,Nie,Nie,a,Podstawowy,570
3,1,14.04.2021,10103,930,Tak,Tak,Nie,Tak,a,Podstawowy,14130
4,1,14.04.2021,12391,1592,Tak,Tak,Nie,Tak,c,Rozszerzony,620
5,1,14.04.2021,7980,711,Tak,Tak,Nie,Nie,a,Podstawowy,29910
6,1,14.04.2021,8204,818,Tak,Tak,Nie,Nie,a,Podstawowy,310
7,1,14.04.2021,13875,1227,Tak,Tak,Nie,Nie,a,Rozszerzony,24000
8,1,14.04.2021,8189,791,Tak,Tak,Nie,Nie,a,Podstawowy,7520
9,1,14.04.2021,9731,753,Tak,Tak,Nie,Tak,a,Rozszerzony,2030
10,1,14.04.2021,6419,622,Tak,Tak,Nie,Tak,a,Podstawowy,3160
11,1,14.04.2021,11668,1387,Tak,Tak,Nie,Nie,a,Rozszerzony,960
12,1,14.04.2021,12281,1162,Tak,Tak,Nie,Nie,a,Rozszerzony,1070
13,1,14.04.2021,8311,577,Tak,Tak,Nie,Tak,d,Podstawowy,310
14,1,14.04.2021,8529,832,Tak,Tak,Nie,Tak,a,Podstawowy,1300
15,1,14.04.2021,9717,822,Tak,Tak,Nie,Nie,d,Rozszerzony,4110
16,1,14.04.2021,12116,1114,Tak,Tak,Nie,Tak,a,Rozszerzony,3270
17,1,14.04.2021,11638,1139,Tak,Tak,Nie,Nie,a,Podstawowy,50
18,1,14.04.2021,10514,995,Tak,Tak,Nie,Nie,d,Rozszerzony,13840
19,1,14.04.2021,9520,823,Tak,Tak,Nie,Tak,a,Rozszerzony,3240
20,1,14.04.2021,11279,1121,Tak,Tak,Nie,Tak,d,Podstawowy,2340
21,1,14.04.2021,8718,697,Tak,Tak,Nie,Tak,c,Rozszerzony,550
22,1,14.04.2021,6454,629,Tak,Tak,Nie,Tak,a,Podstawowy,1040
23,1,14.04.2021,9126,694,Tak,Tak,Nie,Tak,d,Podstawowy,4060
24,1,14.04.2021,13655,1000,Tak,Tak,Nie,Tak,a,Rozszerzony,4590
25,1,14.04.2021,14192,1901,Tak,Tak,Nie,Tak,c,Podstawowy,430
26,1,14.04.2021,11269,837,Tak,Tak,Nie,Nie,d,Podstawowy,2300
27,1,14.04.2021,15063,1439,Tak,Tak,Nie,Tak,a,Podstawowy,60
28,1,14.04.2021,10183,909,Tak,Tak,Nie,Tak,a,Podstawowy,1200
29,1,14.04.2021,12482,957,Tak,Tak,Nie,Tak,d,Rozszerzony,2170
30,1,14.04.2021,6859,886,Tak,Tak,Nie,Tak,a,Podstawowy,40
31,1,14.04.2021,8726,725,Tak,Tak,Nie,Nie,d,Rozszerzony,9800
32,1,14.04.2021,5983,636,Tak,Tak,Nie,Tak,a,Podstawowy,2910
33,1,14.04.2021,10464,937,Tak,Tak,Nie,Tak,a,Rozszerzony,1320
34,1,14.04.2021,11383,1229,Tak,Tak,Nie,Tak,c,Podstawowy,2240
35,1,14.04.2021,15730,1010,Tak,Tak,Nie,Tak,d,Rozszerzony,7660
36,1,14.04.2021,11945,1307,Tak,Tak,Nie,Tak,a,Rozszerzony,540
37,1,14.04.2021,10648,1010,Tak,Tak,Nie,Tak,c,Podstawowy,4230
38,1,14.04.2021,11022,850,Tak,Tak,Nie,Tak,d,Podstawowy,1090
39,1,14.04.2021,8332,873,Tak,Tak,Nie,Tak,a,Podstawowy,260
40,1,14.04.2021,6189,819,Tak,Tak,Nie,Tak,a,Podstawowy,180
41,1,14.04.2021,7783,521,Tak,Tak,Nie,Tak,d,Rozszerzony,1180
42,1,14.04.2021,13754,1263,Tak,Tak,Nie,Tak,a,Rozszerzony,290
43,1,14.04.2021,10889,820,Tak,Tak,Nie,Tak,d,Podstawowy,4880
44,1,14.04.2021,8598,858,Tak,Tak,Nie,Tak,a,Podstawowy,540
45,1,14.04.2021,8205,534,Tak,Tak,Nie,Tak,d,Podstawowy,9710
46,1,14.04.2021,9206,871,Tak,Tak,Nie,Tak,c,Podstawowy,1200
47,1,14.04.2021,9357,1060,Tak,Tak,Nie,Nie,a,Rozszerzony,270
48,1,14.04.2021,5650,572,Tak,Tak,Nie,Nie,a,Podstawowy,1060
49,1,14.04.2021,10193,661,Tak,Tak,Nie,Tak,d,Rozszerzony,18010
50,1,14.04.2021,6381,493,Tak,Tak,Nie,Tak,d,Podstawowy,6260
1,7,13.04.2021,0,0,Nie,Nie,Nie,Nie,c,Podstawowy,1270
2,7,13.04.2021,0,0,Nie,Nie,Nie,Nie,a,Podstawowy,570
3,7,13.04.2021,0,0,Nie,Nie,Nie,Nie,a,Podstawowy,14130
4,7,13.04.2021,0,0,Nie,Nie,Nie,Nie,c,Rozszerzony,620
5,7,13.04.2021,0,0,Nie,Nie,Nie,Nie,a,Podstawowy,29910
6,7,13.04.2021,0,0,Nie,Nie,Nie,Nie,a,Podstawowy,310
7,7,13.04.2021,0,0,Nie,Nie,Nie,Nie,a,Rozszerzony,24000
8,7,13.04.2021,0,0,Nie,Nie,Nie,Nie,a,Podstawowy,7520
9,7,13.04.2021,0,0,Nie,Nie,Nie,Nie,a,Rozszerzony,2030
10,7,13.04.2021,0,0,Nie,Nie,Nie,Tak,a,Podstawowy,3160
11,7,13.04.2021,0,0,Nie,Nie,Nie,Nie,a,Rozszerzony,960
12,7,13.04.2021,0,0,Nie,Nie,Nie,Nie,a,Rozszerzony,1070
13,7,13.04.2021,0,0,Nie,Nie,Nie,Nie,d,Podstawowy,310
14,7,13.04.2021,0,0,Nie,Nie,Nie,Nie,a,Podstawowy,1300
15,7,13.04.2021,0,0,Nie,Nie,Nie,Nie,d,Rozszerzony,4110
16,7,13.04.2021,0,0,Nie,Nie,Nie,Nie,a,Rozszerzony,3270
17,7,13.04.2021,0,0,Nie,Nie,Nie,Nie,a,Podstawowy,50
18,7,13.04.2021,0,0,Nie,Nie,Nie,Nie,d,Rozszerzony,13840
19,7,13.04.2021,0,0,Nie,Nie,Nie,Nie,a,Rozszerzony,3240
20,7,13.04.2021,0,0,Nie,Nie,Nie,Nie,d,Podstawowy,2340
21,7,13.04.2021,0,0,Nie,Nie,Nie,Nie,c,Rozszerzony,550
22,7,13.04.2021,0,0,Nie,Nie,Nie,Nie,a,Podstawowy,1040
23,7,13.04.2021,0,0,Nie,Nie,Nie,Nie,d,Podstawowy,4060
24,7,13.04.2021,0,0,Nie,Nie,Nie,Nie,a,Rozszerzony,4590
25,7,13.04.2021,0,0,Nie,Nie,Nie,Nie,c,Podstawowy,430
26,7,13.04.2021,0,0,Nie,Nie,Nie,Nie,d,Podstawowy,2300
27,7,13.04.2021,0,0,Nie,Nie,Nie,Nie,a,Podstawowy,60
28,7,13.04.2021,0,0,Nie,Nie,Nie,Nie,a,Podstawowy,1200
29,7,13.04.2021,0,0,Nie,Nie,Nie,Nie,d,Rozszerzony,2170
30,7,13.04.2021,0,0,Nie,Nie,Nie,Nie,a,Podstawowy,40
31,7,13.04.2021,0,0,Nie,Nie,Nie,Nie,d,Rozszerzony,9800
32,7,13.04.2021,0,0,Nie,Nie,Nie,Nie,a,Podstawowy,2910
33,7,13.04.2021,0,0,Nie,Nie,Nie,Nie,a,Rozszerzony,1320
34,7,13.04.2021,0,0,Nie,Nie,Nie,Nie,c,Podstawowy,2240
35,7,13.04.2021,0,0,Nie,Nie,Nie,Nie,d,Rozszerzony,7660
36,7,13.04.2021,0,0,Nie,Nie,Nie,Nie,a,Rozszerzony,540
37,7,13.04.2021,0,0,Nie,Nie,Nie,Nie,c,Podstawowy,4230
38,7,13.04.2021,0,0,Nie,Nie,Nie,Nie,d,Podstawowy,1090
39,7,13.04.2021,0,0,Nie,Nie,Nie,Nie,a,Podstawowy,260
40,7,13.04.2021,0,0,Nie,Nie,Nie,Nie,a,Podstawowy,180
41,7,13.04.2021,0,0,Nie,Nie,Nie,Nie,d,Rozszerzony,1180
42,7,13.04.2021,0,0,Nie,Nie,Nie,Nie,a,Rozszerzony,290
43,7,13.04.2021,0,0,Nie,Nie,Nie,Nie,d,Podstawowy,4880
44,7,13.04.2021,0,0,Nie,Nie,Nie,Nie,a,Podstawowy,540
45,7,13.04.2021,0,0,Nie,Nie,Nie,Nie,d,Podstawowy,9710
46,7,13.04.2021,0,0,Nie,Nie,Nie,Nie,c,Podstawowy,1200
47,7,13.04.2021,0,0,Nie,Nie,Nie,Nie,a,Rozszerzony,270
48,7,13.04.2021,0,0,Nie,Nie,Nie,Nie,a,Podstawowy,1060
49,7,13.04.2021,0,0,Nie,Nie,Nie,Nie,d,Rozszerzony,18010
50,7,13.04.2021,0,0,Nie,Nie,Nie,Nie,d,Podstawowy,6260
1,6,12.04.2021,4435,570,Tak,Nie,Nie,Nie,c,Podstawowy,1270
2,6,12.04.2021,2574,328,Tak,Nie,Nie,Nie,a,Podstawowy,570
3,6,12.04.2021,3795,430,Tak,Nie,Nie,Nie,a,Podstawowy,14130
4,6,12.04.2021,9200,1367,Tak,Nie,Nie,Nie,c,Rozszerzony,620
5,6,12.04.2021,1423,182,Tak,Nie,Nie,Nie,a,Podstawowy,29910
6,6,12.04.2021,3350,377,Tak,Nie,Nie,Nie,a,Podstawowy,310
7,6,12.04.2021,6407,648,Tak,Nie,Nie,Nie,a,Rozszerzony,24000
8,6,12.04.2021,2833,365,Tak,Nie,Nie,Nie,a,Podstawowy,7520
9,6,12.04.2021,5998,539,Tak,Nie,Nie,Nie,a,Rozszerzony,2030
10,6,12.04.2021,4540,477,Tak,Nie,Nie,Tak,a,Podstawowy,3160
11,6,12.04.2021,6617,919,Tak,Nie,Nie,Nie,a,Rozszerzony,960
12,6,12.04.2021,6159,814,Tak,Nie,Nie,Nie,a,Rozszerzony,1070
13,6,12.04.2021,3831,337,Tak,Nie,Nie,Nie,d,Podstawowy,310
14,6,12.04.2021,3503,422,Tak,Nie,Nie,Nie,a,Podstawowy,1300
15,6,12.04.2021,6133,614,Tak,Nie,Nie,Nie,d,Rozszerzony,4110
16,6,12.04.2021,5158,597,Tak,Nie,Nie,Nie,a,Rozszerzony,3270
17,6,12.04.2021,2524,342,Tak,Nie,Nie,Nie,a,Podstawowy,50
18,6,12.04.2021,4559,523,Tak,Nie,Nie,Nie,d,Rozszerzony,13840
19,6,12.04.2021,4268,392,Tak,Nie,Nie,Nie,a,Rozszerzony,3240
20,6,12.04.2021,6757,607,Tak,Nie,Nie,Nie,d,Podstawowy,2340
21,6,12.04.2021,5171,537,Tak,Nie,Nie,Nie,c,Rozszerzony,550
22,6,12.04.2021,3426,402,Tak,Nie,Nie,Nie,a,Podstawowy,1040
23,6,12.04.2021,4357,421,Tak,Nie,Nie,Nie,d,Podstawowy,4060
24,6,12.04.2021,6328,643,Tak,Nie,Nie,Nie,a,Rozszerzony,4590
25,6,12.04.2021,8306,1261,Tak,Nie,Nie,Nie,c,Podstawowy,430
26,6,12.04.2021,5586,508,Tak,Nie,Nie,Nie,d,Podstawowy,2300
27,6,12.04.2021,7207,880,Tak,Nie,Nie,Nie,a,Podstawowy,60
28,6,12.04.2021,2757,276,Tak,Nie,Nie,Nie,a,Podstawowy,1200
29,6,12.04.2021,6965,628,Tak,Nie,Nie,Nie,d,Rozszerzony,2170
30,6,12.04.2021,3997,684,Tak,Nie,Nie,Nie,a,Podstawowy,40
31,6,12.04.2021,5422,553,Tak,Nie,Nie,Nie,d,Rozszerzony,9800
32,6,12.04.2021,2367,305,Tak,Nie,Nie,Nie,a,Podstawowy,2910
33,6,12.04.2021,8295,843,Tak,Nie,Nie,Nie,a,Rozszerzony,1320
34,6,12.04.2021,7802,946,Tak,Nie,Nie,Nie,c,Podstawowy,2240
35,6,12.04.2021,6788,603,Tak,Nie,Nie,Nie,d,Rozszerzony,7660
36,6,12.04.2021,9558,1060,Tak,Nie,Nie,Nie,a,Rozszerzony,540
37,6,12.04.2021,7860,877,Tak,Nie,Nie,Nie,c,Podstawowy,4230
38,6,12.04.2021,5658,563,Tak,Nie,Nie,Nie,d,Podstawowy,1090
39,6,12.04.2021,2706,430,Tak,Nie,Nie,Nie,a,Podstawowy,260
40,6,12.04.2021,5661,787,Tak,Nie,Nie,Nie,a,Podstawowy,180
41,6,12.04.2021,5046,414,Tak,Nie,Nie,Nie,d,Rozszerzony,1180
42,6,12.04.2021,8791,1006,Tak,Nie,Nie,Nie,a,Rozszerzony,290
43,6,12.04.2021,4808,440,Tak,Nie,Nie,Nie,d,Podstawowy,4880
44,6,12.04.2021,3615,450,Tak,Nie,Nie,Nie,a,Podstawowy,540
45,6,12.04.2021,4969,406,Tak,Nie,Nie,Nie,d,Podstawowy,9710
46,6,12.04.2021,4773,671,Tak,Nie,Nie,Nie,c,Podstawowy,1200
47,6,12.04.2021,5243,759,Tak,Nie,Nie,Nie,a,Rozszerzony,270
48,6,12.04.2021,3397,366,Tak,Nie,Nie,Nie,a,Podstawowy,1060
49,6,12.04.2021,7014,539,Tak,Nie,Nie,Nie,d,Rozszerzony,18010
50,6,12.04.2021,4110,343,Tak,Nie,Nie,Nie,d,Podstawowy,6260
1,5,11.04.2021,3733,507,Tak,Nie,Nie,Nie,c,Podstawowy,1270
2,5,11.04.2021,4701,516,Tak,Nie,Nie,Nie,a,Podstawowy,570
3,5,11.04.2021,6169,696,Tak,Nie,Nie,Nie,a,Podstawowy,14130
4,5,11.04.2021,7682,1166,Tak,Nie,Nie,Nie,c,Rozszerzony,620
5,5,11.04.2021,3623,492,Tak,Nie,Nie,Nie,a,Podstawowy,29910
6,5,11.04.2021,4889,587,Tak,Nie,Nie,Nie,a,Podstawowy,310
7,5,11.04.2021,7861,946,Tak,Nie,Nie,Nie,a,Rozszerzony,24000
8,5,11.04.2021,4194,541,Tak,Nie,Nie,Nie,a,Podstawowy,7520
9,5,11.04.2021,5426,517,Tak,Nie,Nie,Nie,a,Rozszerzony,2030
10,5,11.04.2021,4456,519,Tak,Nie,Nie,Tak,a,Podstawowy,3160
11,5,11.04.2021,7547,1132,Tak,Nie,Nie,Nie,a,Rozszerzony,960
12,5,11.04.2021,6210,805,Tak,Nie,Nie,Nie,a,Rozszerzony,1070
13,5,11.04.2021,4239,338,Tak,Nie,Nie,Nie,d,Podstawowy,310
14,5,11.04.2021,5272,645,Tak,Nie,Nie,Nie,a,Podstawowy,1300
15,5,11.04.2021,6818,653,Tak,Nie,Nie,Nie,d,Rozszerzony,4110
16,5,11.04.2021,7324,888,Tak,Nie,Nie,Nie,a,Rozszerzony,3270
17,5,11.04.2021,5267,769,Tak,Nie,Nie,Nie,a,Podstawowy,50
18,5,11.04.2021,6618,753,Tak,Nie,Nie,Nie,d,Rozszerzony,13840
19,5,11.04.2021,5959,630,Tak,Nie,Nie,Nie,a,Rozszerzony,3240
20,5,11.04.2021,7684,832,Tak,Nie,Nie,Nie,d,Podstawowy,2340
21,5,11.04.2021,3977,415,Tak,Nie,Nie,Nie,c,Rozszerzony,550
22,5,11.04.2021,4676,563,Tak,Nie,Nie,Nie,a,Podstawowy,1040
23,5,11.04.2021,5722,517,Tak,Nie,Nie,Nie,d,Podstawowy,4060
24,5,11.04.2021,7930,746,Tak,Nie,Nie,Nie,a,Rozszerzony,4590
25,5,11.04.2021,8961,1424,Tak,Nie,Nie,Nie,c,Podstawowy,430
26,5,11.04.2021,5638,492,Tak,Nie,Nie,Nie,d,Podstawowy,2300
27,5,11.04.2021,7749,979,Tak,Nie,Nie,Nie,a,Podstawowy,60
28,5,11.04.2021,5190,600,Tak,Nie,Nie,Nie,a,Podstawowy,1200
29,5,11.04.2021,6280,606,Tak,Nie,Nie,Nie,d,Rozszerzony,2170
30,5,11.04.2021,3716,598,Tak,Nie,Nie,Nie,a,Podstawowy,40
31,5,11.04.2021,5362,579,Tak,Nie,Nie,Nie,d,Rozszerzony,9800
32,5,11.04.2021,3781,481,Tak,Nie,Nie,Nie,a,Podstawowy,2910
33,5,11.04.2021,7509,841,Tak,Nie,Nie,Nie,a,Rozszerzony,1320
34,5,11.04.2021,7151,950,Tak,Nie,Nie,Nie,c,Podstawowy,2240
35,5,11.04.2021,8468,673,Tak,Nie,Nie,Nie,d,Rozszerzony,7660
36,5,11.04.2021,9096,1014,Tak,Nie,Nie,Nie,a,Rozszerzony,540
37,5,11.04.2021,5962,695,Tak,Nie,Nie,Nie,c,Podstawowy,4230
38,5,11.04.2021,4498,466,Tak,Nie,Nie,Nie,d,Podstawowy,1090
39,5,11.04.2021,3768,538,Tak,Nie,Nie,Nie,a,Podstawowy,260
40,5,11.04.2021,4126,604,Tak,Nie,Nie,Nie,a,Podstawowy,180
41,5,11.04.2021,5176,416,Tak,Nie,Nie,Nie,d,Rozszerzony,1180
42,5,11.04.2021,9214,1036,Tak,Nie,Nie,Nie,a,Rozszerzony,290
43,5,11.04.2021,6492,630,Tak,Nie,Nie,Nie,d,Podstawowy,4880
44,5,11.04.2021,4972,677,Tak,Nie,Nie,Nie,a,Podstawowy,540
45,5,11.04.2021,4599,387,Tak,Nie,Nie,Nie,d,Podstawowy,9710
46,5,11.04.2021,4467,629,Tak,Nie,Nie,Nie,c,Podstawowy,1200
47,5,11.04.2021,6082,838,Tak,Nie,Nie,Nie,a,Rozszerzony,270
48,5,11.04.2021,4020,468,Tak,Nie,Nie,Nie,a,Podstawowy,1060
49,5,11.04.2021,6809,491,Tak,Nie,Nie,Nie,d,Rozszerzony,18010
50,5,11.04.2021,3072,272,Tak,Nie,Nie,Nie,d,Podstawowy,6260
1,4,10.04.2021,3948,501,Tak,Nie,Nie,Nie,c,Podstawowy,1270
2,4,10.04.2021,3691,471,Tak,Nie,Nie,Nie,a,Podstawowy,570
3,4,10.04.2021,5683,700,Tak,Nie,Nie,Nie,a,Podstawowy,14130
4,4,10.04.2021,7714,1139,Tak,Nie,Nie,Nie,c,Rozszerzony,620
5,4,10.04.2021,3526,475,Tak,Nie,Nie,Nie,a,Podstawowy,29910
6,4,10.04.2021,4077,535,Tak,Nie,Nie,Nie,a,Podstawowy,310
7,4,10.04.2021,7443,877,Tak,Nie,Nie,Nie,a,Rozszerzony,24000
8,4,10.04.2021,5381,752,Tak,Nie,Nie,Nie,a,Podstawowy,7520
9,4,10.04.2021,5367,543,Tak,Nie,Nie,Nie,a,Rozszerzony,2030
10,4,10.04.2021,4584,489,Tak,Nie,Nie,Tak,a,Podstawowy,3160
11,4,10.04.2021,6802,1089,Tak,Nie,Nie,Nie,a,Rozszerzony,960
12,4,10.04.2021,6455,839,Tak,Nie,Nie,Nie,a,Rozszerzony,1070
13,4,10.04.2021,3829,320,Tak,Nie,Nie,Nie,d,Podstawowy,310
14,4,10.04.2021,5216,629,Tak,Nie,Nie,Nie,a,Podstawowy,1300
15,4,10.04.2021,5400,588,Tak,Nie,Nie,Nie,d,Rozszerzony,4110
16,4,10.04.2021,6693,880,Tak,Nie,Nie,Nie,a,Rozszerzony,3270
17,4,10.04.2021,5197,712,Tak,Nie,Nie,Nie,a,Podstawowy,50
18,4,10.04.2021,5408,673,Tak,Nie,Nie,Nie,d,Rozszerzony,13840
19,4,10.04.2021,5889,601,Tak,Nie,Nie,Nie,a,Rozszerzony,3240
20,4,10.04.2021,8490,1031,Tak,Nie,Nie,Nie,d,Podstawowy,2340
21,4,10.04.2021,3709,442,Tak,Nie,Nie,Nie,c,Rozszerzony,550
22,4,10.04.2021,3518,443,Tak,Nie,Nie,Nie,a,Podstawowy,1040
23,4,10.04.2021,4427,421,Tak,Nie,Nie,Nie,d,Podstawowy,4060
24,4,10.04.2021,7033,693,Tak,Nie,Nie,Nie,a,Rozszerzony,4590
25,4,10.04.2021,9338,1421,Tak,Nie,Nie,Nie,c,Podstawowy,430
26,4,10.04.2021,5052,475,Tak,Nie,Nie,Nie,d,Podstawowy,2300
27,4,10.04.2021,7987,1027,Tak,Nie,Nie,Nie,a,Podstawowy,60
28,4,10.04.2021,4987,609,Tak,Nie,Nie,Nie,a,Podstawowy,1200
29,4,10.04.2021,5359,557,Tak,Nie,Nie,Nie,d,Rozszerzony,2170
30,4,10.04.2021,3829,667,Tak,Nie,Nie,Nie,a,Podstawowy,40
31,4,10.04.2021,4861,514,Tak,Nie,Nie,Nie,d,Rozszerzony,9800
32,4,10.04.2021,3387,447,Tak,Nie,Nie,Nie,a,Podstawowy,2910
33,4,10.04.2021,6582,700,Tak,Nie,Nie,Nie,a,Rozszerzony,1320
34,4,10.04.2021,6191,845,Tak,Nie,Nie,Nie,c,Podstawowy,2240
35,4,10.04.2021,7747,612,Tak,Nie,Nie,Nie,d,Rozszerzony,7660
36,4,10.04.2021,7790,962,Tak,Nie,Nie,Nie,a,Rozszerzony,540
37,4,10.04.2021,5867,699,Tak,Nie,Nie,Nie,c,Podstawowy,4230
38,4,10.04.2021,3779,403,Tak,Nie,Nie,Nie,d,Podstawowy,1090
39,4,10.04.2021,3735,544,Tak,Nie,Nie,Nie,a,Podstawowy,260
40,4,10.04.2021,4438,642,Tak,Nie,Nie,Nie,a,Podstawowy,180
41,4,10.04.2021,5197,356,Tak,Nie,Nie,Nie,d,Rozszerzony,1180
42,4,10.04.2021,8819,999,Tak,Nie,Nie,Nie,a,Rozszerzony,290
43,4,10.04.2021,6008,582,Tak,Nie,Nie,Nie,d,Podstawowy,4880
44,4,10.04.2021,4811,633,Tak,Nie,Nie,Nie,a,Podstawowy,540
45,4,10.04.2021,4242,358,Tak,Nie,Nie,Nie,d,Podstawowy,9710
46,4,10.04.2021,3939,585,Tak,Nie,Nie,Nie,c,Podstawowy,1200
47,4,10.04.2021,5586,804,Tak,Nie,Nie,Nie,a,Rozszerzony,270
48,4,10.04.2021,3778,466,Tak,Nie,Nie,Nie,a,Podstawowy,1060
49,4,10.04.2021,6272,458,Tak,Nie,Nie,Nie,d,Rozszerzony,18010
50,4,10.04.2021,2814,269,Tak,Nie,Nie,Nie,d,Podstawowy,6260
1,3,09.04.2021,3919,528,Tak,Nie,Nie,Nie,c,Podstawowy,1270
2,3,09.04.2021,5142,706,Tak,Nie,Nie,Nie,a,Podstawowy,570
3,3,09.04.2021,5389,655,Tak,Nie,Nie,Nie,a,Podstawowy,14130
4,3,09.04.2021,7890,1145,Tak,Nie,Nie,Nie,c,Rozszerzony,620
5,3,09.04.2021,4013,581,Tak,Nie,Nie,Nie,a,Podstawowy,29910
6,3,09.04.2021,4196,537,Tak,Nie,Nie,Nie,a,Podstawowy,310
7,3,09.04.2021,6923,812,Tak,Nie,Nie,Nie,a,Rozszerzony,24000
8,3,09.04.2021,4406,597,Tak,Nie,Nie,Nie,a,Podstawowy,7520
9,3,09.04.2021,5492,519,Tak,Nie,Nie,Nie,a,Rozszerzony,2030
10,3,09.04.2021,4152,464,Tak,Nie,Nie,Tak,a,Podstawowy,3160
11,3,09.04.2021,7561,1174,Tak,Nie,Nie,Nie,a,Rozszerzony,960
12,3,09.04.2021,7020,871,Tak,Nie,Nie,Nie,a,Rozszerzony,1070
13,3,09.04.2021,3473,308,Tak,Nie,Nie,Nie,d,Podstawowy,310
14,3,09.04.2021,5242,617,Tak,Nie,Nie,Nie,a,Podstawowy,1300
15,3,09.04.2021,5134,570,Tak,Nie,Nie,Nie,d,Rozszerzony,4110
16,3,09.04.2021,6923,837,Tak,Nie,Nie,Nie,a,Rozszerzony,3270
17,3,09.04.2021,5070,699,Tak,Nie,Nie,Nie,a,Podstawowy,50
18,3,09.04.2021,6027,694,Tak,Nie,Nie,Nie,d,Rozszerzony,13840
19,3,09.04.2021,5667,626,Tak,Nie,Nie,Nie,a,Rozszerzony,3240
20,3,09.04.2021,8385,954,Tak,Nie,Nie,Nie,d,Podstawowy,2340
21,3,09.04.2021,3436,402,Tak,Nie,Nie,Nie,c,Rozszerzony,550
22,3,09.04.2021,3975,453,Tak,Nie,Nie,Nie,a,Podstawowy,1040
23,3,09.04.2021,4348,415,Tak,Nie,Nie,Nie,d,Podstawowy,4060
24,3,09.04.2021,7317,725,Tak,Nie,Nie,Nie,a,Rozszerzony,4590
25,3,09.04.2021,9263,1381,Tak,Nie,Nie,Nie,c,Podstawowy,430
26,3,09.04.2021,4646,416,Tak,Nie,Nie,Nie,d,Podstawowy,2300
27,3,09.04.2021,7359,930,Tak,Nie,Nie,Nie,a,Podstawowy,60
28,3,09.04.2021,4528,536,Tak,Nie,Nie,Nie,a,Podstawowy,1200
29,3,09.04.2021,6050,576,Tak,Nie,Nie,Nie,d,Rozszerzony,2170
30,3,09.04.2021,3657,595,Tak,Nie,Nie,Nie,a,Podstawowy,40
31,3,09.04.2021,4854,524,Tak,Nie,Nie,Nie,d,Rozszerzony,9800
32,3,09.04.2021,3586,483,Tak,Nie,Nie,Nie,a,Podstawowy,2910
33,3,09.04.2021,6845,717,Tak,Nie,Nie,Nie,a,Rozszerzony,1320
34,3,09.04.2021,6926,857,Tak,Nie,Nie,Nie,c,Podstawowy,2240
35,3,09.04.2021,7447,622,Tak,Nie,Nie,Nie,d,Rozszerzony,7660
36,3,09.04.2021,7881,981,Tak,Nie,Nie,Nie,a,Rozszerzony,540
37,3,09.04.2021,4439,550,Tak,Nie,Nie,Nie,c,Podstawowy,4230
38,3,09.04.2021,3866,416,Tak,Nie,Nie,Nie,d,Podstawowy,1090
39,3,09.04.2021,3810,564,Tak,Nie,Nie,Nie,a,Podstawowy,260
40,3,09.04.2021,3970,607,Tak,Nie,Nie,Nie,a,Podstawowy,180
41,3,09.04.2021,4327,327,Tak,Nie,Nie,Nie,d,Rozszerzony,1180
42,3,09.04.2021,9695,1147,Tak,Nie,Nie,Nie,a,Rozszerzony,290
43,3,09.04.2021,5483,561,Tak,Nie,Nie,Nie,d,Podstawowy,4880
44,3,09.04.2021,4715,590,Tak,Nie,Nie,Nie,a,Podstawowy,540
45,3,09.04.2021,3674,318,Tak,Nie,Nie,Nie,d,Podstawowy,9710
46,3,09.04.2021,3823,550,Tak,Nie,Nie,Nie,c,Podstawowy,1200
47,3,09.04.2021,6287,927,Tak,Nie,Nie,Nie,a,Rozszerzony,270
48,3,09.04.2021,3837,454,Tak,Nie,Nie,Nie,a,Podstawowy,1060
49,3,09.04.2021,6335,444,Tak,Nie,Nie,Nie,d,Rozszerzony,18010
50,3,09.04.2021,2673,268,Tak,Nie,Nie,Nie,d,Podstawowy,6260
1,2,08.04.2021,3990,496,Tak,Nie,Nie,Nie,c,Podstawowy,1270
2,2,08.04.2021,4475,519,Tak,Nie,Nie,Nie,a,Podstawowy,570
3,2,08.04.2021,5218,628,Tak,Nie,Nie,Nie,a,Podstawowy,14130
4,2,08.04.2021,7074,1102,Tak,Nie,Nie,Nie,c,Rozszerzony,620
5,2,08.04.2021,3823,515,Tak,Nie,Nie,Nie,a,Podstawowy,29910
6,2,08.04.2021,4754,620,Tak,Nie,Nie,Nie,a,Podstawowy,310
7,2,08.04.2021,7048,844,Tak,Nie,Nie,Nie,a,Rozszerzony,24000
8,2,08.04.2021,4506,608,Tak,Nie,Nie,Nie,a,Podstawowy,7520
9,2,08.04.2021,5137,508,Tak,Nie,Nie,Nie,a,Rozszerzony,2030
10,2,08.04.2021,4525,490,Tak,Nie,Nie,Tak,a,Podstawowy,3160
11,2,08.04.2021,6181,959,Tak,Nie,Nie,Nie,a,Rozszerzony,960
12,2,08.04.2021,5706,761,Tak,Nie,Nie,Nie,a,Rozszerzony,1070
13,2,08.04.2021,3321,277,Tak,Nie,Nie,Nie,d,Podstawowy,310
14,2,08.04.2021,4745,608,Tak,Nie,Nie,Nie,a,Podstawowy,1300
15,2,08.04.2021,4972,540,Tak,Nie,Nie,Nie,d,Rozszerzony,4110
16,2,08.04.2021,7025,866,Tak,Nie,Nie,Nie,a,Rozszerzony,3270
17,2,08.04.2021,5042,720,Tak,Nie,Nie,Nie,a,Podstawowy,50
18,2,08.04.2021,4971,603,Tak,Nie,Nie,Nie,d,Rozszerzony,13840
19,2,08.04.2021,5842,622,Tak,Nie,Nie,Nie,a,Rozszerzony,3240
20,2,08.04.2021,7720,874,Tak,Nie,Nie,Nie,d,Podstawowy,2340
21,2,08.04.2021,4015,427,Tak,Nie,Nie,Nie,c,Rozszerzony,550
22,2,08.04.2021,3440,404,Tak,Nie,Nie,Nie,a,Podstawowy,1040
23,2,08.04.2021,3998,382,Tak,Nie,Nie,Nie,d,Podstawowy,4060
24,2,08.04.2021,7347,658,Tak,Nie,Nie,Nie,a,Rozszerzony,4590
25,2,08.04.2021,9693,1509,Tak,Nie,Nie,Nie,c,Podstawowy,430
26,2,08.04.2021,4267,409,Tak,Nie,Nie,Nie,d,Podstawowy,2300
27,2,08.04.2021,7046,953,Tak,Nie,Nie,Nie,a,Podstawowy,60
28,2,08.04.2021,4592,562,Tak,Nie,Nie,Nie,a,Podstawowy,1200
29,2,08.04.2021,5626,533,Tak,Nie,Nie,Nie,d,Rozszerzony,2170
30,2,08.04.2021,3601,600,Tak,Nie,Nie,Nie,a,Podstawowy,40
31,2,08.04.2021,4397,480,Tak,Nie,Nie,Nie,d,Rozszerzony,9800
32,2,08.04.2021,3636,485,Tak,Nie,Nie,Nie,a,Podstawowy,2910
33,2,08.04.2021,6557,722,Tak,Nie,Nie,Nie,a,Rozszerzony,1320
34,2,08.04.2021,6615,868,Tak,Nie,Nie,Nie,c,Podstawowy,2240
35,2,08.04.2021,7342,614,Tak,Nie,Nie,Nie,d,Rozszerzony,7660
36,2,08.04.2021,8803,1035,Tak,Nie,Nie,Nie,a,Rozszerzony,540
37,2,08.04.2021,4359,520,Tak,Nie,Nie,Nie,c,Podstawowy,4230
38,2,08.04.2021,4015,421,Tak,Nie,Nie,Nie,d,Podstawowy,1090
39,2,08.04.2021,3452,489,Tak,Nie,Nie,Nie,a,Podstawowy,260
40,2,08.04.2021,3916,586,Tak,Nie,Nie,Nie,a,Podstawowy,180
41,2,08.04.2021,4270,314,Tak,Nie,Nie,Nie,d,Rozszerzony,1180
42,2,08.04.2021,8471,962,Tak,Nie,Nie,Nie,a,Rozszerzony,290
43,2,08.04.2021,6342,604,Tak,Nie,Nie,Nie,d,Podstawowy,4880
44,2,08.04.2021,4393,586,Tak,Nie,Nie,Nie,a,Podstawowy,540
45,2,08.04.2021,3804,334,Tak,Nie,Nie,Nie,d,Podstawowy,9710
46,2,08.04.2021,4281,561,Tak,Nie,Nie,Nie,c,Podstawowy,1200
47,2,08.04.2021,6362,817,Tak,Nie,Nie,Nie,a,Rozszerzony,270
48,2,08.04.2021,3429,395,Tak,Nie,Nie,Nie,a,Podstawowy,1060
49,2,08.04.2021,5151,421,Tak,Nie,Nie,Nie,d,Rozszerzony,18010
50,2,08.04.2021,2714,251,Tak,Nie,Nie,Nie,d,Podstawowy,6260
1,1,07.04.2021,3751,497,Tak,Nie,Nie,Nie,c,Podstawowy,1270
2,1,07.04.2021,3941,528,Tak,Nie,Nie,Nie,a,Podstawowy,570
3,1,07.04.2021,5121,671,Tak,Nie,Nie,Nie,a,Podstawowy,14130
4,1,07.04.2021,7733,1214,Tak,Nie,Nie,Nie,c,Rozszerzony,620
5,1,07.04.2021,4014,557,Tak,Nie,Nie,Nie,a,Podstawowy,29910
6,1,07.04.2021,4749,645,Tak,Nie,Nie,Nie,a,Podstawowy,310
7,1,07.04.2021,7377,947,Tak,Nie,Nie,Nie,a,Rozszerzony,24000
8,1,07.04.2021,4816,660,Tak,Nie,Nie,Nie,a,Podstawowy,7520
9,1,07.04.2021,6753,624,Tak,Nie,Nie,Nie,a,Rozszerzony,2030
10,1,07.04.2021,4828,544,Tak,Nie,Nie,Tak,a,Podstawowy,3160
11,1,07.04.2021,7404,1149,Tak,Nie,Nie,Nie,a,Rozszerzony,960
12,1,07.04.2021,6662,887,Tak,Nie,Nie,Nie,a,Rozszerzony,1070
13,1,07.04.2021,3783,336,Tak,Nie,Nie,Nie,d,Podstawowy,310
14,1,07.04.2021,5554,688,Tak,Nie,Nie,Nie,a,Podstawowy,1300
15,1,07.04.2021,5098,611,Tak,Nie,Nie,Nie,d,Rozszerzony,4110
16,1,07.04.2021,7240,901,Tak,Nie,Nie,Nie,a,Rozszerzony,3270
17,1,07.04.2021,5283,764,Tak,Nie,Nie,Nie,a,Podstawowy,50
18,1,07.04.2021,5582,651,Tak,Nie,Nie,Nie,d,Rozszerzony,13840
19,1,07.04.2021,6231,688,Tak,Nie,Nie,Nie,a,Rozszerzony,3240
20,1,07.04.2021,10284,1144,Tak,Nie,Nie,Nie,d,Podstawowy,2340
21,1,07.04.2021,4070,442,Tak,Nie,Nie,Nie,c,Rozszerzony,550
22,1,07.04.2021,3860,489,Tak,Nie,Nie,Nie,a,Podstawowy,1040
23,1,07.04.2021,4105,401,Tak,Nie,Nie,Nie,d,Podstawowy,4060
24,1,07.04.2021,7561,747,Tak,Nie,Nie,Nie,a,Rozszerzony,4590
25,1,07.04.2021,10096,1606,Tak,Nie,Nie,Nie,c,Podstawowy,430
26,1,07.04.2021,4906,464,Tak,Nie,Nie,Nie,d,Podstawowy,2300
27,1,07.04.2021,7230,925,Tak,Nie,Nie,Nie,a,Podstawowy,60
28,1,07.04.2021,4647,596,Tak,Nie,Nie,Nie,a,Podstawowy,1200
29,1,07.04.2021,5706,607,Tak,Nie,Nie,Nie,d,Rozszerzony,2170
30,1,07.04.2021,3954,617,Tak,Nie,Nie,Nie,a,Podstawowy,40
31,1,07.04.2021,4217,525,Tak,Nie,Nie,Nie,d,Rozszerzony,9800
32,1,07.04.2021,3872,539,Tak,Nie,Nie,Nie,a,Podstawowy,2910
33,1,07.04.2021,7702,813,Tak,Nie,Nie,Nie,a,Rozszerzony,1320
34,1,07.04.2021,7104,943,Tak,Nie,Nie,Nie,c,Podstawowy,2240
35,1,07.04.2021,7396,671,Tak,Nie,Nie,Nie,d,Rozszerzony,7660
36,1,07.04.2021,9045,1170,Tak,Nie,Nie,Nie,a,Rozszerzony,540
37,1,07.04.2021,4651,550,Tak,Nie,Nie,Nie,c,Podstawowy,4230
38,1,07.04.2021,3964,453,Tak,Nie,Nie,Nie,d,Podstawowy,1090
39,1,07.04.2021,4047,580,Tak,Nie,Nie,Nie,a,Podstawowy,260
40,1,07.04.2021,3811,583,Tak,Nie,Nie,Nie,a,Podstawowy,180
41,1,07.04.2021,4460,360,Tak,Nie,Nie,Nie,d,Rozszerzony,1180
42,1,07.04.2021,8846,1080,Tak,Nie,Nie,Nie,a,Rozszerzony,290
43,1,07.04.2021,6136,571,Tak,Nie,Nie,Nie,d,Podstawowy,4880
44,1,07.04.2021,5422,678,Tak,Nie,Nie,Nie,a,Podstawowy,540
45,1,07.04.2021,3674,335,Tak,Nie,Nie,Nie,d,Podstawowy,9710
46,1,07.04.2021,3465,543,Tak,Nie,Nie,Nie,c,Podstawowy,1200
47,1,07.04.2021,6160,948,Tak,Nie,Nie,Nie,a,Rozszerzony,270
48,1,07.04.2021,4302,507,Tak,Nie,Nie,Nie,a,Podstawowy,1060
49,1,07.04.2021,5395,419,Tak,Nie,Nie,Nie,d,Rozszerzony,18010
50,1,07.04.2021,2939,271,Tak,Nie,Nie,Nie,d,Podstawowy,6260
1,7,06.04.2021,0,0,Nie,Nie,Nie,Nie,c,Podstawowy,1270
2,7,06.04.2021,0,0,Nie,Nie,Nie,Nie,a,Podstawowy,570
3,7,06.04.2021,0,0,Nie,Nie,Nie,Nie,a,Podstawowy,14130
4,7,06.04.2021,0,0,Nie,Nie,Nie,Nie,c,Rozszerzony,620
5,7,06.04.2021,0,0,Nie,Nie,Nie,Nie,a,Podstawowy,29910
6,7,06.04.2021,0,0,Nie,Nie,Nie,Nie,a,Podstawowy,310
7,7,06.04.2021,0,0,Nie,Nie,Nie,Nie,a,Rozszerzony,24000
8,7,06.04.2021,0,0,Nie,Nie,Nie,Nie,a,Podstawowy,7520
9,7,06.04.2021,0,0,Nie,Nie,Nie,Nie,a,Rozszerzony,2030
10,7,06.04.2021,0,0,Nie,Nie,Nie,Tak,a,Podstawowy,3160
11,7,06.04.2021,0,0,Nie,Nie,Nie,Nie,a,Rozszerzony,960
12,7,06.04.2021,0,0,Nie,Nie,Nie,Nie,a,Rozszerzony,1070
13,7,06.04.2021,0,0,Nie,Nie,Nie,Nie,d,Podstawowy,310
14,7,06.04.2021,0,0,Nie,Nie,Nie,Nie,a,Podstawowy,1300
15,7,06.04.2021,0,0,Nie,Nie,Nie,Nie,d,Rozszerzony,4110
16,7,06.04.2021,0,0,Nie,Nie,Nie,Nie,a,Rozszerzony,3270
17,7,06.04.2021,0,0,Nie,Nie,Nie,Nie,a,Podstawowy,50
18,7,06.04.2021,0,0,Nie,Nie,Nie,Nie,d,Rozszerzony,13840
19,7,06.04.2021,0,0,Nie,Nie,Nie,Nie,a,Rozszerzony,3240
20,7,06.04.2021,0,0,Nie,Nie,Nie,Nie,d,Podstawowy,2340
21,7,06.04.2021,0,0,Nie,Nie,Nie,Nie,c,Rozszerzony,550
22,7,06.04.2021,0,0,Nie,Nie,Nie,Nie,a,Podstawowy,1040
23,7,06.04.2021,0,0,Nie,Nie,Nie,Nie,d,Podstawowy,4060
24,7,06.04.2021,0,0,Nie,Nie,Nie,Nie,a,Rozszerzony,4590
25,7,06.04.2021,0,0,Nie,Nie,Nie,Nie,c,Podstawowy,430
26,7,06.04.2021,0,0,Nie,Nie,Nie,Nie,d,Podstawowy,2300
27,7,06.04.2021,0,0,Nie,Nie,Nie,Nie,a,Podstawowy,60
28,7,06.04.2021,0,0,Nie,Nie,Nie,Nie,a,Podstawowy,1200
29,7,06.04.2021,0,0,Nie,Nie,Nie,Nie,d,Rozszerzony,2170
30,7,06.04.2021,0,0,Nie,Nie,Nie,Nie,a,Podstawowy,40
31,7,06.04.2021,0,0,Nie,Nie,Nie,Nie,d,Rozszerzony,9800
32,7,06.04.2021,0,0,Nie,Nie,Nie,Nie,a,Podstawowy,2910
33,7,06.04.2021,0,0,Nie,Nie,Nie,Nie,a,Rozszerzony,1320
34,7,06.04.2021,0,0,Nie,Nie,Nie,Nie,c,Podstawowy,2240
35,7,06.04.2021,0,0,Nie,Nie,Nie,Nie,d,Rozszerzony,7660
36,7,06.04.2021,0,0,Nie,Nie,Nie,Nie,a,Rozszerzony,540
37,7,06.04.2021,0,0,Nie,Nie,Nie,Nie,c,Podstawowy,4230
38,7,06.04.2021,0,0,Nie,Nie,Nie,Nie,d,Podstawowy,1090
39,7,06.04.2021,0,0,Nie,Nie,Nie,Nie,a,Podstawowy,260
40,7,06.04.2021,0,0,Nie,Nie,Nie,Nie,a,Podstawowy,180
41,7,06.04.2021,0,0,Nie,Nie,Nie,Nie,d,Rozszerzony,1180
42,7,06.04.2021,0,0,Nie,Nie,Nie,Nie,a,Rozszerzony,290
43,7,06.04.2021,0,0,Nie,Nie,Nie,Nie,d,Podstawowy,4880
44,7,06.04.2021,0,0,Nie,Nie,Nie,Nie,a,Podstawowy,540
45,7,06.04.2021,0,0,Nie,Nie,Nie,Nie,d,Podstawowy,9710
46,7,06.04.2021,0,0,Nie,Nie,Nie,Nie,c,Podstawowy,1200
47,7,06.04.2021,0,0,Nie,Nie,Nie,Nie,a,Rozszerzony,270
48,7,06.04.2021,0,0,Nie,Nie,Nie,Nie,a,Podstawowy,1060
49,7,06.04.2021,0,0,Nie,Nie,Nie,Nie,d,Rozszerzony,18010
50,7,06.04.2021,0,0,Nie,Nie,Nie,Nie,d,Podstawowy,6260
1,6,05.04.2021,4599,571,Tak,Nie,Nie,Nie,c,Podstawowy,1270
2,6,05.04.2021,2655,330,Tak,Nie,Nie,Nie,a,Podstawowy,570
3,6,05.04.2021,3904,434,Tak,Nie,Nie,Nie,a,Podstawowy,14130
4,6,05.04.2021,9423,1381,Tak,Nie,Nie,Nie,c,Rozszerzony,620
5,6,05.04.2021,1911,218,Tak,Nie,Nie,Nie,a,Podstawowy,29910
6,6,05.04.2021,3335,365,Tak,Nie,Nie,Nie,a,Podstawowy,310
7,6,05.04.2021,4586,514,Tak,Nie,Nie,Nie,a,Rozszerzony,24000
8,6,05.04.2021,2677,343,Tak,Nie,Nie,Nie,a,Podstawowy,7520
9,6,05.04.2021,5996,513,Tak,Nie,Nie,Nie,a,Rozszerzony,2030
10,6,05.04.2021,4778,512,Tak,Nie,Nie,Tak,a,Podstawowy,3160
11,6,05.04.2021,6312,829,Tak,Nie,Nie,Nie,a,Rozszerzony,960
12,6,05.04.2021,5581,681,Tak,Nie,Nie,Nie,a,Rozszerzony,1070
13,6,05.04.2021,4190,346,Tak,Nie,Nie,Nie,d,Podstawowy,310
14,6,05.04.2021,3381,415,Tak,Nie,Nie,Nie,a,Podstawowy,1300
15,6,05.04.2021,5711,613,Tak,Nie,Nie,Nie,d,Rozszerzony,4110
16,6,05.04.2021,5277,555,Tak,Nie,Nie,Nie,a,Rozszerzony,3270
17,6,05.04.2021,2826,386,Tak,Nie,Nie,Nie,a,Podstawowy,50
18,6,05.04.2021,4299,533,Tak,Nie,Nie,Nie,d,Rozszerzony,13840
19,6,05.04.2021,4128,421,Tak,Nie,Nie,Nie,a,Rozszerzony,3240
20,6,05.04.2021,7534,716,Tak,Nie,Nie,Nie,d,Podstawowy,2340
21,6,05.04.2021,5500,591,Tak,Nie,Nie,Nie,c,Rozszerzony,550
22,6,05.04.2021,3331,405,Tak,Nie,Nie,Nie,a,Podstawowy,1040
23,6,05.04.2021,4807,440,Tak,Nie,Nie,Nie,d,Podstawowy,4060
24,6,05.04.2021,6783,630,Tak,Nie,Nie,Nie,a,Rozszerzony,4590
25,6,05.04.2021,8531,1232,Tak,Nie,Nie,Nie,c,Podstawowy,430
26,6,05.04.2021,5163,497,Tak,Nie,Nie,Nie,d,Podstawowy,2300
27,6,05.04.2021,7485,869,Tak,Nie,Nie,Nie,a,Podstawowy,60
28,6,05.04.2021,2673,323,Tak,Nie,Nie,Nie,a,Podstawowy,1200
29,6,05.04.2021,7212,678,Tak,Nie,Nie,Nie,d,Rozszerzony,2170
30,6,05.04.2021,4177,696,Tak,Nie,Nie,Nie,a,Podstawowy,40
31,6,05.04.2021,5511,582,Tak,Nie,Nie,Nie,d,Rozszerzony,9800
32,6,05.04.2021,2549,308,Tak,Nie,Nie,Nie,a,Podstawowy,2910
33,6,05.04.2021,7721,783,Tak,Nie,Nie,Nie,a,Rozszerzony,1320
34,6,05.04.2021,7595,936,Tak,Nie,Nie,Nie,c,Podstawowy,2240
35,6,05.04.2021,8625,689,Tak,Nie,Nie,Nie,d,Rozszerzony,7660
36,6,05.04.2021,9756,1079,Tak,Nie,Nie,Nie,a,Rozszerzony,540
37,6,05.04.2021,7623,887,Tak,Nie,Nie,Nie,c,Podstawowy,4230
38,6,05.04.2021,7247,648,Tak,Nie,Nie,Nie,d,Podstawowy,1090
39,6,05.04.2021,3122,440,Tak,Nie,Nie,Nie,a,Podstawowy,260
40,6,05.04.2021,5736,737,Tak,Nie,Nie,Nie,a,Podstawowy,180
41,6,05.04.2021,5892,440,Tak,Nie,Nie,Nie,d,Rozszerzony,1180
42,6,05.04.2021,8713,931,Tak,Nie,Nie,Nie,a,Rozszerzony,290
43,6,05.04.2021,4750,432,Tak,Nie,Nie,Nie,d,Podstawowy,4880
44,6,05.04.2021,3613,477,Tak,Nie,Nie,Nie,a,Podstawowy,540
45,6,05.04.2021,4982,432,Tak,Nie,Nie,Nie,d,Podstawowy,9710
46,6,05.04.2021,5095,689,Tak,Nie,Nie,Nie,c,Podstawowy,1200
47,6,05.04.2021,4937,707,Tak,Nie,Nie,Nie,a,Rozszerzony,270
48,6,05.04.2021,3443,364,Tak,Nie,Nie,Nie,a,Podstawowy,1060
49,6,05.04.2021,7423,569,Tak,Nie,Nie,Nie,d,Rozszerzony,18010
50,6,05.04.2021,4206,401,Tak,Nie,Nie,Nie,d,Podstawowy,6260
1,5,04.04.2021,4738,552,Tak,Tak,Nie,Nie,c,Podstawowy,1270
2,5,04.04.2021,5016,566,Tak,Tak,Nie,Nie,a,Podstawowy,570
3,5,04.04.2021,7562,827,Tak,Tak,Nie,Nie,a,Podstawowy,14130
4,5,04.04.2021,9411,1286,Tak,Tak,Nie,Nie,c,Rozszerzony,620
5,5,04.04.2021,5251,588,Tak,Tak,Nie,Nie,a,Podstawowy,29910
6,5,04.04.2021,5834,648,Tak,Tak,Nie,Nie,a,Podstawowy,310
7,5,04.04.2021,9611,1015,Tak,Tak,Nie,Nie,a,Rozszerzony,24000
8,5,04.04.2021,4978,579,Tak,Tak,Nie,Nie,a,Podstawowy,7520
9,5,04.04.2021,7112,620,Tak,Tak,Nie,Nie,a,Rozszerzony,2030
10,5,04.04.2021,5932,614,Tak,Tak,Nie,Tak,a,Podstawowy,3160
11,5,04.04.2021,8197,1182,Tak,Tak,Nie,Nie,a,Rozszerzony,960
12,5,04.04.2021,7664,850,Tak,Tak,Nie,Nie,a,Rozszerzony,1070
13,5,04.04.2021,6895,446,Tak,Tak,Nie,Nie,d,Podstawowy,310
14,5,04.04.2021,6332,708,Tak,Tak,Nie,Nie,a,Podstawowy,1300
15,5,04.04.2021,7445,684,Tak,Tak,Nie,Nie,d,Rozszerzony,4110
16,5,04.04.2021,7958,930,Tak,Tak,Nie,Nie,a,Rozszerzony,3270
17,5,04.04.2021,7470,927,Tak,Tak,Nie,Nie,a,Podstawowy,50
18,5,04.04.2021,7317,804,Tak,Tak,Nie,Nie,d,Rozszerzony,13840
19,5,04.04.2021,7535,716,Tak,Tak,Nie,Nie,a,Rozszerzony,3240
20,5,04.04.2021,0,0,Nie,Tak,Nie,Nie,d,Podstawowy,2340
21,5,04.04.2021,6774,615,Tak,Tak,Nie,Nie,c,Rozszerzony,550
22,5,04.04.2021,5210,592,Tak,Tak,Nie,Nie,a,Podstawowy,1040
23,5,04.04.2021,6527,539,Tak,Tak,Nie,Nie,d,Podstawowy,4060
24,5,04.04.2021,9736,845,Tak,Tak,Nie,Nie,a,Rozszerzony,4590
25,5,04.04.2021,11330,1575,Tak,Tak,Nie,Nie,c,Podstawowy,430
26,5,04.04.2021,8100,652,Tak,Tak,Nie,Nie,d,Podstawowy,2300
27,5,04.04.2021,10229,1142,Tak,Tak,Nie,Nie,a,Podstawowy,60
28,5,04.04.2021,6339,662,Tak,Tak,Nie,Nie,a,Podstawowy,1200
29,5,04.04.2021,7483,667,Tak,Tak,Nie,Nie,d,Rozszerzony,2170
30,5,04.04.2021,5032,706,Tak,Tak,Nie,Nie,a,Podstawowy,40
31,5,04.04.2021,7149,630,Tak,Tak,Nie,Nie,d,Rozszerzony,9800
32,5,04.04.2021,4964,533,Tak,Tak,Nie,Nie,a,Podstawowy,2910
33,5,04.04.2021,8102,860,Tak,Tak,Nie,Nie,a,Rozszerzony,1320
34,5,04.04.2021,8380,1018,Tak,Tak,Nie,Nie,c,Podstawowy,2240
35,5,04.04.2021,10921,786,Tak,Tak,Nie,Nie,d,Rozszerzony,7660
36,5,04.04.2021,9999,1105,Tak,Tak,Nie,Nie,a,Rozszerzony,540
37,5,04.04.2021,8230,910,Tak,Tak,Nie,Nie,c,Podstawowy,4230
38,5,04.04.2021,6438,566,Tak,Tak,Nie,Nie,d,Podstawowy,1090
39,5,04.04.2021,5824,720,Tak,Tak,Nie,Nie,a,Podstawowy,260
40,5,04.04.2021,4723,651,Tak,Tak,Nie,Nie,a,Podstawowy,180
41,5,04.04.2021,6173,430,Tak,Tak,Nie,Nie,d,Rozszerzony,1180
42,5,04.04.2021,10944,1122,Tak,Tak,Nie,Nie,a,Rozszerzony,290
43,5,04.04.2021,8560,760,Tak,Tak,Nie,Nie,d,Podstawowy,4880
44,5,04.04.2021,6880,801,Tak,Tak,Nie,Nie,a,Podstawowy,540
45,5,04.04.2021,5581,421,Tak,Tak,Nie,Nie,d,Podstawowy,9710
46,5,04.04.2021,6323,719,Tak,Tak,Nie,Nie,c,Podstawowy,1200
47,5,04.04.2021,7032,857,Tak,Tak,Nie,Nie,a,Rozszerzony,270
48,5,04.04.2021,3584,379,Tak,Tak,Nie,Nie,a,Podstawowy,1060
49,5,04.04.2021,7615,552,Tak,Tak,Nie,Nie,d,Rozszerzony,18010
50,5,04.04.2021,4246,368,Tak,Tak,Nie,Nie,d,Podstawowy,6260
1,4,03.04.2021,4556,526,Tak,Tak,Nie,Nie,c,Podstawowy,1270
2,4,03.04.2021,5078,581,Tak,Tak,Nie,Nie,a,Podstawowy,570
3,4,03.04.2021,7477,838,Tak,Tak,Nie,Nie,a,Podstawowy,14130
4,4,03.04.2021,9189,1277,Tak,Tak,Nie,Nie,c,Rozszerzony,620
5,4,03.04.2021,4853,605,Tak,Tak,Nie,Nie,a,Podstawowy,29910
6,4,03.04.2021,5790,666,Tak,Tak,Nie,Nie,a,Podstawowy,310
7,4,03.04.2021,9195,1034,Tak,Tak,Nie,Nie,a,Rozszerzony,24000
8,4,03.04.2021,6697,818,Tak,Tak,Nie,Nie,a,Podstawowy,7520
9,4,03.04.2021,6139,577,Tak,Tak,Nie,Nie,a,Rozszerzony,2030
10,4,03.04.2021,5898,603,Tak,Tak,Nie,Tak,a,Podstawowy,3160
11,4,03.04.2021,8657,1214,Tak,Tak,Nie,Nie,a,Rozszerzony,960
12,4,03.04.2021,8114,935,Tak,Tak,Nie,Nie,a,Rozszerzony,1070
13,4,03.04.2021,5024,377,Tak,Tak,Nie,Nie,d,Podstawowy,310
14,4,03.04.2021,6536,679,Tak,Tak,Nie,Nie,a,Podstawowy,1300
15,4,03.04.2021,6690,674,Tak,Tak,Nie,Nie,d,Rozszerzony,4110
16,4,03.04.2021,8801,1009,Tak,Tak,Nie,Nie,a,Rozszerzony,3270
17,4,03.04.2021,7115,866,Tak,Tak,Nie,Nie,a,Podstawowy,50
18,4,03.04.2021,6079,688,Tak,Tak,Nie,Nie,d,Rozszerzony,13840
19,4,03.04.2021,6959,703,Tak,Tak,Nie,Nie,a,Rozszerzony,3240
20,4,03.04.2021,0,0,Nie,Tak,Nie,Nie,d,Podstawowy,2340
21,4,03.04.2021,6400,553,Tak,Tak,Nie,Nie,c,Rozszerzony,550
22,4,03.04.2021,4989,533,Tak,Tak,Nie,Nie,a,Podstawowy,1040
23,4,03.04.2021,5511,500,Tak,Tak,Nie,Nie,d,Podstawowy,4060
24,4,03.04.2021,9819,822,Tak,Tak,Nie,Nie,a,Rozszerzony,4590
25,4,03.04.2021,11708,1683,Tak,Tak,Nie,Nie,c,Podstawowy,430
26,4,03.04.2021,7540,646,Tak,Tak,Nie,Nie,d,Podstawowy,2300
27,4,03.04.2021,10143,1174,Tak,Tak,Nie,Nie,a,Podstawowy,60
28,4,03.04.2021,6195,671,Tak,Tak,Nie,Nie,a,Podstawowy,1200
29,4,03.04.2021,7283,652,Tak,Tak,Nie,Nie,d,Rozszerzony,2170
30,4,03.04.2021,6077,855,Tak,Tak,Nie,Nie,a,Podstawowy,40
31,4,03.04.2021,5853,549,Tak,Tak,Nie,Nie,d,Rozszerzony,9800
32,4,03.04.2021,4890,525,Tak,Tak,Nie,Nie,a,Podstawowy,2910
33,4,03.04.2021,9298,880,Tak,Tak,Nie,Nie,a,Rozszerzony,1320
34,4,03.04.2021,8045,1027,Tak,Tak,Nie,Nie,c,Podstawowy,2240
35,4,03.04.2021,10099,751,Tak,Tak,Nie,Nie,d,Rozszerzony,7660
36,4,03.04.2021,9441,1136,Tak,Tak,Nie,Nie,a,Rozszerzony,540
37,4,03.04.2021,7142,787,Tak,Tak,Nie,Nie,c,Podstawowy,4230
38,4,03.04.2021,6783,607,Tak,Tak,Nie,Nie,d,Podstawowy,1090
39,4,03.04.2021,6017,709,Tak,Tak,Nie,Nie,a,Podstawowy,260
40,4,03.04.2021,5048,715,Tak,Tak,Nie,Nie,a,Podstawowy,180
41,4,03.04.2021,5780,414,Tak,Tak,Nie,Nie,d,Rozszerzony,1180
42,4,03.04.2021,11450,1205,Tak,Tak,Nie,Nie,a,Rozszerzony,290
43,4,03.04.2021,7607,676,Tak,Tak,Nie,Nie,d,Podstawowy,4880
44,4,03.04.2021,5668,687,Tak,Tak,Nie,Nie,a,Podstawowy,540
45,4,03.04.2021,5719,432,Tak,Tak,Nie,Nie,d,Podstawowy,9710
46,4,03.04.2021,5799,698,Tak,Tak,Nie,Nie,c,Podstawowy,1200
47,4,03.04.2021,8105,1012,Tak,Tak,Nie,Nie,a,Rozszerzony,270
48,4,03.04.2021,4260,457,Tak,Tak,Nie,Nie,a,Podstawowy,1060
49,4,03.04.2021,7783,537,Tak,Tak,Nie,Nie,d,Rozszerzony,18010
50,4,03.04.2021,4077,318,Tak,Tak,Nie,Nie,d,Podstawowy,6260
1,3,02.04.2021,4834,539,Tak,Tak,Nie,Nie,c,Podstawowy,1270
2,3,02.04.2021,7013,825,Tak,Tak,Nie,Nie,a,Podstawowy,570
3,3,02.04.2021,7481,791,Tak,Tak,Nie,Nie,a,Podstawowy,14130
4,3,02.04.2021,9585,1291,Tak,Tak,Nie,Nie,c,Rozszerzony,620
5,3,02.04.2021,6260,699,Tak,Tak,Nie,Nie,a,Podstawowy,29910
6,3,02.04.2021,6685,740,Tak,Tak,Nie,Nie,a,Podstawowy,310
7,3,02.04.2021,9083,971,Tak,Tak,Nie,Nie,a,Rozszerzony,24000
8,3,02.04.2021,6452,716,Tak,Tak,Nie,Nie,a,Podstawowy,7520
9,3,02.04.2021,6851,581,Tak,Tak,Nie,Nie,a,Rozszerzony,2030
10,3,02.04.2021,6449,653,Tak,Tak,Nie,Nie,a,Podstawowy,3160
11,3,02.04.2021,9507,1300,Tak,Tak,Nie,Nie,a,Rozszerzony,960
12,3,02.04.2021,7284,891,Tak,Tak,Nie,Nie,a,Rozszerzony,1070
13,3,02.04.2021,6070,448,Tak,Tak,Nie,Nie,d,Podstawowy,310
14,3,02.04.2021,5740,673,Tak,Tak,Nie,Nie,a,Podstawowy,1300
15,3,02.04.2021,6082,617,Tak,Tak,Nie,Nie,d,Rozszerzony,4110
16,3,02.04.2021,9039,1003,Tak,Tak,Nie,Nie,a,Rozszerzony,3270
17,3,02.04.2021,6996,887,Tak,Tak,Nie,Nie,a,Podstawowy,50
18,3,02.04.2021,6794,774,Tak,Tak,Nie,Nie,d,Rozszerzony,13840
19,3,02.04.2021,7468,746,Tak,Tak,Nie,Nie,a,Rozszerzony,3240
20,3,02.04.2021,0,0,Nie,Tak,Nie,Nie,d,Podstawowy,2340
21,3,02.04.2021,5845,523,Tak,Tak,Nie,Nie,c,Rozszerzony,550
22,3,02.04.2021,4445,503,Tak,Tak,Nie,Nie,a,Podstawowy,1040
23,3,02.04.2021,5604,493,Tak,Tak,Nie,Nie,d,Podstawowy,4060
24,3,02.04.2021,10060,901,Tak,Tak,Nie,Nie,a,Rozszerzony,4590
25,3,02.04.2021,11668,1612,Tak,Tak,Nie,Nie,c,Podstawowy,430
26,3,02.04.2021,7117,598,Tak,Tak,Nie,Nie,d,Podstawowy,2300
27,3,02.04.2021,8756,1038,Tak,Tak,Nie,Nie,a,Podstawowy,60
28,3,02.04.2021,5959,614,Tak,Tak,Nie,Nie,a,Podstawowy,1200
29,3,02.04.2021,8119,701,Tak,Tak,Nie,Nie,d,Rozszerzony,2170
30,3,02.04.2021,4585,690,Tak,Tak,Nie,Nie,a,Podstawowy,40
31,3,02.04.2021,5526,530,Tak,Tak,Nie,Nie,d,Rozszerzony,9800
32,3,02.04.2021,5376,551,Tak,Tak,Nie,Nie,a,Podstawowy,2910
33,3,02.04.2021,8981,806,Tak,Tak,Nie,Nie,a,Rozszerzony,1320
34,3,02.04.2021,8250,1021,Tak,Tak,Nie,Nie,c,Podstawowy,2240
35,3,02.04.2021,8851,702,Tak,Tak,Nie,Nie,d,Rozszerzony,7660
36,3,02.04.2021,9312,1140,Tak,Tak,Nie,Nie,a,Rozszerzony,540
37,3,02.04.2021,6182,646,Tak,Tak,Nie,Nie,c,Podstawowy,4230
38,3,02.04.2021,6466,550,Tak,Tak,Nie,Nie,d,Podstawowy,1090
39,3,02.04.2021,5660,782,Tak,Tak,Nie,Nie,a,Podstawowy,260
40,3,02.04.2021,5185,643,Tak,Tak,Nie,Nie,a,Podstawowy,180
41,3,02.04.2021,5306,387,Tak,Tak,Nie,Nie,d,Rozszerzony,1180
42,3,02.04.2021,10733,1223,Tak,Tak,Nie,Nie,a,Rozszerzony,290
43,3,02.04.2021,8267,701,Tak,Tak,Nie,Nie,d,Podstawowy,4880
44,3,02.04.2021,6466,734,Tak,Tak,Nie,Nie,a,Podstawowy,540
45,3,02.04.2021,5781,393,Tak,Tak,Nie,Nie,d,Podstawowy,9710
46,3,02.04.2021,5663,620,Tak,Tak,Nie,Nie,c,Podstawowy,1200
47,3,02.04.2021,8754,1137,Tak,Tak,Nie,Nie,a,Rozszerzony,270
48,3,02.04.2021,4806,496,Tak,Tak,Nie,Nie,a,Podstawowy,1060
49,3,02.04.2021,7515,515,Tak,Tak,Nie,Nie,d,Rozszerzony,18010
50,3,02.04.2021,4858,367,Tak,Tak,Nie,Nie,d,Podstawowy,6260
1,2,01.04.2021,5407,583,Tak,Tak,Nie,Nie,c,Podstawowy,1270
2,2,01.04.2021,4862,587,Tak,Tak,Nie,Nie,a,Podstawowy,570
3,2,01.04.2021,6800,804,Tak,Tak,Nie,Nie,a,Podstawowy,14130
4,2,01.04.2021,11772,1436,Tak,Tak,Nie,Nie,c,Rozszerzony,620
5,2,01.04.2021,6100,665,Tak,Tak,Nie,Nie,a,Podstawowy,29910
6,2,01.04.2021,7387,785,Tak,Tak,Nie,Nie,a,Podstawowy,310
7,2,01.04.2021,11435,1134,Tak,Tak,Nie,Nie,a,Rozszerzony,24000
8,2,01.04.2021,8406,857,Tak,Tak,Nie,Nie,a,Podstawowy,7520
9,2,01.04.2021,7152,607,Tak,Tak,Nie,Nie,a,Rozszerzony,2030
10,2,01.04.2021,7048,650,Tak,Tak,Nie,Nie,a,Podstawowy,3160
11,2,01.04.2021,9115,1253,Tak,Tak,Nie,Nie,a,Rozszerzony,960
12,2,01.04.2021,6833,853,Tak,Tak,Nie,Nie,a,Rozszerzony,1070
13,2,01.04.2021,6171,442,Tak,Tak,Nie,Nie,d,Podstawowy,310
14,2,01.04.2021,5896,684,Tak,Tak,Nie,Nie,a,Podstawowy,1300
15,2,01.04.2021,7271,677,Tak,Tak,Nie,Nie,d,Rozszerzony,4110
16,2,01.04.2021,9753,1017,Tak,Tak,Nie,Nie,a,Rozszerzony,3270
17,2,01.04.2021,7440,962,Tak,Tak,Nie,Nie,a,Podstawowy,50
18,2,01.04.2021,5887,676,Tak,Tak,Nie,Nie,d,Rozszerzony,13840
19,2,01.04.2021,7423,694,Tak,Tak,Nie,Nie,a,Rozszerzony,3240
20,2,01.04.2021,8785,1019,Tak,Tak,Nie,Nie,d,Podstawowy,2340
21,2,01.04.2021,5702,529,Tak,Tak,Nie,Nie,c,Rozszerzony,550
22,2,01.04.2021,5465,579,Tak,Tak,Nie,Nie,a,Podstawowy,1040
23,2,01.04.2021,6672,546,Tak,Tak,Nie,Nie,d,Podstawowy,4060
24,2,01.04.2021,9794,888,Tak,Tak,Nie,Nie,a,Rozszerzony,4590
25,2,01.04.2021,14446,1924,Tak,Tak,Nie,Nie,c,Podstawowy,430
26,2,01.04.2021,7141,577,Tak,Tak,Nie,Nie,d,Podstawowy,2300
27,2,01.04.2021,10230,1212,Tak,Tak,Nie,Nie,a,Podstawowy,60
28,2,01.04.2021,7430,755,Tak,Tak,Nie,Nie,a,Podstawowy,1200
29,2,01.04.2021,8737,753,Tak,Tak,Nie,Nie,d,Rozszerzony,2170
30,2,01.04.2021,7343,950,Tak,Tak,Nie,Nie,a,Podstawowy,40
31,2,01.04.2021,6147,573,Tak,Tak,Nie,Nie,d,Rozszerzony,9800
32,2,01.04.2021,5387,572,Tak,Tak,Nie,Nie,a,Podstawowy,2910
33,2,01.04.2021,10013,914,Tak,Tak,Nie,Nie,a,Rozszerzony,1320
34,2,01.04.2021,9456,1152,Tak,Tak,Nie,Nie,c,Podstawowy,2240
35,2,01.04.2021,8844,705,Tak,Tak,Nie,Nie,d,Rozszerzony,7660
36,2,01.04.2021,10484,1183,Tak,Tak,Nie,Nie,a,Rozszerzony,540
37,2,01.04.2021,6920,703,Tak,Tak,Nie,Nie,c,Podstawowy,4230
38,2,01.04.2021,7751,632,Tak,Tak,Nie,Nie,d,Podstawowy,1090
39,2,01.04.2021,7764,910,Tak,Tak,Nie,Nie,a,Podstawowy,260
40,2,01.04.2021,5550,709,Tak,Tak,Nie,Nie,a,Podstawowy,180
41,2,01.04.2021,5750,400,Tak,Tak,Nie,Nie,d,Rozszerzony,1180
42,2,01.04.2021,10162,1153,Tak,Tak,Nie,Nie,a,Rozszerzony,290
43,2,01.04.2021,6594,642,Tak,Tak,Nie,Nie,d,Podstawowy,4880
44,2,01.04.2021,7319,807,Tak,Tak,Nie,Nie,a,Podstawowy,540
45,2,01.04.2021,5803,410,Tak,Tak,Nie,Nie,d,Podstawowy,9710
46,2,01.04.2021,5653,672,Tak,Tak,Nie,Nie,c,Podstawowy,1200
47,2,01.04.2021,9013,1099,Tak,Tak,Nie,Nie,a,Rozszerzony,270
48,2,01.04.2021,4669,520,Tak,Tak,Nie,Nie,a,Podstawowy,1060
49,2,01.04.2021,7668,525,Tak,Tak,Nie,Nie,d,Rozszerzony,18010
50,2,01.04.2021,5137,410,Tak,Tak,Nie,Nie,d,Podstawowy,6260
1,1,31.03.2021,6008,640,Tak,Tak,Nie,Nie,c,Podstawowy,1270
2,1,31.03.2021,9908,963,Tak,Tak,Nie,Nie,a,Podstawowy,570
3,1,31.03.2021,13588,1161,Tak,Tak,Nie,Nie,a,Podstawowy,14130
4,1,31.03.2021,14638,1752,Tak,Tak,Nie,Nie,c,Rozszerzony,620
5,1,31.03.2021,7135,748,Tak,Tak,Nie,Nie,a,Podstawowy,29910
6,1,31.03.2021,8488,841,Tak,Tak,Nie,Nie,a,Podstawowy,310
7,1,31.03.2021,13165,1189,Tak,Tak,Nie,Nie,a,Rozszerzony,24000
8,1,31.03.2021,8934,909,Tak,Tak,Nie,Nie,a,Podstawowy,7520
9,1,31.03.2021,9405,745,Tak,Tak,Nie,Nie,a,Rozszerzony,2030
10,1,31.03.2021,8438,794,Tak,Tak,Nie,Nie,a,Podstawowy,3160
11,1,31.03.2021,12157,1434,Tak,Tak,Nie,Nie,a,Rozszerzony,960
12,1,31.03.2021,14079,1268,Tak,Tak,Nie,Nie,a,Rozszerzony,1070
13,1,31.03.2021,7257,526,Tak,Tak,Nie,Nie,d,Podstawowy,310
14,1,31.03.2021,10881,1000,Tak,Tak,Nie,Nie,a,Podstawowy,1300
15,1,31.03.2021,11818,941,Tak,Tak,Nie,Nie,d,Rozszerzony,4110
16,1,31.03.2021,10860,1121,Tak,Tak,Nie,Nie,a,Rozszerzony,3270
17,1,31.03.2021,12789,1299,Tak,Tak,Nie,Nie,a,Podstawowy,50
18,1,31.03.2021,12109,1122,Tak,Tak,Nie,Nie,d,Rozszerzony,13840
19,1,31.03.2021,9768,854,Tak,Tak,Nie,Nie,a,Rozszerzony,3240
20,1,31.03.2021,10463,1131,Tak,Tak,Nie,Nie,d,Podstawowy,2340
21,1,31.03.2021,12191,839,Tak,Tak,Nie,Nie,c,Rozszerzony,550
22,1,31.03.2021,5204,538,Tak,Tak,Nie,Nie,a,Podstawowy,1040
23,1,31.03.2021,9137,690,Tak,Tak,Nie,Nie,d,Podstawowy,4060
24,1,31.03.2021,18155,1299,Tak,Tak,Nie,Nie,a,Rozszerzony,4590
25,1,31.03.2021,17336,2058,Tak,Tak,Nie,Nie,c,Podstawowy,430
26,1,31.03.2021,9272,742,Tak,Tak,Nie,Nie,d,Podstawowy,2300
27,1,31.03.2021,21759,1767,Tak,Tak,Nie,Nie,a,Podstawowy,60
28,1,31.03.2021,9534,893,Tak,Tak,Nie,Nie,a,Podstawowy,1200
29,1,31.03.2021,11512,920,Tak,Tak,Nie,Nie,d,Rozszerzony,2170
30,1,31.03.2021,7313,931,Tak,Tak,Nie,Nie,a,Podstawowy,40
31,1,31.03.2021,7413,700,Tak,Tak,Nie,Nie,d,Rozszerzony,9800
32,1,31.03.2021,6429,640,Tak,Tak,Nie,Nie,a,Podstawowy,2910
33,1,31.03.2021,12267,1092,Tak,Tak,Nie,Nie,a,Rozszerzony,1320
34,1,31.03.2021,11991,1319,Tak,Tak,Nie,Nie,c,Podstawowy,2240
35,1,31.03.2021,20004,1191,Tak,Tak,Nie,Nie,d,Rozszerzony,7660
36,1,31.03.2021,11182,1285,Tak,Tak,Nie,Nie,a,Rozszerzony,540
37,1,31.03.2021,8802,736,Tak,Tak,Nie,Nie,c,Podstawowy,4230
38,1,31.03.2021,9662,769,Tak,Tak,Nie,Nie,d,Podstawowy,1090
39,1,31.03.2021,9103,1002,Tak,Tak,Nie,Nie,a,Podstawowy,260
40,1,31.03.2021,6132,725,Tak,Tak,Nie,Nie,a,Podstawowy,180
41,1,31.03.2021,8623,596,Tak,Tak,Nie,Nie,d,Rozszerzony,1180
42,1,31.03.2021,19635,1663,Tak,Tak,Nie,Nie,a,Rozszerzony,290
43,1,31.03.2021,13911,981,Tak,Tak,Nie,Nie,d,Podstawowy,4880
44,1,31.03.2021,9047,925,Tak,Tak,Nie,Nie,a,Podstawowy,540
45,1,31.03.2021,7034,475,Tak,Tak,Nie,Nie,d,Podstawowy,9710
46,1,31.03.2021,12250,1029,Tak,Tak,Nie,Nie,c,Podstawowy,1200
47,1,31.03.2021,12082,1320,Tak,Tak,Nie,Nie,a,Rozszerzony,270
48,1,31.03.2021,5265,542,Tak,Tak,Nie,Nie,a,Podstawowy,1060
49,1,31.03.2021,9533,643,Tak,Tak,Nie,Nie,d,Rozszerzony,18010
50,1,31.03.2021,5258,430,Tak,Tak,Nie,Nie,d,Podstawowy,6260
1,7,30.03.2021,0,0,Nie,Nie,Nie,Nie,c,Podstawowy,1270
2,7,30.03.2021,0,0,Nie,Nie,Nie,Nie,a,Podstawowy,570
3,7,30.03.2021,0,0,Nie,Nie,Nie,Nie,a,Podstawowy,14130
4,7,30.03.2021,0,0,Nie,Nie,Nie,Nie,c,Rozszerzony,620
5,7,30.03.2021,0,0,Nie,Nie,Nie,Nie,a,Podstawowy,29910
6,7,30.03.2021,0,0,Nie,Nie,Nie,Nie,a,Podstawowy,310
7,7,30.03.2021,0,0,Nie,Nie,Nie,Nie,a,Rozszerzony,24000
8,7,30.03.2021,0,0,Nie,Nie,Nie,Nie,a,Podstawowy,7520
9,7,30.03.2021,0,0,Nie,Nie,Nie,Nie,a,Rozszerzony,2030
10,7,30.03.2021,0,0,Nie,Nie,Nie,Nie,a,Podstawowy,3160
11,7,30.03.2021,0,0,Nie,Nie,Nie,Nie,a,Rozszerzony,960
12,7,30.03.2021,0,0,Nie,Nie,Nie,Nie,a,Rozszerzony,1070
13,7,30.03.2021,0,0,Nie,Nie,Nie,Nie,d,Podstawowy,310
14,7,30.03.2021,0,0,Nie,Nie,Nie,Nie,a,Podstawowy,1300
15,7,30.03.2021,0,0,Nie,Nie,Nie,Nie,d,Rozszerzony,4110
16,7,30.03.2021,0,0,Nie,Nie,Nie,Nie,a,Rozszerzony,3270
17,7,30.03.2021,0,0,Nie,Nie,Nie,Nie,a,Podstawowy,50
18,7,30.03.2021,0,0,Nie,Nie,Nie,Nie,d,Rozszerzony,13840
19,7,30.03.2021,0,0,Nie,Nie,Nie,Nie,a,Rozszerzony,3240
20,7,30.03.2021,0,0,Nie,Nie,Nie,Nie,d,Podstawowy,2340
21,7,30.03.2021,0,0,Nie,Nie,Nie,Nie,c,Rozszerzony,550
22,7,30.03.2021,0,0,Nie,Nie,Nie,Nie,a,Podstawowy,1040
23,7,30.03.2021,0,0,Nie,Nie,Nie,Nie,d,Podstawowy,4060
24,7,30.03.2021,0,0,Nie,Nie,Nie,Nie,a,Rozszerzony,4590
25,7,30.03.2021,0,0,Nie,Nie,Nie,Nie,c,Podstawowy,430
26,7,30.03.2021,0,0,Nie,Nie,Nie,Nie,d,Podstawowy,2300
27,7,30.03.2021,0,0,Nie,Nie,Nie,Nie,a,Podstawowy,60
28,7,30.03.2021,0,0,Nie,Nie,Nie,Nie,a,Podstawowy,1200
29,7,30.03.2021,0,0,Nie,Nie,Nie,Nie,d,Rozszerzony,2170
30,7,30.03.2021,0,0,Nie,Nie,Nie,Nie,a,Podstawowy,40
31,7,30.03.2021,0,0,Nie,Nie,Nie,Nie,d,Rozszerzony,9800
32,7,30.03.2021,0,0,Nie,Nie,Nie,Nie,a,Podstawowy,2910
33,7,30.03.2021,0,0,Nie,Nie,Nie,Nie,a,Rozszerzony,1320
34,7,30.03.2021,0,0,Nie,Nie,Nie,Nie,c,Podstawowy,2240
35,7,30.03.2021,0,0,Nie,Nie,Nie,Nie,d,Rozszerzony,7660
36,7,30.03.2021,0,0,Nie,Nie,Nie,Nie,a,Rozszerzony,540
37,7,30.03.2021,0,0,Nie,Nie,Nie,Nie,c,Podstawowy,4230
38,7,30.03.2021,0,0,Nie,Nie,Nie,Nie,d,Podstawowy,1090
39,7,30.03.2021,0,0,Nie,Nie,Nie,Nie,a,Podstawowy,260
40,7,30.03.2021,0,0,Nie,Nie,Nie,Nie,a,Podstawowy,180
41,7,30.03.2021,0,0,Nie,Nie,Nie,Nie,d,Rozszerzony,1180
42,7,30.03.2021,0,0,Nie,Nie,Nie,Nie,a,Rozszerzony,290
43,7,30.03.2021,0,0,Nie,Nie,Nie,Nie,d,Podstawowy,4880
44,7,30.03.2021,0,0,Nie,Nie,Nie,Nie,a,Podstawowy,540
45,7,30.03.2021,0,0,Nie,Nie,Nie,Nie,d,Podstawowy,9710
46,7,30.03.2021,0,0,Nie,Nie,Nie,Nie,c,Podstawowy,1200
47,7,30.03.2021,0,0,Nie,Nie,Nie,Nie,a,Rozszerzony,270
48,7,30.03.2021,0,0,Nie,Nie,Nie,Nie,a,Podstawowy,1060
49,7,30.03.2021,0,0,Nie,Nie,Nie,Nie,d,Rozszerzony,18010
50,7,30.03.2021,0,0,Nie,Nie,Nie,Nie,d,Podstawowy,6260
1,6,29.03.2021,4583,548,Tak,Nie,Nie,Nie,c,Podstawowy,1270
2,6,29.03.2021,2815,328,Tak,Nie,Nie,Nie,a,Podstawowy,570
3,6,29.03.2021,4200,466,Tak,Nie,Nie,Nie,a,Podstawowy,14130
4,6,29.03.2021,8880,1321,Tak,Nie,Nie,Nie,c,Rozszerzony,620
5,6,29.03.2021,1747,217,Tak,Nie,Nie,Nie,a,Podstawowy,29910
6,6,29.03.2021,2968,337,Tak,Nie,Nie,Nie,a,Podstawowy,310
7,6,29.03.2021,5693,598,Tak,Nie,Nie,Nie,a,Rozszerzony,24000
8,6,29.03.2021,2866,347,Tak,Nie,Nie,Nie,a,Podstawowy,7520
9,6,29.03.2021,5302,483,Tak,Nie,Nie,Nie,a,Rozszerzony,2030
10,6,29.03.2021,4847,471,Tak,Nie,Nie,Nie,a,Podstawowy,3160
11,6,29.03.2021,7277,960,Tak,Nie,Nie,Nie,a,Rozszerzony,960
12,6,29.03.2021,5906,772,Tak,Nie,Nie,Nie,a,Rozszerzony,1070
13,6,29.03.2021,4865,395,Tak,Nie,Nie,Nie,d,Podstawowy,310
14,6,29.03.2021,4136,438,Tak,Nie,Nie,Nie,a,Podstawowy,1300
15,6,29.03.2021,6852,680,Tak,Nie,Nie,Nie,d,Rozszerzony,4110
16,6,29.03.2021,4719,543,Tak,Nie,Nie,Nie,a,Rozszerzony,3270
17,6,29.03.2021,2298,322,Tak,Nie,Nie,Nie,a,Podstawowy,50
18,6,29.03.2021,4821,526,Tak,Nie,Nie,Nie,d,Rozszerzony,13840
19,6,29.03.2021,4583,427,Tak,Nie,Nie,Nie,a,Rozszerzony,3240
20,6,29.03.2021,6027,592,Tak,Nie,Nie,Nie,d,Podstawowy,2340
21,6,29.03.2021,5168,525,Tak,Nie,Nie,Nie,c,Rozszerzony,550
22,6,29.03.2021,2757,346,Tak,Nie,Nie,Nie,a,Podstawowy,1040
23,6,29.03.2021,4146,391,Tak,Nie,Nie,Nie,d,Podstawowy,4060
24,6,29.03.2021,7298,700,Tak,Nie,Nie,Nie,a,Rozszerzony,4590
25,6,29.03.2021,9332,1273,Tak,Nie,Nie,Nie,c,Podstawowy,430
26,6,29.03.2021,5218,482,Tak,Nie,Nie,Nie,d,Podstawowy,2300
27,6,29.03.2021,7495,884,Tak,Nie,Nie,Nie,a,Podstawowy,60
28,6,29.03.2021,2664,296,Tak,Nie,Nie,Nie,a,Podstawowy,1200
29,6,29.03.2021,6563,605,Tak,Nie,Nie,Nie,d,Rozszerzony,2170
30,6,29.03.2021,4440,695,Tak,Nie,Nie,Nie,a,Podstawowy,40
31,6,29.03.2021,4952,511,Tak,Nie,Nie,Nie,d,Rozszerzony,9800
32,6,29.03.2021,2098,281,Tak,Nie,Nie,Nie,a,Podstawowy,2910
33,6,29.03.2021,7609,799,Tak,Nie,Nie,Nie,a,Rozszerzony,1320
34,6,29.03.2021,7970,954,Tak,Nie,Nie,Nie,c,Podstawowy,2240
35,6,29.03.2021,7142,622,Tak,Nie,Nie,Nie,d,Rozszerzony,7660
36,6,29.03.2021,8680,1080,Tak,Nie,Nie,Nie,a,Rozszerzony,540
37,6,29.03.2021,7121,802,Tak,Nie,Nie,Nie,c,Podstawowy,4230
38,6,29.03.2021,4939,545,Tak,Nie,Nie,Nie,d,Podstawowy,1090
39,6,29.03.2021,2845,418,Tak,Nie,Nie,Nie,a,Podstawowy,260
40,6,29.03.2021,5272,712,Tak,Nie,Nie,Nie,a,Podstawowy,180
41,6,29.03.2021,5134,401,Tak,Nie,Nie,Nie,d,Rozszerzony,1180
42,6,29.03.2021,9184,1023,Tak,Nie,Nie,Nie,a,Rozszerzony,290
43,6,29.03.2021,4970,443,Tak,Nie,Nie,Nie,d,Podstawowy,4880
44,6,29.03.2021,3617,457,Tak,Nie,Nie,Nie,a,Podstawowy,540
45,6,29.03.2021,5167,438,Tak,Nie,Nie,Nie,d,Podstawowy,9710
46,6,29.03.2021,4906,668,Tak,Nie,Nie,Nie,c,Podstawowy,1200
47,6,29.03.2021,5575,731,Tak,Nie,Nie,Nie,a,Rozszerzony,270
48,6,29.03.2021,3290,354,Tak,Nie,Nie,Nie,a,Podstawowy,1060
49,6,29.03.2021,6969,536,Tak,Nie,Nie,Nie,d,Rozszerzony,18010
50,6,29.03.2021,3911,385,Tak,Nie,Nie,Nie,d,Podstawowy,6260
1,5,28.03.2021,3987,471,Tak,Nie,Nie,Nie,c,Podstawowy,1270
2,5,28.03.2021,4409,489,Tak,Nie,Nie,Nie,a,Podstawowy,570
3,5,28.03.2021,6194,737,Tak,Nie,Nie,Nie,a,Podstawowy,14130
4,5,28.03.2021,7696,1096,Tak,Nie,Nie,Nie,c,Rozszerzony,620
5,5,28.03.2021,3575,460,Tak,Nie,Nie,Nie,a,Podstawowy,29910
6,5,28.03.2021,4891,574,Tak,Nie,Nie,Nie,a,Podstawowy,310
7,5,28.03.2021,7886,858,Tak,Nie,Nie,Nie,a,Rozszerzony,24000
8,5,28.03.2021,4502,582,Tak,Nie,Nie,Nie,a,Podstawowy,7520
9,5,28.03.2021,5392,522,Tak,Nie,Nie,Nie,a,Rozszerzony,2030
10,5,28.03.2021,4711,543,Tak,Nie,Nie,Nie,a,Podstawowy,3160
11,5,28.03.2021,6982,1056,Tak,Nie,Nie,Nie,a,Rozszerzony,960
12,5,28.03.2021,6523,818,Tak,Nie,Nie,Nie,a,Rozszerzony,1070
13,5,28.03.2021,3777,320,Tak,Nie,Nie,Nie,d,Podstawowy,310
14,5,28.03.2021,4963,649,Tak,Nie,Nie,Nie,a,Podstawowy,1300
15,5,28.03.2021,6249,630,Tak,Nie,Nie,Nie,d,Rozszerzony,4110
16,5,28.03.2021,7781,841,Tak,Nie,Nie,Nie,a,Rozszerzony,3270
17,5,28.03.2021,4875,688,Tak,Nie,Nie,Nie,a,Podstawowy,50
18,5,28.03.2021,6713,792,Tak,Nie,Nie,Nie,d,Rozszerzony,13840
19,5,28.03.2021,6601,646,Tak,Nie,Nie,Nie,a,Rozszerzony,3240
20,5,28.03.2021,7064,819,Tak,Nie,Nie,Nie,d,Podstawowy,2340
21,5,28.03.2021,4524,483,Tak,Nie,Nie,Nie,c,Rozszerzony,550
22,5,28.03.2021,4506,544,Tak,Nie,Nie,Nie,a,Podstawowy,1040
23,5,28.03.2021,4550,423,Tak,Nie,Nie,Nie,d,Podstawowy,4060
24,5,28.03.2021,8466,754,Tak,Nie,Nie,Nie,a,Rozszerzony,4590
25,5,28.03.2021,10065,1471,Tak,Nie,Nie,Nie,c,Podstawowy,430
26,5,28.03.2021,5330,487,Tak,Nie,Nie,Nie,d,Podstawowy,2300
27,5,28.03.2021,8360,999,Tak,Nie,Nie,Nie,a,Podstawowy,60
28,5,28.03.2021,4584,574,Tak,Nie,Nie,Nie,a,Podstawowy,1200
29,5,28.03.2021,6753,647,Tak,Nie,Nie,Nie,d,Rozszerzony,2170
30,5,28.03.2021,3621,585,Tak,Nie,Nie,Nie,a,Podstawowy,40
31,5,28.03.2021,5574,580,Tak,Nie,Nie,Nie,d,Rozszerzony,9800
32,5,28.03.2021,3536,453,Tak,Nie,Nie,Nie,a,Podstawowy,2910
33,5,28.03.2021,7695,753,Tak,Nie,Nie,Nie,a,Rozszerzony,1320
34,5,28.03.2021,6535,881,Tak,Nie,Nie,Nie,c,Podstawowy,2240
35,5,28.03.2021,8340,671,Tak,Nie,Nie,Nie,d,Rozszerzony,7660
36,5,28.03.2021,8712,1075,Tak,Nie,Nie,Nie,a,Rozszerzony,540
37,5,28.03.2021,6198,719,Tak,Nie,Nie,Nie,c,Podstawowy,4230
38,5,28.03.2021,3748,419,Tak,Nie,Nie,Nie,d,Podstawowy,1090
39,5,28.03.2021,3576,480,Tak,Nie,Nie,Nie,a,Podstawowy,260
40,5,28.03.2021,3980,586,Tak,Nie,Nie,Nie,a,Podstawowy,180
41,5,28.03.2021,5527,397,Tak,Nie,Nie,Nie,d,Rozszerzony,1180
42,5,28.03.2021,10293,1085,Tak,Nie,Nie,Nie,a,Rozszerzony,290
43,5,28.03.2021,6541,606,Tak,Nie,Nie,Nie,d,Podstawowy,4880
44,5,28.03.2021,4695,593,Tak,Nie,Nie,Nie,a,Podstawowy,540
45,5,28.03.2021,4029,329,Tak,Nie,Nie,Nie,d,Podstawowy,9710
46,5,28.03.2021,4760,619,Tak,Nie,Nie,Nie,c,Podstawowy,1200
47,5,28.03.2021,5932,799,Tak,Nie,Nie,Nie,a,Rozszerzony,270
48,5,28.03.2021,3514,440,Tak,Nie,Nie,Nie,a,Podstawowy,1060
49,5,28.03.2021,6698,507,Tak,Nie,Nie,Nie,d,Rozszerzony,18010
50,5,28.03.2021,3594,319,Tak,Nie,Nie,Nie,d,Podstawowy,6260
1,4,27.03.2021,3847,512,Tak,Nie,Nie,Nie,c,Podstawowy,1270
2,4,27.03.2021,4350,523,Tak,Nie,Nie,Nie,a,Podstawowy,570
3,4,27.03.2021,4969,635,Tak,Nie,Nie,Nie,a,Podstawowy,14130
4,4,27.03.2021,7006,1079,Tak,Nie,Nie,Nie,c,Rozszerzony,620
5,4,27.03.2021,3488,453,Tak,Nie,Nie,Nie,a,Podstawowy,29910
6,4,27.03.2021,3907,523,Tak,Nie,Nie,Nie,a,Podstawowy,310
7,4,27.03.2021,6763,778,Tak,Nie,Nie,Nie,a,Rozszerzony,24000
8,4,27.03.2021,5091,704,Tak,Nie,Nie,Nie,a,Podstawowy,7520
9,4,27.03.2021,4744,484,Tak,Nie,Nie,Nie,a,Rozszerzony,2030
10,4,27.03.2021,4814,544,Tak,Nie,Nie,Nie,a,Podstawowy,3160
11,4,27.03.2021,6125,1011,Tak,Nie,Nie,Nie,a,Rozszerzony,960
12,4,27.03.2021,6000,846,Tak,Nie,Nie,Nie,a,Rozszerzony,1070
13,4,27.03.2021,3391,286,Tak,Nie,Nie,Nie,d,Podstawowy,310
14,4,27.03.2021,5112,589,Tak,Nie,Nie,Nie,a,Podstawowy,1300
15,4,27.03.2021,5075,536,Tak,Nie,Nie,Nie,d,Rozszerzony,4110
16,4,27.03.2021,7115,883,Tak,Nie,Nie,Nie,a,Rozszerzony,3270
17,4,27.03.2021,4898,657,Tak,Nie,Nie,Nie,a,Podstawowy,50
18,4,27.03.2021,5041,566,Tak,Nie,Nie,Nie,d,Rozszerzony,13840
19,4,27.03.2021,5769,608,Tak,Nie,Nie,Nie,a,Rozszerzony,3240
20,4,27.03.2021,8148,1013,Tak,Nie,Nie,Nie,d,Podstawowy,2340
21,4,27.03.2021,3627,400,Tak,Nie,Nie,Nie,c,Rozszerzony,550
22,4,27.03.2021,3567,463,Tak,Nie,Nie,Nie,a,Podstawowy,1040
23,4,27.03.2021,3997,384,Tak,Nie,Nie,Nie,d,Podstawowy,4060
24,4,27.03.2021,6958,663,Tak,Nie,Nie,Nie,a,Rozszerzony,4590
25,4,27.03.2021,6399,1004,Tak,Nie,Nie,Nie,c,Podstawowy,430
26,4,27.03.2021,4989,478,Tak,Nie,Nie,Nie,d,Podstawowy,2300
27,4,27.03.2021,6654,862,Tak,Nie,Nie,Nie,a,Podstawowy,60
28,4,27.03.2021,4544,570,Tak,Nie,Nie,Nie,a,Podstawowy,1200
29,4,27.03.2021,5010,539,Tak,Nie,Nie,Nie,d,Rozszerzony,2170
30,4,27.03.2021,4051,650,Tak,Nie,Nie,Nie,a,Podstawowy,40
31,4,27.03.2021,5057,528,Tak,Nie,Nie,Nie,d,Rozszerzony,9800
32,4,27.03.2021,3363,425,Tak,Nie,Nie,Nie,a,Podstawowy,2910
33,4,27.03.2021,6211,718,Tak,Nie,Nie,Nie,a,Rozszerzony,1320
34,4,27.03.2021,5910,873,Tak,Nie,Nie,Nie,c,Podstawowy,2240
35,4,27.03.2021,7470,625,Tak,Nie,Nie,Nie,d,Rozszerzony,7660
36,4,27.03.2021,7979,972,Tak,Nie,Nie,Nie,a,Rozszerzony,540
37,4,27.03.2021,4958,599,Tak,Nie,Nie,Nie,c,Podstawowy,4230
38,4,27.03.2021,3441,387,Tak,Nie,Nie,Nie,d,Podstawowy,1090
39,4,27.03.2021,3382,456,Tak,Nie,Nie,Nie,a,Podstawowy,260
40,4,27.03.2021,3443,566,Tak,Nie,Nie,Nie,a,Podstawowy,180
41,4,27.03.2021,4771,341,Tak,Nie,Nie,Nie,d,Rozszerzony,1180
42,4,27.03.2021,8275,944,Tak,Nie,Nie,Nie,a,Rozszerzony,290
43,4,27.03.2021,6732,592,Tak,Nie,Nie,Nie,d,Podstawowy,4880
44,4,27.03.2021,4591,571,Tak,Nie,Nie,Nie,a,Podstawowy,540
45,4,27.03.2021,3603,322,Tak,Nie,Nie,Nie,d,Podstawowy,9710
46,4,27.03.2021,3747,528,Tak,Nie,Nie,Nie,c,Podstawowy,1200
47,4,27.03.2021,5980,805,Tak,Nie,Nie,Nie,a,Rozszerzony,270
48,4,27.03.2021,3549,426,Tak,Nie,Nie,Nie,a,Podstawowy,1060
49,4,27.03.2021,6378,484,Tak,Nie,Nie,Nie,d,Rozszerzony,18010
50,4,27.03.2021,2676,244,Tak,Nie,Nie,Nie,d,Podstawowy,6260
1,3,26.03.2021,3225,443,Tak,Nie,Nie,Nie,c,Podstawowy,1270
2,3,26.03.2021,5059,682,Tak,Nie,Nie,Nie,a,Podstawowy,570
3,3,26.03.2021,5158,634,Tak,Nie,Nie,Nie,a,Podstawowy,14130
4,3,26.03.2021,7095,1054,Tak,Nie,Nie,Nie,c,Rozszerzony,620
5,3,26.03.2021,3622,562,Tak,Nie,Nie,Nie,a,Podstawowy,29910
6,3,26.03.2021,4463,598,Tak,Nie,Nie,Nie,a,Podstawowy,310
7,3,26.03.2021,6266,734,Tak,Nie,Nie,Nie,a,Rozszerzony,24000
8,3,26.03.2021,4172,570,Tak,Nie,Nie,Nie,a,Podstawowy,7520
9,3,26.03.2021,4459,453,Tak,Nie,Nie,Nie,a,Rozszerzony,2030
10,3,26.03.2021,4416,509,Tak,Nie,Nie,Nie,a,Podstawowy,3160
11,3,26.03.2021,6537,1000,Tak,Nie,Nie,Nie,a,Rozszerzony,960
12,3,26.03.2021,6302,809,Tak,Nie,Nie,Nie,a,Rozszerzony,1070
13,3,26.03.2021,3425,310,Tak,Nie,Nie,Nie,d,Podstawowy,310
14,3,26.03.2021,4829,576,Tak,Nie,Nie,Nie,a,Podstawowy,1300
15,3,26.03.2021,4943,565,Tak,Nie,Nie,Nie,d,Rozszerzony,4110
16,3,26.03.2021,6417,816,Tak,Nie,Nie,Nie,a,Rozszerzony,3270
17,3,26.03.2021,4629,645,Tak,Nie,Nie,Nie,a,Podstawowy,50
18,3,26.03.2021,5182,689,Tak,Nie,Nie,Nie,d,Rozszerzony,13840
19,3,26.03.2021,5017,580,Tak,Nie,Nie,Nie,a,Rozszerzony,3240
20,3,26.03.2021,7272,903,Tak,Nie,Nie,Nie,d,Podstawowy,2340
21,3,26.03.2021,3019,353,Tak,Nie,Nie,Nie,c,Rozszerzony,550
22,3,26.03.2021,3166,451,Tak,Nie,Nie,Nie,a,Podstawowy,1040
23,3,26.03.2021,3626,363,Tak,Nie,Nie,Nie,d,Podstawowy,4060
24,3,26.03.2021,6412,650,Tak,Nie,Nie,Nie,a,Rozszerzony,4590
25,3,26.03.2021,7484,1194,Tak,Nie,Nie,Nie,c,Podstawowy,430
26,3,26.03.2021,4396,405,Tak,Nie,Nie,Nie,d,Podstawowy,2300
27,3,26.03.2021,6900,911,Tak,Nie,Nie,Nie,a,Podstawowy,60
28,3,26.03.2021,3840,515,Tak,Nie,Nie,Nie,a,Podstawowy,1200
29,3,26.03.2021,6030,571,Tak,Nie,Nie,Nie,d,Rozszerzony,2170
30,3,26.03.2021,3138,554,Tak,Nie,Nie,Nie,a,Podstawowy,40
31,3,26.03.2021,4070,471,Tak,Nie,Nie,Nie,d,Rozszerzony,9800
32,3,26.03.2021,3321,430,Tak,Nie,Nie,Nie,a,Podstawowy,2910
33,3,26.03.2021,5833,646,Tak,Nie,Nie,Nie,a,Rozszerzony,1320
34,3,26.03.2021,6178,869,Tak,Nie,Nie,Nie,c,Podstawowy,2240
35,3,26.03.2021,7276,609,Tak,Nie,Nie,Nie,d,Rozszerzony,7660
36,3,26.03.2021,7320,957,Tak,Nie,Nie,Nie,a,Rozszerzony,540
37,3,26.03.2021,4115,512,Tak,Nie,Nie,Nie,c,Podstawowy,4230
38,3,26.03.2021,3507,355,Tak,Nie,Nie,Nie,d,Podstawowy,1090
39,3,26.03.2021,3159,460,Tak,Nie,Nie,Nie,a,Podstawowy,260
40,3,26.03.2021,3728,527,Tak,Nie,Nie,Nie,a,Podstawowy,180
41,3,26.03.2021,4406,331,Tak,Nie,Nie,Nie,d,Rozszerzony,1180
42,3,26.03.2021,8740,1033,Tak,Nie,Nie,Nie,a,Rozszerzony,290
43,3,26.03.2021,5874,552,Tak,Nie,Nie,Nie,d,Podstawowy,4880
44,3,26.03.2021,4793,627,Tak,Nie,Nie,Nie,a,Podstawowy,540
45,3,26.03.2021,2899,260,Tak,Nie,Nie,Nie,d,Podstawowy,9710
46,3,26.03.2021,3565,505,Tak,Nie,Nie,Nie,c,Podstawowy,1200
47,3,26.03.2021,6180,887,Tak,Nie,Nie,Nie,a,Rozszerzony,270
48,3,26.03.2021,3230,396,Tak,Nie,Nie,Nie,a,Podstawowy,1060
49,3,26.03.2021,5857,443,Tak,Nie,Nie,Nie,d,Rozszerzony,18010
50,3,26.03.2021,2711,249,Tak,Nie,Nie,Nie,d,Podstawowy,6260
1,2,25.03.2021,3136,448,Tak,Nie,Nie,Nie,c,Podstawowy,1270
2,2,25.03.2021,4086,503,Tak,Nie,Nie,Nie,a,Podstawowy,570
3,2,25.03.2021,5207,692,Tak,Nie,Nie,Nie,a,Podstawowy,14130
4,2,25.03.2021,7277,1123,Tak,Nie,Nie,Nie,c,Rozszerzony,620
5,2,25.03.2021,3535,456,Tak,Nie,Nie,Nie,a,Podstawowy,29910
6,2,25.03.2021,4311,563,Tak,Nie,Nie,Nie,a,Podstawowy,310
7,2,25.03.2021,7088,920,Tak,Nie,Nie,Nie,a,Rozszerzony,24000
8,2,25.03.2021,4490,590,Tak,Nie,Nie,Nie,a,Podstawowy,7520
9,2,25.03.2021,4840,481,Tak,Nie,Nie,Nie,a,Rozszerzony,2030
10,2,25.03.2021,4394,550,Tak,Nie,Nie,Nie,a,Podstawowy,3160
11,2,25.03.2021,6296,1002,Tak,Nie,Nie,Nie,a,Rozszerzony,960
12,2,25.03.2021,6049,831,Tak,Nie,Nie,Nie,a,Rozszerzony,1070
13,2,25.03.2021,3198,278,Tak,Nie,Nie,Nie,d,Podstawowy,310
14,2,25.03.2021,4340,579,Tak,Nie,Nie,Nie,a,Podstawowy,1300
15,2,25.03.2021,4978,544,Tak,Nie,Nie,Nie,d,Rozszerzony,4110
16,2,25.03.2021,7572,883,Tak,Nie,Nie,Nie,a,Rozszerzony,3270
17,2,25.03.2021,5060,742,Tak,Nie,Nie,Nie,a,Podstawowy,50
18,2,25.03.2021,4394,559,Tak,Nie,Nie,Nie,d,Rozszerzony,13840
19,2,25.03.2021,5127,610,Tak,Nie,Nie,Nie,a,Rozszerzony,3240
20,2,25.03.2021,6529,807,Tak,Nie,Nie,Nie,d,Podstawowy,2340
21,2,25.03.2021,3605,394,Tak,Nie,Nie,Nie,c,Rozszerzony,550
22,2,25.03.2021,3498,453,Tak,Nie,Nie,Nie,a,Podstawowy,1040
23,2,25.03.2021,3247,352,Tak,Nie,Nie,Nie,d,Podstawowy,4060
24,2,25.03.2021,7232,701,Tak,Nie,Nie,Nie,a,Rozszerzony,4590
25,2,25.03.2021,8597,1397,Tak,Nie,Nie,Nie,c,Podstawowy,430
26,2,25.03.2021,3577,372,Tak,Nie,Nie,Nie,d,Podstawowy,2300
27,2,25.03.2021,7779,989,Tak,Nie,Nie,Nie,a,Podstawowy,60
28,2,25.03.2021,4524,540,Tak,Nie,Nie,Nie,a,Podstawowy,1200
29,2,25.03.2021,5118,532,Tak,Nie,Nie,Nie,d,Rozszerzony,2170
30,2,25.03.2021,3837,636,Tak,Nie,Nie,Nie,a,Podstawowy,40
31,2,25.03.2021,4279,490,Tak,Nie,Nie,Nie,d,Rozszerzony,9800
32,2,25.03.2021,3371,424,Tak,Nie,Nie,Nie,a,Podstawowy,2910
33,2,25.03.2021,5784,676,Tak,Nie,Nie,Nie,a,Rozszerzony,1320
34,2,25.03.2021,6186,861,Tak,Nie,Nie,Nie,c,Podstawowy,2240
35,2,25.03.2021,6629,571,Tak,Nie,Nie,Nie,d,Rozszerzony,7660
36,2,25.03.2021,7520,971,Tak,Nie,Nie,Nie,a,Rozszerzony,540
37,2,25.03.2021,4207,500,Tak,Nie,Nie,Nie,c,Podstawowy,4230
38,2,25.03.2021,3295,342,Tak,Nie,Nie,Nie,d,Podstawowy,1090
39,2,25.03.2021,3690,528,Tak,Nie,Nie,Nie,a,Podstawowy,260
40,2,25.03.2021,3626,553,Tak,Nie,Nie,Nie,a,Podstawowy,180
41,2,25.03.2021,4526,346,Tak,Nie,Nie,Nie,d,Rozszerzony,1180
42,2,25.03.2021,8824,1021,Tak,Nie,Nie,Nie,a,Rozszerzony,290
43,2,25.03.2021,5420,537,Tak,Nie,Nie,Nie,d,Podstawowy,4880
44,2,25.03.2021,4083,581,Tak,Nie,Nie,Nie,a,Podstawowy,540
45,2,25.03.2021,2930,299,Tak,Nie,Nie,Nie,d,Podstawowy,9710
46,2,25.03.2021,3760,530,Tak,Nie,Nie,Nie,c,Podstawowy,1200
47,2,25.03.2021,5800,856,Tak,Nie,Nie,Nie,a,Rozszerzony,270
48,2,25.03.2021,3351,426,Tak,Nie,Nie,Nie,a,Podstawowy,1060
49,2,25.03.2021,5512,432,Tak,Nie,Nie,Nie,d,Rozszerzony,18010
50,2,25.03.2021,2158,219,Tak,Nie,Nie,Nie,d,Podstawowy,6260
1,1,24.03.2021,3850,511,Tak,Nie,Nie,Nie,c,Podstawowy,1270
2,1,24.03.2021,3893,523,Tak,Nie,Nie,Nie,a,Podstawowy,570
3,1,24.03.2021,5248,696,Tak,Nie,Nie,Nie,a,Podstawowy,14130
4,1,24.03.2021,7992,1209,Tak,Nie,Nie,Nie,c,Rozszerzony,620
5,1,24.03.2021,3378,444,Tak,Nie,Nie,Nie,a,Podstawowy,29910
6,1,24.03.2021,4353,557,Tak,Nie,Nie,Nie,a,Podstawowy,310
7,1,24.03.2021,7098,882,Tak,Nie,Nie,Nie,a,Rozszerzony,24000
8,1,24.03.2021,4550,644,Tak,Nie,Nie,Nie,a,Podstawowy,7520
9,1,24.03.2021,5253,538,Tak,Nie,Nie,Nie,a,Rozszerzony,2030
10,1,24.03.2021,4887,618,Tak,Nie,Nie,Nie,a,Podstawowy,3160
11,1,24.03.2021,6632,1095,Tak,Nie,Nie,Nie,a,Rozszerzony,960
12,1,24.03.2021,7453,864,Tak,Nie,Nie,Nie,a,Rozszerzony,1070
13,1,24.03.2021,3737,315,Tak,Nie,Nie,Nie,d,Podstawowy,310
14,1,24.03.2021,5979,719,Tak,Nie,Nie,Nie,a,Podstawowy,1300
15,1,24.03.2021,5925,614,Tak,Nie,Nie,Nie,d,Rozszerzony,4110
16,1,24.03.2021,7245,888,Tak,Nie,Nie,Nie,a,Rozszerzony,3270
17,1,24.03.2021,4868,716,Tak,Nie,Nie,Nie,a,Podstawowy,50
18,1,24.03.2021,6490,739,Tak,Nie,Nie,Nie,d,Rozszerzony,13840
19,1,24.03.2021,6065,646,Tak,Nie,Nie,Nie,a,Rozszerzony,3240
20,1,24.03.2021,8165,870,Tak,Nie,Nie,Nie,d,Podstawowy,2340
21,1,24.03.2021,3302,413,Tak,Nie,Nie,Nie,c,Rozszerzony,550
22,1,24.03.2021,3517,447,Tak,Nie,Nie,Nie,a,Podstawowy,1040
23,1,24.03.2021,3636,405,Tak,Nie,Nie,Nie,d,Podstawowy,4060
24,1,24.03.2021,7906,737,Tak,Nie,Nie,Nie,a,Rozszerzony,4590
25,1,24.03.2021,9587,1540,Tak,Nie,Nie,Nie,c,Podstawowy,430
26,1,24.03.2021,4565,404,Tak,Nie,Nie,Nie,d,Podstawowy,2300
27,1,24.03.2021,7072,958,Tak,Nie,Nie,Nie,a,Podstawowy,60
28,1,24.03.2021,4366,561,Tak,Nie,Nie,Nie,a,Podstawowy,1200
29,1,24.03.2021,5736,564,Tak,Nie,Nie,Nie,d,Rozszerzony,2170
30,1,24.03.2021,3345,539,Tak,Nie,Nie,Nie,a,Podstawowy,40
31,1,24.03.2021,4786,537,Tak,Nie,Nie,Nie,d,Rozszerzony,9800
32,1,24.03.2021,3369,461,Tak,Nie,Nie,Nie,a,Podstawowy,2910
33,1,24.03.2021,7009,755,Tak,Nie,Nie,Nie,a,Rozszerzony,1320
34,1,24.03.2021,6498,925,Tak,Nie,Nie,Nie,c,Podstawowy,2240
35,1,24.03.2021,8424,703,Tak,Nie,Nie,Nie,d,Rozszerzony,7660
36,1,24.03.2021,8866,1086,Tak,Nie,Nie,Nie,a,Rozszerzony,540
37,1,24.03.2021,4139,560,Tak,Nie,Nie,Nie,c,Podstawowy,4230
38,1,24.03.2021,4632,444,Tak,Nie,Nie,Nie,d,Podstawowy,1090
39,1,24.03.2021,3672,554,Tak,Nie,Nie,Nie,a,Podstawowy,260
40,1,24.03.2021,3567,538,Tak,Nie,Nie,Nie,a,Podstawowy,180
41,1,24.03.2021,6422,449,Tak,Nie,Nie,Nie,d,Rozszerzony,1180
42,1,24.03.2021,9127,1009,Tak,Nie,Nie,Nie,a,Rozszerzony,290
43,1,24.03.2021,5892,614,Tak,Nie,Nie,Nie,d,Podstawowy,4880
44,1,24.03.2021,4553,592,Tak,Nie,Nie,Nie,a,Podstawowy,540
45,1,24.03.2021,3981,363,Tak,Nie,Nie,Nie,d,Podstawowy,9710
46,1,24.03.2021,3763,512,Tak,Nie,Nie,Nie,c,Podstawowy,1200
47,1,24.03.2021,6461,921,Tak,Nie,Nie,Nie,a,Rozszerzony,270
48,1,24.03.2021,3882,467,Tak,Nie,Nie,Nie,a,Podstawowy,1060
49,1,24.03.2021,6472,483,Tak,Nie,Nie,Nie,d,Rozszerzony,18010
50,1,24.03.2021,2555,268,Tak,Nie,Nie,Nie,d,Podstawowy,6260
1,7,23.03.2021,0,0,Nie,Nie,Nie,Nie,c,Podstawowy,1270
2,7,23.03.2021,0,0,Nie,Nie,Nie,Nie,a,Podstawowy,570
3,7,23.03.2021,0,0,Nie,Nie,Nie,Nie,a,Podstawowy,14130
4,7,23.03.2021,0,0,Nie,Nie,Nie,Nie,c,Rozszerzony,620
5,7,23.03.2021,0,0,Nie,Nie,Nie,Nie,a,Podstawowy,29910
6,7,23.03.2021,0,0,Nie,Nie,Nie,Nie,a,Podstawowy,310
7,7,23.03.2021,0,0,Nie,Nie,Nie,Nie,a,Rozszerzony,24000
8,7,23.03.2021,0,0,Nie,Nie,Nie,Nie,a,Podstawowy,7520
9,7,23.03.2021,0,0,Nie,Nie,Nie,Nie,a,Rozszerzony,2030
10,7,23.03.2021,0,0,Nie,Nie,Nie,Nie,a,Podstawowy,3160
11,7,23.03.2021,0,0,Nie,Nie,Nie,Nie,a,Rozszerzony,960
12,7,23.03.2021,0,0,Nie,Nie,Nie,Nie,a,Rozszerzony,1070
13,7,23.03.2021,0,0,Nie,Nie,Nie,Nie,d,Podstawowy,310
14,7,23.03.2021,0,0,Nie,Nie,Nie,Nie,a,Podstawowy,1300
15,7,23.03.2021,0,0,Nie,Nie,Nie,Nie,d,Rozszerzony,4110
16,7,23.03.2021,0,0,Nie,Nie,Nie,Nie,a,Rozszerzony,3270
17,7,23.03.2021,0,0,Nie,Nie,Nie,Nie,a,Podstawowy,50
18,7,23.03.2021,0,0,Nie,Nie,Nie,Nie,d,Rozszerzony,13840
19,7,23.03.2021,0,0,Nie,Nie,Nie,Nie,a,Rozszerzony,3240
20,7,23.03.2021,0,0,Nie,Nie,Nie,Nie,d,Podstawowy,2340
21,7,23.03.2021,0,0,Nie,Nie,Nie,Nie,c,Rozszerzony,550
22,7,23.03.2021,0,0,Nie,Nie,Nie,Nie,a,Podstawowy,1040
23,7,23.03.2021,0,0,Nie,Nie,Nie,Nie,d,Podstawowy,4060
24,7,23.03.2021,0,0,Nie,Nie,Nie,Nie,a,Rozszerzony,4590
25,7,23.03.2021,0,0,Nie,Nie,Nie,Nie,c,Podstawowy,430
26,7,23.03.2021,0,0,Nie,Nie,Nie,Nie,d,Podstawowy,2300
27,7,23.03.2021,0,0,Nie,Nie,Nie,Nie,a,Podstawowy,60
28,7,23.03.2021,0,0,Nie,Nie,Nie,Nie,a,Podstawowy,1200
29,7,23.03.2021,0,0,Nie,Nie,Nie,Nie,d,Rozszerzony,2170
30,7,23.03.2021,0,0,Nie,Nie,Nie,Nie,a,Podstawowy,40
31,7,23.03.2021,0,0,Nie,Nie,Nie,Nie,d,Rozszerzony,9800
32,7,23.03.2021,0,0,Nie,Nie,Nie,Nie,a,Podstawowy,2910
33,7,23.03.2021,0,0,Nie,Nie,Nie,Nie,a,Rozszerzony,1320
34,7,23.03.2021,0,0,Nie,Nie,Nie,Nie,c,Podstawowy,2240
35,7,23.03.2021,0,0,Nie,Nie,Nie,Nie,d,Rozszerzony,7660
36,7,23.03.2021,0,0,Nie,Nie,Nie,Nie,a,Rozszerzony,540
37,7,23.03.2021,0,0,Nie,Nie,Nie,Nie,c,Podstawowy,4230
38,7,23.03.2021,0,0,Nie,Nie,Nie,Nie,d,Podstawowy,1090
39,7,23.03.2021,0,0,Nie,Nie,Nie,Nie,a,Podstawowy,260
40,7,23.03.2021,0,0,Nie,Nie,Nie,Nie,a,Podstawowy,180
41,7,23.03.2021,0,0,Nie,Nie,Nie,Nie,d,Rozszerzony,1180
42,7,23.03.2021,0,0,Nie,Nie,Nie,Nie,a,Rozszerzony,290
43,7,23.03.2021,0,0,Nie,Nie,Nie,Nie,d,Podstawowy,4880
44,7,23.03.2021,0,0,Nie,Nie,Nie,Nie,a,Podstawowy,540
45,7,23.03.2021,0,0,Nie,Nie,Nie,Nie,d,Podstawowy,9710
46,7,23.03.2021,0,0,Nie,Nie,Nie,Nie,c,Podstawowy,1200
47,7,23.03.2021,0,0,Nie,Nie,Nie,Nie,a,Rozszerzony,270
48,7,23.03.2021,0,0,Nie,Nie,Nie,Nie,a,Podstawowy,1060
49,7,23.03.2021,0,0,Nie,Nie,Nie,Nie,d,Rozszerzony,18010
50,7,23.03.2021,0,0,Nie,Nie,Nie,Nie,d,Podstawowy,6260
1,6,22.03.2021,5241,628,Tak,Nie,Nie,Nie,c,Podstawowy,1270
2,6,22.03.2021,2569,314,Tak,Nie,Nie,Nie,a,Podstawowy,570
3,6,22.03.2021,4389,470,Tak,Nie,Nie,Nie,a,Podstawowy,14130
4,6,22.03.2021,9676,1393,Tak,Nie,Nie,Nie,c,Rozszerzony,620
5,6,22.03.2021,1740,222,Tak,Nie,Nie,Nie,a,Podstawowy,29910
6,6,22.03.2021,2976,362,Tak,Nie,Nie,Nie,a,Podstawowy,310
7,6,22.03.2021,5644,617,Tak,Nie,Nie,Nie,a,Rozszerzony,24000
8,6,22.03.2021,2701,385,Tak,Nie,Nie,Nie,a,Podstawowy,7520
9,6,22.03.2021,5776,534,Tak,Nie,Nie,Nie,a,Rozszerzony,2030
10,6,22.03.2021,4695,484,Tak,Nie,Nie,Nie,a,Podstawowy,3160
11,6,22.03.2021,5615,849,Tak,Nie,Nie,Nie,a,Rozszerzony,960
12,6,22.03.2021,5951,755,Tak,Nie,Nie,Nie,a,Rozszerzony,1070
13,6,22.03.2021,4046,373,Tak,Nie,Nie,Nie,d,Podstawowy,310
14,6,22.03.2021,4078,456,Tak,Nie,Nie,Nie,a,Podstawowy,1300
15,6,22.03.2021,5122,579,Tak,Nie,Nie,Nie,d,Rozszerzony,4110
16,6,22.03.2021,4873,530,Tak,Nie,Nie,Nie,a,Rozszerzony,3270
17,6,22.03.2021,2514,349,Tak,Nie,Nie,Nie,a,Podstawowy,50
18,6,22.03.2021,4303,535,Tak,Nie,Nie,Nie,d,Rozszerzony,13840
19,6,22.03.2021,4416,410,Tak,Nie,Nie,Nie,a,Rozszerzony,3240
20,6,22.03.2021,4699,501,Tak,Nie,Nie,Nie,d,Podstawowy,2340
21,6,22.03.2021,4879,569,Tak,Nie,Nie,Nie,c,Rozszerzony,550
22,6,22.03.2021,3671,445,Tak,Nie,Nie,Nie,a,Podstawowy,1040
23,6,22.03.2021,4645,425,Tak,Nie,Nie,Nie,d,Podstawowy,4060
24,6,22.03.2021,6451,618,Tak,Nie,Nie,Nie,a,Rozszerzony,4590
25,6,22.03.2021,7293,1123,Tak,Nie,Nie,Nie,c,Podstawowy,430
26,6,22.03.2021,5924,523,Tak,Nie,Nie,Nie,d,Podstawowy,2300
27,6,22.03.2021,7279,853,Tak,Nie,Nie,Nie,a,Podstawowy,60
28,6,22.03.2021,2718,305,Tak,Nie,Nie,Nie,a,Podstawowy,1200
29,6,22.03.2021,7466,686,Tak,Nie,Nie,Nie,d,Rozszerzony,2170
30,6,22.03.2021,3938,655,Tak,Nie,Nie,Nie,a,Podstawowy,40
31,6,22.03.2021,4859,532,Tak,Nie,Nie,Nie,d,Rozszerzony,9800
32,6,22.03.2021,2315,288,Tak,Nie,Nie,Nie,a,Podstawowy,2910
33,6,22.03.2021,7399,796,Tak,Nie,Nie,Nie,a,Rozszerzony,1320
34,6,22.03.2021,6886,914,Tak,Nie,Nie,Nie,c,Podstawowy,2240
35,6,22.03.2021,7328,632,Tak,Nie,Nie,Nie,d,Rozszerzony,7660
36,6,22.03.2021,8793,1069,Tak,Nie,Nie,Nie,a,Rozszerzony,540
37,6,22.03.2021,7759,907,Tak,Nie,Nie,Nie,c,Podstawowy,4230
38,6,22.03.2021,5581,529,Tak,Nie,Nie,Nie,d,Podstawowy,1090
39,6,22.03.2021,3122,410,Tak,Nie,Nie,Nie,a,Podstawowy,260
40,6,22.03.2021,5337,746,Tak,Nie,Nie,Nie,a,Podstawowy,180
41,6,22.03.2021,5412,414,Tak,Nie,Nie,Nie,d,Rozszerzony,1180
42,6,22.03.2021,8729,947,Tak,Nie,Nie,Nie,a,Rozszerzony,290
43,6,22.03.2021,4474,422,Tak,Nie,Nie,Nie,d,Podstawowy,4880
44,6,22.03.2021,3933,503,Tak,Nie,Nie,Nie,a,Podstawowy,540
45,6,22.03.2021,5624,463,Tak,Nie,Nie,Nie,d,Podstawowy,9710
46,6,22.03.2021,4762,660,Tak,Nie,Nie,Nie,c,Podstawowy,1200
47,6,22.03.2021,5518,780,Tak,Nie,Nie,Nie,a,Rozszerzony,270
48,6,22.03.2021,3008,344,Tak,Nie,Nie,Nie,a,Podstawowy,1060
49,6,22.03.2021,7139,546,Tak,Nie,Nie,Nie,d,Rozszerzony,18010
50,6,22.03.2021,3739,348,Tak,Nie,Nie,Nie,d,Podstawowy,6260
1,5,21.03.2021,4510,542,Tak,Tak,Nie,Nie,c,Podstawowy,1270
2,5,21.03.2021,4993,551,Tak,Tak,Nie,Nie,a,Podstawowy,570
3,5,21.03.2021,6765,711,Tak,Tak,Nie,Nie,a,Podstawowy,14130
4,5,21.03.2021,9292,1284,Tak,Tak,Nie,Nie,c,Rozszerzony,620
5,5,21.03.2021,4550,549,Tak,Tak,Nie,Nie,a,Podstawowy,29910
6,5,21.03.2021,5517,662,Tak,Tak,Nie,Nie,a,Podstawowy,310
7,5,21.03.2021,7297,789,Tak,Tak,Nie,Nie,a,Rozszerzony,24000
8,5,21.03.2021,4308,550,Tak,Tak,Nie,Nie,a,Podstawowy,7520
9,5,21.03.2021,6227,512,Tak,Tak,Nie,Nie,a,Rozszerzony,2030
10,5,21.03.2021,5045,570,Tak,Tak,Nie,Nie,a,Podstawowy,3160
11,5,21.03.2021,6188,918,Tak,Tak,Nie,Nie,a,Rozszerzony,960
12,5,21.03.2021,6714,743,Tak,Tak,Nie,Nie,a,Rozszerzony,1070
13,5,21.03.2021,6140,453,Tak,Tak,Nie,Nie,d,Podstawowy,310
14,5,21.03.2021,5795,652,Tak,Tak,Nie,Nie,a,Podstawowy,1300
15,5,21.03.2021,8044,710,Tak,Tak,Nie,Nie,d,Rozszerzony,4110
16,5,21.03.2021,7591,877,Tak,Tak,Nie,Nie,a,Rozszerzony,3270
17,5,21.03.2021,6243,820,Tak,Tak,Nie,Nie,a,Podstawowy,50
18,5,21.03.2021,7009,748,Tak,Tak,Nie,Nie,d,Rozszerzony,13840
19,5,21.03.2021,6920,651,Tak,Tak,Nie,Nie,a,Rozszerzony,3240
20,5,21.03.2021,7226,845,Tak,Tak,Nie,Nie,d,Podstawowy,2340
21,5,21.03.2021,6444,586,Tak,Tak,Nie,Nie,c,Rozszerzony,550
22,5,21.03.2021,4981,545,Tak,Tak,Nie,Nie,a,Podstawowy,1040
23,5,21.03.2021,5880,496,Tak,Tak,Nie,Nie,d,Podstawowy,4060
24,5,21.03.2021,9102,793,Tak,Tak,Nie,Nie,a,Rozszerzony,4590
25,5,21.03.2021,10008,1461,Tak,Tak,Nie,Nie,c,Podstawowy,430
26,5,21.03.2021,7814,604,Tak,Tak,Nie,Nie,d,Podstawowy,2300
27,5,21.03.2021,8788,984,Tak,Tak,Nie,Nie,a,Podstawowy,60
28,5,21.03.2021,5481,589,Tak,Tak,Nie,Nie,a,Podstawowy,1200
29,5,21.03.2021,6887,655,Tak,Tak,Nie,Nie,d,Rozszerzony,2170
30,5,21.03.2021,3866,602,Tak,Tak,Nie,Nie,a,Podstawowy,40
31,5,21.03.2021,6387,641,Tak,Tak,Nie,Nie,d,Rozszerzony,9800
32,5,21.03.2021,4445,513,Tak,Tak,Nie,Nie,a,Podstawowy,2910
33,5,21.03.2021,8058,786,Tak,Tak,Nie,Nie,a,Rozszerzony,1320
34,5,21.03.2021,7682,950,Tak,Tak,Nie,Nie,c,Podstawowy,2240
35,5,21.03.2021,10142,743,Tak,Tak,Nie,Nie,d,Rozszerzony,7660
36,5,21.03.2021,8744,1101,Tak,Tak,Nie,Nie,a,Rozszerzony,540
37,5,21.03.2021,6884,771,Tak,Tak,Nie,Nie,c,Podstawowy,4230
38,5,21.03.2021,6071,558,Tak,Tak,Nie,Nie,d,Podstawowy,1090
39,5,21.03.2021,4702,603,Tak,Tak,Nie,Nie,a,Podstawowy,260
40,5,21.03.2021,4430,614,Tak,Tak,Nie,Nie,a,Podstawowy,180
41,5,21.03.2021,5050,406,Tak,Tak,Nie,Nie,d,Rozszerzony,1180
42,5,21.03.2021,9948,989,Tak,Tak,Nie,Nie,a,Rozszerzony,290
43,5,21.03.2021,6968,657,Tak,Tak,Nie,Nie,d,Podstawowy,4880
44,5,21.03.2021,6091,711,Tak,Tak,Nie,Nie,a,Podstawowy,540
45,5,21.03.2021,5831,425,Tak,Tak,Nie,Nie,d,Podstawowy,9710
46,5,21.03.2021,5491,673,Tak,Tak,Nie,Nie,c,Podstawowy,1200
47,5,21.03.2021,5303,728,Tak,Tak,Nie,Nie,a,Rozszerzony,270
48,5,21.03.2021,4082,418,Tak,Tak,Nie,Nie,a,Podstawowy,1060
49,5,21.03.2021,7382,556,Tak,Tak,Nie,Nie,d,Rozszerzony,18010
50,5,21.03.2021,4647,373,Tak,Tak,Nie,Nie,d,Podstawowy,6260
1,4,20.03.2021,4023,485,Tak,Tak,Nie,Nie,c,Podstawowy,1270
2,4,20.03.2021,4950,574,Tak,Tak,Nie,Nie,a,Podstawowy,570
3,4,20.03.2021,7390,796,Tak,Tak,Nie,Nie,a,Podstawowy,14130
4,4,20.03.2021,8074,1200,Tak,Tak,Nie,Nie,c,Rozszerzony,620
5,4,20.03.2021,4478,502,Tak,Tak,Nie,Nie,a,Podstawowy,29910
6,4,20.03.2021,4773,619,Tak,Tak,Nie,Nie,a,Podstawowy,310
7,4,20.03.2021,7386,865,Tak,Tak,Nie,Nie,a,Rozszerzony,24000
8,4,20.03.2021,5616,783,Tak,Tak,Nie,Nie,a,Podstawowy,7520
9,4,20.03.2021,5894,541,Tak,Tak,Nie,Nie,a,Rozszerzony,2030
10,4,20.03.2021,4452,547,Tak,Tak,Nie,Nie,a,Podstawowy,3160
11,4,20.03.2021,7345,1150,Tak,Tak,Nie,Nie,a,Rozszerzony,960
12,4,20.03.2021,7080,906,Tak,Tak,Nie,Nie,a,Rozszerzony,1070
13,4,20.03.2021,5090,394,Tak,Tak,Nie,Nie,d,Podstawowy,310
14,4,20.03.2021,5464,639,Tak,Tak,Nie,Nie,a,Podstawowy,1300
15,4,20.03.2021,6037,599,Tak,Tak,Nie,Nie,d,Rozszerzony,4110
16,4,20.03.2021,7162,904,Tak,Tak,Nie,Nie,a,Rozszerzony,3270
17,4,20.03.2021,6624,830,Tak,Tak,Nie,Nie,a,Podstawowy,50
18,4,20.03.2021,5609,651,Tak,Tak,Nie,Nie,d,Rozszerzony,13840
19,4,20.03.2021,6651,652,Tak,Tak,Nie,Nie,a,Rozszerzony,3240
20,4,20.03.2021,8774,1080,Tak,Tak,Nie,Nie,d,Podstawowy,2340
21,4,20.03.2021,5805,526,Tak,Tak,Nie,Nie,c,Rozszerzony,550
22,4,20.03.2021,4383,480,Tak,Tak,Nie,Nie,a,Podstawowy,1040
23,4,20.03.2021,5464,496,Tak,Tak,Nie,Nie,d,Podstawowy,4060
24,4,20.03.2021,7492,732,Tak,Tak,Nie,Nie,a,Rozszerzony,4590
25,4,20.03.2021,10795,1614,Tak,Tak,Nie,Nie,c,Podstawowy,430
26,4,20.03.2021,6387,571,Tak,Tak,Nie,Nie,d,Podstawowy,2300
27,4,20.03.2021,10213,1113,Tak,Tak,Nie,Nie,a,Podstawowy,60
28,4,20.03.2021,5626,618,Tak,Tak,Nie,Nie,a,Podstawowy,1200
29,4,20.03.2021,6033,583,Tak,Tak,Nie,Nie,d,Rozszerzony,2170
30,4,20.03.2021,5301,781,Tak,Tak,Nie,Nie,a,Podstawowy,40
31,4,20.03.2021,4572,501,Tak,Tak,Nie,Nie,d,Rozszerzony,9800
32,4,20.03.2021,3896,464,Tak,Tak,Nie,Nie,a,Podstawowy,2910
33,4,20.03.2021,7409,780,Tak,Tak,Nie,Nie,a,Rozszerzony,1320
34,4,20.03.2021,7462,920,Tak,Tak,Nie,Nie,c,Podstawowy,2240
35,4,20.03.2021,7992,657,Tak,Tak,Nie,Nie,d,Rozszerzony,7660
36,4,20.03.2021,7937,1024,Tak,Tak,Nie,Nie,a,Rozszerzony,540
37,4,20.03.2021,6084,682,Tak,Tak,Nie,Nie,c,Podstawowy,4230
38,4,20.03.2021,5384,474,Tak,Tak,Nie,Nie,d,Podstawowy,1090
39,4,20.03.2021,4387,573,Tak,Tak,Nie,Nie,a,Podstawowy,260
40,4,20.03.2021,4753,684,Tak,Tak,Nie,Nie,a,Podstawowy,180
41,4,20.03.2021,4572,355,Tak,Tak,Nie,Nie,d,Rozszerzony,1180
42,4,20.03.2021,9585,1102,Tak,Tak,Nie,Nie,a,Rozszerzony,290
43,4,20.03.2021,6734,657,Tak,Tak,Nie,Nie,d,Podstawowy,4880
44,4,20.03.2021,5744,679,Tak,Tak,Nie,Nie,a,Podstawowy,540
45,4,20.03.2021,4506,381,Tak,Tak,Nie,Nie,d,Podstawowy,9710
46,4,20.03.2021,5280,637,Tak,Tak,Nie,Nie,c,Podstawowy,1200
47,4,20.03.2021,6527,875,Tak,Tak,Nie,Nie,a,Rozszerzony,270
48,4,20.03.2021,3621,435,Tak,Tak,Nie,Nie,a,Podstawowy,1060
49,4,20.03.2021,6759,505,Tak,Tak,Nie,Nie,d,Rozszerzony,18010
50,4,20.03.2021,3725,323,Tak,Tak,Nie,Nie,d,Podstawowy,6260
1,3,19.03.2021,4036,496,Tak,Tak,Nie,Nie,c,Podstawowy,1270
2,3,19.03.2021,6275,747,Tak,Tak,Nie,Nie,a,Podstawowy,570
3,3,19.03.2021,8417,843,Tak,Tak,Nie,Nie,a,Podstawowy,14130
4,3,19.03.2021,8672,1265,Tak,Tak,Nie,Nie,c,Rozszerzony,620
5,3,19.03.2021,5031,615,Tak,Tak,Nie,Nie,a,Podstawowy,29910
6,3,19.03.2021,5357,631,Tak,Tak,Nie,Nie,a,Podstawowy,310
7,3,19.03.2021,7762,785,Tak,Tak,Nie,Nie,a,Rozszerzony,24000
8,3,19.03.2021,5517,630,Tak,Tak,Nie,Nie,a,Podstawowy,7520
9,3,19.03.2021,6400,613,Tak,Tak,Nie,Nie,a,Rozszerzony,2030
10,3,19.03.2021,5882,631,Tak,Tak,Nie,Nie,a,Podstawowy,3160
11,3,19.03.2021,8491,1139,Tak,Tak,Nie,Nie,a,Rozszerzony,960
12,3,19.03.2021,7682,903,Tak,Tak,Nie,Nie,a,Rozszerzony,1070
13,3,19.03.2021,5530,432,Tak,Tak,Nie,Nie,d,Podstawowy,310
14,3,19.03.2021,6193,699,Tak,Tak,Nie,Nie,a,Podstawowy,1300
15,3,19.03.2021,6805,626,Tak,Tak,Nie,Nie,d,Rozszerzony,4110
16,3,19.03.2021,8025,885,Tak,Tak,Nie,Nie,a,Rozszerzony,3270
17,3,19.03.2021,6575,803,Tak,Tak,Nie,Nie,a,Podstawowy,50
18,3,19.03.2021,7109,769,Tak,Tak,Nie,Nie,d,Rozszerzony,13840
19,3,19.03.2021,6716,668,Tak,Tak,Nie,Nie,a,Rozszerzony,3240
20,3,19.03.2021,7720,903,Tak,Tak,Nie,Nie,d,Podstawowy,2340
21,3,19.03.2021,5576,514,Tak,Tak,Nie,Nie,c,Rozszerzony,550
22,3,19.03.2021,4407,472,Tak,Tak,Nie,Nie,a,Podstawowy,1040
23,3,19.03.2021,6139,518,Tak,Tak,Nie,Nie,d,Podstawowy,4060
24,3,19.03.2021,8992,867,Tak,Tak,Nie,Nie,a,Rozszerzony,4590
25,3,19.03.2021,11102,1569,Tak,Tak,Nie,Nie,c,Podstawowy,430
26,3,19.03.2021,5945,486,Tak,Tak,Nie,Nie,d,Podstawowy,2300
27,3,19.03.2021,10402,1129,Tak,Tak,Nie,Nie,a,Podstawowy,60
28,3,19.03.2021,5435,599,Tak,Tak,Nie,Nie,a,Podstawowy,1200
29,3,19.03.2021,7876,679,Tak,Tak,Nie,Nie,d,Rozszerzony,2170
30,3,19.03.2021,4579,694,Tak,Tak,Nie,Nie,a,Podstawowy,40
31,3,19.03.2021,5602,559,Tak,Tak,Nie,Nie,d,Rozszerzony,9800
32,3,19.03.2021,4544,491,Tak,Tak,Nie,Nie,a,Podstawowy,2910
33,3,19.03.2021,8636,808,Tak,Tak,Nie,Nie,a,Rozszerzony,1320
34,3,19.03.2021,8043,981,Tak,Tak,Nie,Nie,c,Podstawowy,2240
35,3,19.03.2021,9936,722,Tak,Tak,Nie,Nie,d,Rozszerzony,7660
36,3,19.03.2021,8084,995,Tak,Tak,Nie,Nie,a,Rozszerzony,540
37,3,19.03.2021,6572,699,Tak,Tak,Nie,Nie,c,Podstawowy,4230
38,3,19.03.2021,6412,553,Tak,Tak,Nie,Nie,d,Podstawowy,1090
39,3,19.03.2021,5309,724,Tak,Tak,Nie,Nie,a,Podstawowy,260
40,3,19.03.2021,4837,606,Tak,Tak,Nie,Nie,a,Podstawowy,180
41,3,19.03.2021,5593,402,Tak,Tak,Nie,Nie,d,Rozszerzony,1180
42,3,19.03.2021,11312,1288,Tak,Tak,Nie,Nie,a,Rozszerzony,290
43,3,19.03.2021,8087,651,Tak,Tak,Nie,Nie,d,Podstawowy,4880
44,3,19.03.2021,6222,701,Tak,Tak,Nie,Nie,a,Podstawowy,540
45,3,19.03.2021,4308,357,Tak,Tak,Nie,Nie,d,Podstawowy,9710
46,3,19.03.2021,6305,678,Tak,Tak,Nie,Nie,c,Podstawowy,1200
47,3,19.03.2021,8056,1007,Tak,Tak,Nie,Nie,a,Rozszerzony,270
48,3,19.03.2021,4046,441,Tak,Tak,Nie,Nie,a,Podstawowy,1060
49,3,19.03.2021,6548,499,Tak,Tak,Nie,Nie,d,Rozszerzony,18010
50,3,19.03.2021,4028,310,Tak,Tak,Nie,Nie,d,Podstawowy,6260
1,2,18.03.2021,5200,635,Tak,Tak,Nie,Nie,c,Podstawowy,1270
2,2,18.03.2021,5805,644,Tak,Tak,Nie,Nie,a,Podstawowy,570
3,2,18.03.2021,9011,867,Tak,Tak,Nie,Nie,a,Podstawowy,14130
4,2,18.03.2021,9920,1344,Tak,Tak,Nie,Nie,c,Rozszerzony,620
5,2,18.03.2021,5682,629,Tak,Tak,Nie,Nie,a,Podstawowy,29910
6,2,18.03.2021,6933,739,Tak,Tak,Nie,Nie,a,Podstawowy,310
7,2,18.03.2021,9392,1025,Tak,Tak,Nie,Nie,a,Rozszerzony,24000
8,2,18.03.2021,6688,750,Tak,Tak,Nie,Nie,a,Podstawowy,7520
9,2,18.03.2021,7380,630,Tak,Tak,Nie,Nie,a,Rozszerzony,2030
10,2,18.03.2021,5791,630,Tak,Tak,Nie,Nie,a,Podstawowy,3160
11,2,18.03.2021,7872,1099,Tak,Tak,Nie,Nie,a,Rozszerzony,960
12,2,18.03.2021,8432,927,Tak,Tak,Nie,Nie,a,Rozszerzony,1070
13,2,18.03.2021,5898,429,Tak,Tak,Nie,Nie,d,Podstawowy,310
14,2,18.03.2021,7087,745,Tak,Tak,Nie,Nie,a,Podstawowy,1300
15,2,18.03.2021,7376,662,Tak,Tak,Nie,Nie,d,Rozszerzony,4110
16,2,18.03.2021,8460,1000,Tak,Tak,Nie,Nie,a,Rozszerzony,3270
17,2,18.03.2021,8458,989,Tak,Tak,Nie,Nie,a,Podstawowy,50
18,2,18.03.2021,7355,769,Tak,Tak,Nie,Nie,d,Rozszerzony,13840
19,2,18.03.2021,7700,738,Tak,Tak,Nie,Nie,a,Rozszerzony,3240
20,2,18.03.2021,8576,982,Tak,Tak,Nie,Nie,d,Podstawowy,2340
21,2,18.03.2021,5821,544,Tak,Tak,Nie,Nie,c,Rozszerzony,550
22,2,18.03.2021,5006,546,Tak,Tak,Nie,Nie,a,Podstawowy,1040
23,2,18.03.2021,6787,566,Tak,Tak,Nie,Nie,d,Podstawowy,4060
24,2,18.03.2021,9820,828,Tak,Tak,Nie,Nie,a,Rozszerzony,4590
25,2,18.03.2021,8686,1157,Tak,Tak,Nie,Nie,c,Podstawowy,430
26,2,18.03.2021,7527,555,Tak,Tak,Nie,Nie,d,Podstawowy,2300
27,2,18.03.2021,11091,1177,Tak,Tak,Nie,Nie,a,Podstawowy,60
28,2,18.03.2021,6517,694,Tak,Tak,Nie,Nie,a,Podstawowy,1200
29,2,18.03.2021,7486,657,Tak,Tak,Nie,Nie,d,Rozszerzony,2170
30,2,18.03.2021,6425,874,Tak,Tak,Nie,Nie,a,Podstawowy,40
31,2,18.03.2021,6215,589,Tak,Tak,Nie,Nie,d,Rozszerzony,9800
32,2,18.03.2021,5381,576,Tak,Tak,Nie,Nie,a,Podstawowy,2910
33,2,18.03.2021,8526,869,Tak,Tak,Nie,Nie,a,Rozszerzony,1320
34,2,18.03.2021,8510,1042,Tak,Tak,Nie,Nie,c,Podstawowy,2240
35,2,18.03.2021,10858,821,Tak,Tak,Nie,Nie,d,Rozszerzony,7660
36,2,18.03.2021,8521,1070,Tak,Tak,Nie,Nie,a,Rozszerzony,540
37,2,18.03.2021,6737,692,Tak,Tak,Nie,Nie,c,Podstawowy,4230
38,2,18.03.2021,7008,555,Tak,Tak,Nie,Nie,d,Podstawowy,1090
39,2,18.03.2021,5188,640,Tak,Tak,Nie,Nie,a,Podstawowy,260
40,2,18.03.2021,5229,684,Tak,Tak,Nie,Nie,a,Podstawowy,180
41,2,18.03.2021,5412,375,Tak,Tak,Nie,Nie,d,Rozszerzony,1180
42,2,18.03.2021,10109,1026,Tak,Tak,Nie,Nie,a,Rozszerzony,290
43,2,18.03.2021,8096,680,Tak,Tak,Nie,Nie,d,Podstawowy,4880
44,2,18.03.2021,6724,753,Tak,Tak,Nie,Nie,a,Podstawowy,540
45,2,18.03.2021,5869,397,Tak,Tak,Nie,Nie,d,Podstawowy,9710
46,2,18.03.2021,6392,724,Tak,Tak,Nie,Nie,c,Podstawowy,1200
47,2,18.03.2021,7706,957,Tak,Tak,Nie,Nie,a,Rozszerzony,270
48,2,18.03.2021,4366,462,Tak,Tak,Nie,Nie,a,Podstawowy,1060
49,2,18.03.2021,7484,516,Tak,Tak,Nie,Nie,d,Rozszerzony,18010
50,2,18.03.2021,4382,352,Tak,Tak,Nie,Nie,d,Podstawowy,6260
1,1,17.03.2021,5563,628,Tak,Tak,Nie,Nie,c,Podstawowy,1270
2,1,17.03.2021,7054,743,Tak,Tak,Nie,Nie,a,Podstawowy,570
3,1,17.03.2021,9154,908,Tak,Tak,Nie,Nie,a,Podstawowy,14130
4,1,17.03.2021,11669,1563,Tak,Tak,Nie,Nie,c,Rozszerzony,620
5,1,17.03.2021,7702,777,Tak,Tak,Nie,Nie,a,Podstawowy,29910
6,1,17.03.2021,7302,759,Tak,Tak,Nie,Nie,a,Podstawowy,310
7,1,17.03.2021,11479,1119,Tak,Tak,Nie,Nie,a,Rozszerzony,24000
8,1,17.03.2021,7658,818,Tak,Tak,Nie,Nie,a,Podstawowy,7520
9,1,17.03.2021,9167,772,Tak,Tak,Nie,Nie,a,Rozszerzony,2030
10,1,17.03.2021,6613,685,Tak,Tak,Nie,Nie,a,Podstawowy,3160
11,1,17.03.2021,9183,1231,Tak,Tak,Nie,Nie,a,Rozszerzony,960
12,1,17.03.2021,9961,1009,Tak,Tak,Nie,Nie,a,Rozszerzony,1070
13,1,17.03.2021,6720,499,Tak,Tak,Nie,Nie,d,Podstawowy,310
14,1,17.03.2021,7962,847,Tak,Tak,Nie,Nie,a,Podstawowy,1300
15,1,17.03.2021,8736,807,Tak,Tak,Nie,Nie,d,Rozszerzony,4110
16,1,17.03.2021,9497,1075,Tak,Tak,Nie,Nie,a,Rozszerzony,3270
17,1,17.03.2021,9389,1038,Tak,Tak,Nie,Nie,a,Podstawowy,50
18,1,17.03.2021,8987,924,Tak,Tak,Nie,Nie,d,Rozszerzony,13840
19,1,17.03.2021,8923,779,Tak,Tak,Nie,Nie,a,Rozszerzony,3240
20,1,17.03.2021,10061,1145,Tak,Tak,Nie,Nie,d,Podstawowy,2340
21,1,17.03.2021,8349,714,Tak,Tak,Nie,Nie,c,Rozszerzony,550
22,1,17.03.2021,5742,609,Tak,Tak,Nie,Nie,a,Podstawowy,1040
23,1,17.03.2021,9260,725,Tak,Tak,Nie,Nie,d,Podstawowy,4060
24,1,17.03.2021,12317,1049,Tak,Tak,Nie,Nie,a,Rozszerzony,4590
25,1,17.03.2021,14117,1921,Tak,Tak,Nie,Nie,c,Podstawowy,430
26,1,17.03.2021,10665,783,Tak,Tak,Nie,Nie,d,Podstawowy,2300
27,1,17.03.2021,12880,1277,Tak,Tak,Nie,Nie,a,Podstawowy,60
28,1,17.03.2021,9400,896,Tak,Tak,Nie,Nie,a,Podstawowy,1200
29,1,17.03.2021,12376,993,Tak,Tak,Nie,Nie,d,Rozszerzony,2170
30,1,17.03.2021,6470,870,Tak,Tak,Nie,Nie,a,Podstawowy,40
31,1,17.03.2021,6151,638,Tak,Tak,Nie,Nie,d,Rozszerzony,9800
32,1,17.03.2021,5715,598,Tak,Tak,Nie,Nie,a,Podstawowy,2910
33,1,17.03.2021,9840,974,Tak,Tak,Nie,Nie,a,Rozszerzony,1320
34,1,17.03.2021,10552,1169,Tak,Tak,Nie,Nie,c,Podstawowy,2240
35,1,17.03.2021,14837,1021,Tak,Tak,Nie,Nie,d,Rozszerzony,7660
36,1,17.03.2021,10047,1241,Tak,Tak,Nie,Nie,a,Rozszerzony,540
37,1,17.03.2021,9169,861,Tak,Tak,Nie,Nie,c,Podstawowy,4230
38,1,17.03.2021,10246,771,Tak,Tak,Nie,Nie,d,Podstawowy,1090
39,1,17.03.2021,8114,953,Tak,Tak,Nie,Nie,a,Podstawowy,260
40,1,17.03.2021,5597,703,Tak,Tak,Nie,Nie,a,Podstawowy,180
41,1,17.03.2021,6910,491,Tak,Tak,Nie,Nie,d,Rozszerzony,1180
42,1,17.03.2021,13072,1316,Tak,Tak,Nie,Nie,a,Rozszerzony,290
43,1,17.03.2021,9493,793,Tak,Tak,Nie,Nie,d,Podstawowy,4880
44,1,17.03.2021,8270,850,Tak,Tak,Nie,Nie,a,Podstawowy,540
45,1,17.03.2021,6645,474,Tak,Tak,Nie,Nie,d,Podstawowy,9710
46,1,17.03.2021,8331,848,Tak,Tak,Nie,Nie,c,Podstawowy,1200
47,1,17.03.2021,8022,1038,Tak,Tak,Nie,Nie,a,Rozszerzony,270
48,1,17.03.2021,5194,554,Tak,Tak,Nie,Nie,a,Podstawowy,1060
49,1,17.03.2021,8720,591,Tak,Tak,Nie,Nie,d,Rozszerzony,18010
50,1,17.03.2021,5792,429,Tak,Tak,Nie,Nie,d,Podstawowy,6260
1,7,16.03.2021,0,0,Nie,Nie,Nie,Nie,c,Podstawowy,1270
2,7,16.03.2021,0,0,Nie,Nie,Nie,Nie,a,Podstawowy,570
3,7,16.03.2021,0,0,Nie,Nie,Nie,Nie,a,Podstawowy,14130
4,7,16.03.2021,0,0,Nie,Nie,Nie,Nie,c,Rozszerzony,620
5,7,16.03.2021,0,0,Nie,Nie,Nie,Nie,a,Podstawowy,29910
6,7,16.03.2021,0,0,Nie,Nie,Nie,Nie,a,Podstawowy,310
7,7,16.03.2021,0,0,Nie,Nie,Nie,Nie,a,Rozszerzony,24000
8,7,16.03.2021,0,0,Nie,Nie,Nie,Nie,a,Podstawowy,7520
9,7,16.03.2021,0,0,Nie,Nie,Nie,Nie,a,Rozszerzony,2030
10,7,16.03.2021,0,0,Nie,Nie,Nie,Nie,a,Podstawowy,3160
11,7,16.03.2021,0,0,Nie,Nie,Nie,Nie,a,Rozszerzony,960
12,7,16.03.2021,0,0,Nie,Nie,Nie,Nie,a,Rozszerzony,1070
13,7,16.03.2021,0,0,Nie,Nie,Nie,Nie,d,Podstawowy,310
14,7,16.03.2021,0,0,Nie,Nie,Nie,Nie,a,Podstawowy,1300
15,7,16.03.2021,0,0,Nie,Nie,Nie,Nie,d,Rozszerzony,4110
16,7,16.03.2021,0,0,Nie,Nie,Nie,Nie,a,Rozszerzony,3270
17,7,16.03.2021,0,0,Nie,Nie,Nie,Nie,a,Podstawowy,50
18,7,16.03.2021,0,0,Nie,Nie,Nie,Nie,d,Rozszerzony,13840
19,7,16.03.2021,0,0,Nie,Nie,Nie,Nie,a,Rozszerzony,3240
20,7,16.03.2021,0,0,Nie,Nie,Nie,Nie,d,Podstawowy,2340
21,7,16.03.2021,0,0,Nie,Nie,Nie,Nie,c,Rozszerzony,550
22,7,16.03.2021,0,0,Nie,Nie,Nie,Nie,a,Podstawowy,1040
23,7,16.03.2021,0,0,Nie,Nie,Nie,Nie,d,Podstawowy,4060
24,7,16.03.2021,0,0,Nie,Nie,Nie,Nie,a,Rozszerzony,4590
25,7,16.03.2021,0,0,Nie,Nie,Nie,Nie,c,Podstawowy,430
26,7,16.03.2021,0,0,Nie,Nie,Nie,Nie,d,Podstawowy,2300
27,7,16.03.2021,0,0,Nie,Nie,Nie,Nie,a,Podstawowy,60
28,7,16.03.2021,0,0,Nie,Nie,Nie,Nie,a,Podstawowy,1200
29,7,16.03.2021,0,0,Nie,Nie,Nie,Nie,d,Rozszerzony,2170
30,7,16.03.2021,0,0,Nie,Nie,Nie,Nie,a,Podstawowy,40
31,7,16.03.2021,0,0,Nie,Nie,Nie,Nie,d,Rozszerzony,9800
32,7,16.03.2021,0,0,Nie,Nie,Nie,Nie,a,Podstawowy,2910
33,7,16.03.2021,0,0,Nie,Nie,Nie,Nie,a,Rozszerzony,1320
34,7,16.03.2021,0,0,Nie,Nie,Nie,Nie,c,Podstawowy,2240
35,7,16.03.2021,0,0,Nie,Nie,Nie,Nie,d,Rozszerzony,7660
36,7,16.03.2021,0,0,Nie,Nie,Nie,Nie,a,Rozszerzony,540
37,7,16.03.2021,0,0,Nie,Nie,Nie,Nie,c,Podstawowy,4230
38,7,16.03.2021,0,0,Nie,Nie,Nie,Nie,d,Podstawowy,1090
39,7,16.03.2021,0,0,Nie,Nie,Nie,Nie,a,Podstawowy,260
40,7,16.03.2021,0,0,Nie,Nie,Nie,Nie,a,Podstawowy,180
41,7,16.03.2021,0,0,Nie,Nie,Nie,Nie,d,Rozszerzony,1180
42,7,16.03.2021,0,0,Nie,Nie,Nie,Nie,a,Rozszerzony,290
43,7,16.03.2021,0,0,Nie,Nie,Nie,Nie,d,Podstawowy,4880
44,7,16.03.2021,0,0,Nie,Nie,Nie,Nie,a,Podstawowy,540
45,7,16.03.2021,0,0,Nie,Nie,Nie,Nie,d,Podstawowy,9710
46,7,16.03.2021,0,0,Nie,Nie,Nie,Nie,c,Podstawowy,1200
47,7,16.03.2021,0,0,Nie,Nie,Nie,Nie,a,Rozszerzony,270
48,7,16.03.2021,0,0,Nie,Nie,Nie,Nie,a,Podstawowy,1060
49,7,16.03.2021,0,0,Nie,Nie,Nie,Nie,d,Rozszerzony,18010
50,7,16.03.2021,0,0,Nie,Nie,Nie,Nie,d,Podstawowy,6260
1,6,15.03.2021,5042,630,Tak,Nie,Nie,Nie,c,Podstawowy,1270
2,6,15.03.2021,2678,333,Tak,Nie,Nie,Nie,a,Podstawowy,570
3,6,15.03.2021,4255,448,Tak,Nie,Nie,Nie,a,Podstawowy,14130
4,6,15.03.2021,10009,1397,Tak,Nie,Nie,Nie,c,Rozszerzony,620
5,6,15.03.2021,1895,214,Tak,Nie,Nie,Nie,a,Podstawowy,29910
6,6,15.03.2021,3274,387,Tak,Nie,Nie,Nie,a,Podstawowy,310
7,6,15.03.2021,4641,496,Tak,Nie,Nie,Nie,a,Rozszerzony,24000
8,6,15.03.2021,2519,327,Tak,Nie,Nie,Nie,a,Podstawowy,7520
9,6,15.03.2021,6799,557,Tak,Nie,Nie,Nie,a,Rozszerzony,2030
10,6,15.03.2021,4564,508,Tak,Nie,Nie,Nie,a,Podstawowy,3160
11,6,15.03.2021,5972,828,Tak,Nie,Nie,Nie,a,Rozszerzony,960
12,6,15.03.2021,4960,696,Tak,Nie,Nie,Nie,a,Rozszerzony,1070
13,6,15.03.2021,4612,378,Tak,Nie,Nie,Nie,d,Podstawowy,310
14,6,15.03.2021,3747,448,Tak,Nie,Nie,Nie,a,Podstawowy,1300
15,6,15.03.2021,5152,601,Tak,Nie,Nie,Nie,d,Rozszerzony,4110
16,6,15.03.2021,5202,555,Tak,Nie,Nie,Nie,a,Rozszerzony,3270
17,6,15.03.2021,2303,319,Tak,Nie,Nie,Nie,a,Podstawowy,50
18,6,15.03.2021,4264,478,Tak,Nie,Nie,Nie,d,Rozszerzony,13840
19,6,15.03.2021,4538,410,Tak,Nie,Nie,Nie,a,Rozszerzony,3240
20,6,15.03.2021,4668,452,Tak,Nie,Nie,Nie,d,Podstawowy,2340
21,6,15.03.2021,4893,516,Tak,Nie,Nie,Nie,c,Rozszerzony,550
22,6,15.03.2021,3531,374,Tak,Nie,Nie,Nie,a,Podstawowy,1040
23,6,15.03.2021,5045,464,Tak,Nie,Nie,Nie,d,Podstawowy,4060
24,6,15.03.2021,6629,631,Tak,Nie,Nie,Nie,a,Rozszerzony,4590
25,6,15.03.2021,8532,1287,Tak,Nie,Nie,Nie,c,Podstawowy,430
26,6,15.03.2021,6013,520,Tak,Nie,Nie,Nie,d,Podstawowy,2300
27,6,15.03.2021,7089,818,Tak,Nie,Nie,Nie,a,Podstawowy,60
28,6,15.03.2021,2461,267,Tak,Nie,Nie,Nie,a,Podstawowy,1200
29,6,15.03.2021,6999,665,Tak,Nie,Nie,Nie,d,Rozszerzony,2170
30,6,15.03.2021,3469,571,Tak,Nie,Nie,Nie,a,Podstawowy,40
31,6,15.03.2021,5440,582,Tak,Nie,Nie,Nie,d,Rozszerzony,9800
32,6,15.03.2021,2557,293,Tak,Nie,Nie,Nie,a,Podstawowy,2910
33,6,15.03.2021,8144,871,Tak,Nie,Nie,Nie,a,Rozszerzony,1320
34,6,15.03.2021,7826,964,Tak,Nie,Nie,Nie,c,Podstawowy,2240
35,6,15.03.2021,7677,629,Tak,Nie,Nie,Nie,d,Rozszerzony,7660
36,6,15.03.2021,8690,1063,Tak,Nie,Nie,Nie,a,Rozszerzony,540
37,6,15.03.2021,8455,957,Tak,Nie,Nie,Nie,c,Podstawowy,4230
38,6,15.03.2021,6208,626,Tak,Nie,Nie,Nie,d,Podstawowy,1090
39,6,15.03.2021,2912,400,Tak,Nie,Nie,Nie,a,Podstawowy,260
40,6,15.03.2021,4415,641,Tak,Nie,Nie,Nie,a,Podstawowy,180
41,6,15.03.2021,5894,437,Tak,Nie,Nie,Nie,d,Rozszerzony,1180
42,6,15.03.2021,7829,885,Tak,Nie,Nie,Nie,a,Rozszerzony,290
43,6,15.03.2021,4321,404,Tak,Nie,Nie,Nie,d,Podstawowy,4880
44,6,15.03.2021,4196,482,Tak,Nie,Nie,Nie,a,Podstawowy,540
45,6,15.03.2021,4806,408,Tak,Nie,Nie,Nie,d,Podstawowy,9710
46,6,15.03.2021,4874,688,Tak,Nie,Nie,Nie,c,Podstawowy,1200
47,6,15.03.2021,4344,666,Tak,Nie,Nie,Nie,a,Rozszerzony,270
48,6,15.03.2021,3243,334,Tak,Nie,Nie,Nie,a,Podstawowy,1060
49,6,15.03.2021,7945,560,Tak,Nie,Nie,Nie,d,Rozszerzony,18010
50,6,15.03.2021,4325,354,Tak,Nie,Nie,Nie,d,Podstawowy,6260
1,5,14.03.2021,3883,502,Tak,Nie,Nie,Nie,c,Podstawowy,1270
2,5,14.03.2021,3321,430,Tak,Nie,Nie,Nie,a,Podstawowy,570
3,5,14.03.2021,6245,705,Tak,Nie,Nie,Nie,a,Podstawowy,14130
4,5,14.03.2021,7336,1109,Tak,Nie,Nie,Nie,c,Rozszerzony,620
5,5,14.03.2021,3982,512,Tak,Nie,Nie,Nie,a,Podstawowy,29910
6,5,14.03.2021,4669,583,Tak,Nie,Nie,Nie,a,Podstawowy,310
7,5,14.03.2021,7964,909,Tak,Nie,Nie,Nie,a,Rozszerzony,24000
8,5,14.03.2021,3929,500,Tak,Nie,Nie,Nie,a,Podstawowy,7520
9,5,14.03.2021,5987,568,Tak,Nie,Nie,Nie,a,Rozszerzony,2030
10,5,14.03.2021,5061,603,Tak,Nie,Nie,Nie,a,Podstawowy,3160
11,5,14.03.2021,6954,1074,Tak,Nie,Nie,Nie,a,Rozszerzony,960
12,5,14.03.2021,5882,777,Tak,Nie,Nie,Nie,a,Rozszerzony,1070
13,5,14.03.2021,3077,281,Tak,Nie,Nie,Nie,d,Podstawowy,310
14,5,14.03.2021,4859,618,Tak,Nie,Nie,Nie,a,Podstawowy,1300
15,5,14.03.2021,5864,616,Tak,Nie,Nie,Nie,d,Rozszerzony,4110
16,5,14.03.2021,6357,795,Tak,Nie,Nie,Nie,a,Rozszerzony,3270
17,5,14.03.2021,5076,716,Tak,Nie,Nie,Nie,a,Podstawowy,50
18,5,14.03.2021,6097,717,Tak,Nie,Nie,Nie,d,Rozszerzony,13840
19,5,14.03.2021,5351,635,Tak,Nie,Nie,Nie,a,Rozszerzony,3240
20,5,14.03.2021,6594,774,Tak,Nie,Nie,Nie,d,Podstawowy,2340
21,5,14.03.2021,3749,421,Tak,Nie,Nie,Nie,c,Rozszerzony,550
22,5,14.03.2021,3650,502,Tak,Nie,Nie,Nie,a,Podstawowy,1040
23,5,14.03.2021,4627,421,Tak,Nie,Nie,Nie,d,Podstawowy,4060
24,5,14.03.2021,8515,798,Tak,Nie,Nie,Nie,a,Rozszerzony,4590
25,5,14.03.2021,9315,1409,Tak,Nie,Nie,Nie,c,Podstawowy,430
26,5,14.03.2021,5287,507,Tak,Nie,Nie,Nie,d,Podstawowy,2300
27,5,14.03.2021,7610,958,Tak,Nie,Nie,Nie,a,Podstawowy,60
28,5,14.03.2021,4635,566,Tak,Nie,Nie,Nie,a,Podstawowy,1200
29,5,14.03.2021,5496,546,Tak,Nie,Nie,Nie,d,Rozszerzony,2170
30,5,14.03.2021,3335,537,Tak,Nie,Nie,Nie,a,Podstawowy,40
31,5,14.03.2021,5117,587,Tak,Nie,Nie,Nie,d,Rozszerzony,9800
32,5,14.03.2021,3373,443,Tak,Nie,Nie,Nie,a,Podstawowy,2910
33,5,14.03.2021,7030,796,Tak,Nie,Nie,Nie,a,Rozszerzony,1320
34,5,14.03.2021,6972,936,Tak,Nie,Nie,Nie,c,Podstawowy,2240
35,5,14.03.2021,7423,635,Tak,Nie,Nie,Nie,d,Rozszerzony,7660
36,5,14.03.2021,7964,977,Tak,Nie,Nie,Nie,a,Rozszerzony,540
37,5,14.03.2021,5346,662,Tak,Nie,Nie,Nie,c,Podstawowy,4230
38,5,14.03.2021,4303,437,Tak,Nie,Nie,Nie,d,Podstawowy,1090
39,5,14.03.2021,3947,533,Tak,Nie,Nie,Nie,a,Podstawowy,260
40,5,14.03.2021,3690,555,Tak,Nie,Nie,Nie,a,Podstawowy,180
41,5,14.03.2021,4561,350,Tak,Nie,Nie,Nie,d,Rozszerzony,1180
42,5,14.03.2021,8967,1039,Tak,Nie,Nie,Nie,a,Rozszerzony,290
43,5,14.03.2021,5683,579,Tak,Nie,Nie,Nie,d,Podstawowy,4880
44,5,14.03.2021,4937,627,Tak,Nie,Nie,Nie,a,Podstawowy,540
45,5,14.03.2021,4547,362,Tak,Nie,Nie,Nie,d,Podstawowy,9710
46,5,14.03.2021,3395,534,Tak,Nie,Nie,Nie,c,Podstawowy,1200
47,5,14.03.2021,4990,746,Tak,Nie,Nie,Tak,a,Rozszerzony,270
48,5,14.03.2021,3219,407,Tak,Nie,Nie,Tak,a,Podstawowy,1060
49,5,14.03.2021,6300,496,Tak,Nie,Nie,Nie,d,Rozszerzony,18010
50,5,14.03.2021,2633,256,Tak,Nie,Nie,Nie,d,Podstawowy,6260
1,4,13.03.2021,3224,450,Tak,Nie,Nie,Nie,c,Podstawowy,1270
2,4,13.03.2021,4172,551,Tak,Nie,Nie,Nie,a,Podstawowy,570
3,4,13.03.2021,4918,719,Tak,Nie,Nie,Nie,a,Podstawowy,14130
4,4,13.03.2021,6987,1011,Tak,Nie,Nie,Nie,c,Rozszerzony,620
5,4,13.03.2021,3728,463,Tak,Nie,Nie,Nie,a,Podstawowy,29910
6,4,13.03.2021,4291,557,Tak,Nie,Nie,Nie,a,Podstawowy,310
7,4,13.03.2021,6373,795,Tak,Nie,Nie,Nie,a,Rozszerzony,24000
8,4,13.03.2021,4921,698,Tak,Nie,Nie,Nie,a,Podstawowy,7520
9,4,13.03.2021,5441,539,Tak,Nie,Nie,Nie,a,Rozszerzony,2030
10,4,13.03.2021,4865,557,Tak,Nie,Nie,Nie,a,Podstawowy,3160
11,4,13.03.2021,6457,1054,Tak,Nie,Nie,Nie,a,Rozszerzony,960
12,4,13.03.2021,5484,772,Tak,Nie,Nie,Nie,a,Rozszerzony,1070
13,4,13.03.2021,3010,271,Tak,Nie,Nie,Nie,d,Podstawowy,310
14,4,13.03.2021,5160,616,Tak,Nie,Nie,Nie,a,Podstawowy,1300
15,4,13.03.2021,5042,525,Tak,Nie,Nie,Nie,d,Rozszerzony,4110
16,4,13.03.2021,7151,887,Tak,Nie,Nie,Nie,a,Rozszerzony,3270
17,4,13.03.2021,4604,695,Tak,Nie,Nie,Nie,a,Podstawowy,50
18,4,13.03.2021,4509,572,Tak,Nie,Nie,Nie,d,Rozszerzony,13840
19,4,13.03.2021,5066,587,Tak,Nie,Nie,Nie,a,Rozszerzony,3240
20,4,13.03.2021,7715,1016,Tak,Nie,Nie,Nie,d,Podstawowy,2340
21,4,13.03.2021,3027,378,Tak,Nie,Nie,Nie,c,Rozszerzony,550
22,4,13.03.2021,3125,448,Tak,Nie,Nie,Nie,a,Podstawowy,1040
23,4,13.03.2021,4204,397,Tak,Nie,Nie,Nie,d,Podstawowy,4060
24,4,13.03.2021,6077,639,Tak,Nie,Nie,Nie,a,Rozszerzony,4590
25,4,13.03.2021,9070,1407,Tak,Nie,Nie,Nie,c,Podstawowy,430
26,4,13.03.2021,4701,442,Tak,Nie,Nie,Nie,d,Podstawowy,2300
27,4,13.03.2021,6787,888,Tak,Nie,Nie,Nie,a,Podstawowy,60
28,4,13.03.2021,4679,609,Tak,Nie,Nie,Nie,a,Podstawowy,1200
29,4,13.03.2021,4984,523,Tak,Nie,Nie,Nie,d,Rozszerzony,2170
30,4,13.03.2021,3555,609,Tak,Nie,Nie,Nie,a,Podstawowy,40
31,4,13.03.2021,4163,488,Tak,Nie,Nie,Nie,d,Rozszerzony,9800
32,4,13.03.2021,3213,399,Tak,Nie,Nie,Nie,a,Podstawowy,2910
33,4,13.03.2021,6625,706,Tak,Nie,Nie,Nie,a,Rozszerzony,1320
34,4,13.03.2021,5889,815,Tak,Nie,Nie,Nie,c,Podstawowy,2240
35,4,13.03.2021,6638,582,Tak,Nie,Nie,Nie,d,Rozszerzony,7660
36,4,13.03.2021,6943,936,Tak,Nie,Nie,Nie,a,Rozszerzony,540
37,4,13.03.2021,4485,579,Tak,Nie,Nie,Nie,c,Podstawowy,4230
38,4,13.03.2021,3847,400,Tak,Nie,Nie,Nie,d,Podstawowy,1090
39,4,13.03.2021,3733,519,Tak,Nie,Nie,Nie,a,Podstawowy,260
40,4,13.03.2021,3587,566,Tak,Nie,Nie,Nie,a,Podstawowy,180
41,4,13.03.2021,4677,342,Tak,Nie,Nie,Nie,d,Rozszerzony,1180
42,4,13.03.2021,7642,969,Tak,Nie,Nie,Nie,a,Rozszerzony,290
43,4,13.03.2021,6327,617,Tak,Nie,Nie,Nie,d,Podstawowy,4880
44,4,13.03.2021,4185,566,Tak,Nie,Nie,Nie,a,Podstawowy,540
45,4,13.03.2021,3532,314,Tak,Nie,Nie,Nie,d,Podstawowy,9710
46,4,13.03.2021,3440,493,Tak,Nie,Nie,Nie,c,Podstawowy,1200
47,4,13.03.2021,5237,780,Tak,Nie,Nie,Tak,a,Rozszerzony,270
48,4,13.03.2021,2996,375,Tak,Nie,Nie,Tak,a,Podstawowy,1060
49,4,13.03.2021,5197,442,Tak,Nie,Nie,Nie,d,Rozszerzony,18010
50,4,13.03.2021,3011,275,Tak,Nie,Nie,Nie,d,Podstawowy,6260
1,3,12.03.2021,3805,499,Tak,Nie,Nie,Nie,c,Podstawowy,1270
2,3,12.03.2021,4581,658,Tak,Nie,Nie,Nie,a,Podstawowy,570
3,3,12.03.2021,4951,649,Tak,Nie,Nie,Nie,a,Podstawowy,14130
4,3,12.03.2021,7318,1107,Tak,Nie,Nie,Nie,c,Rozszerzony,620
5,3,12.03.2021,4031,578,Tak,Nie,Nie,Nie,a,Podstawowy,29910
6,3,12.03.2021,4806,573,Tak,Nie,Nie,Nie,a,Podstawowy,310
7,3,12.03.2021,5856,761,Tak,Nie,Nie,Nie,a,Rozszerzony,24000
8,3,12.03.2021,4191,595,Tak,Nie,Nie,Nie,a,Podstawowy,7520
9,3,12.03.2021,4881,479,Tak,Nie,Nie,Nie,a,Rozszerzony,2030
10,3,12.03.2021,4883,573,Tak,Nie,Nie,Nie,a,Podstawowy,3160
11,3,12.03.2021,6475,1104,Tak,Nie,Nie,Nie,a,Rozszerzony,960
12,3,12.03.2021,5223,778,Tak,Nie,Nie,Nie,a,Rozszerzony,1070
13,3,12.03.2021,3209,274,Tak,Nie,Nie,Nie,d,Podstawowy,310
14,3,12.03.2021,4718,603,Tak,Nie,Nie,Nie,a,Podstawowy,1300
15,3,12.03.2021,4420,489,Tak,Nie,Nie,Nie,d,Rozszerzony,4110
16,3,12.03.2021,5971,843,Tak,Nie,Nie,Nie,a,Rozszerzony,3270
17,3,12.03.2021,4614,700,Tak,Nie,Nie,Nie,a,Podstawowy,50
18,3,12.03.2021,5030,637,Tak,Nie,Nie,Nie,d,Rozszerzony,13840
19,3,12.03.2021,5247,615,Tak,Nie,Nie,Nie,a,Rozszerzony,3240
20,3,12.03.2021,7025,903,Tak,Nie,Nie,Nie,d,Podstawowy,2340
21,3,12.03.2021,2910,373,Tak,Nie,Nie,Nie,c,Rozszerzony,550
22,3,12.03.2021,3372,449,Tak,Nie,Nie,Nie,a,Podstawowy,1040
23,3,12.03.2021,4356,419,Tak,Nie,Nie,Nie,d,Podstawowy,4060
24,3,12.03.2021,6825,688,Tak,Nie,Nie,Nie,a,Rozszerzony,4590
25,3,12.03.2021,8763,1351,Tak,Nie,Nie,Nie,c,Podstawowy,430
26,3,12.03.2021,4256,396,Tak,Nie,Nie,Nie,d,Podstawowy,2300
27,3,12.03.2021,7014,946,Tak,Nie,Nie,Nie,a,Podstawowy,60
28,3,12.03.2021,4073,480,Tak,Nie,Nie,Nie,a,Podstawowy,1200
29,3,12.03.2021,5260,510,Tak,Nie,Nie,Nie,d,Rozszerzony,2170
30,3,12.03.2021,3054,512,Tak,Nie,Nie,Nie,a,Podstawowy,40
31,3,12.03.2021,4481,493,Tak,Nie,Nie,Nie,d,Rozszerzony,9800
32,3,12.03.2021,3040,424,Tak,Nie,Nie,Nie,a,Podstawowy,2910
33,3,12.03.2021,6725,726,Tak,Nie,Nie,Nie,a,Rozszerzony,1320
34,3,12.03.2021,6511,924,Tak,Nie,Nie,Nie,c,Podstawowy,2240
35,3,12.03.2021,6966,619,Tak,Nie,Nie,Nie,d,Rozszerzony,7660
36,3,12.03.2021,7374,925,Tak,Nie,Nie,Nie,a,Rozszerzony,540
37,3,12.03.2021,4160,518,Tak,Nie,Nie,Nie,c,Podstawowy,4230
38,3,12.03.2021,3596,367,Tak,Nie,Nie,Nie,d,Podstawowy,1090
39,3,12.03.2021,3533,544,Tak,Nie,Nie,Nie,a,Podstawowy,260
40,3,12.03.2021,3703,550,Tak,Nie,Nie,Nie,a,Podstawowy,180
41,3,12.03.2021,3976,307,Tak,Nie,Nie,Nie,d,Rozszerzony,1180
42,3,12.03.2021,8126,1076,Tak,Nie,Nie,Nie,a,Rozszerzony,290
43,3,12.03.2021,5831,573,Tak,Nie,Nie,Nie,d,Podstawowy,4880
44,3,12.03.2021,4426,588,Tak,Nie,Nie,Nie,a,Podstawowy,540
45,3,12.03.2021,3504,295,Tak,Nie,Nie,Nie,d,Podstawowy,9710
46,3,12.03.2021,3599,517,Tak,Nie,Nie,Nie,c,Podstawowy,1200
47,3,12.03.2021,5356,814,Tak,Nie,Nie,Tak,a,Rozszerzony,270
48,3,12.03.2021,3583,429,Tak,Nie,Nie,Tak,a,Podstawowy,1060
49,3,12.03.2021,4919,418,Tak,Nie,Nie,Nie,d,Rozszerzony,18010
50,3,12.03.2021,2709,266,Tak,Nie,Nie,Nie,d,Podstawowy,6260
1,2,11.03.2021,3588,476,Tak,Nie,Nie,Nie,c,Podstawowy,1270
2,2,11.03.2021,3575,501,Tak,Nie,Nie,Nie,a,Podstawowy,570
3,2,11.03.2021,5412,684,Tak,Nie,Nie,Nie,a,Podstawowy,14130
4,2,11.03.2021,7021,1092,Tak,Nie,Nie,Nie,c,Rozszerzony,620
5,2,11.03.2021,3643,512,Tak,Nie,Nie,Nie,a,Podstawowy,29910
6,2,11.03.2021,4224,572,Tak,Nie,Nie,Nie,a,Podstawowy,310
7,2,11.03.2021,6997,927,Tak,Nie,Nie,Nie,a,Rozszerzony,24000
8,2,11.03.2021,4386,595,Tak,Nie,Nie,Nie,a,Podstawowy,7520
9,2,11.03.2021,5506,537,Tak,Nie,Nie,Nie,a,Rozszerzony,2030
10,2,11.03.2021,4923,563,Tak,Nie,Nie,Nie,a,Podstawowy,3160
11,2,11.03.2021,5868,1032,Tak,Nie,Nie,Nie,a,Rozszerzony,960
12,2,11.03.2021,5953,780,Tak,Nie,Nie,Nie,a,Rozszerzony,1070
13,2,11.03.2021,3194,267,Tak,Nie,Nie,Nie,d,Podstawowy,310
14,2,11.03.2021,4868,624,Tak,Nie,Nie,Nie,a,Podstawowy,1300
15,2,11.03.2021,4943,573,Tak,Nie,Nie,Nie,d,Rozszerzony,4110
16,2,11.03.2021,7126,886,Tak,Nie,Nie,Nie,a,Rozszerzony,3270
17,2,11.03.2021,5104,741,Tak,Nie,Nie,Nie,a,Podstawowy,50
18,2,11.03.2021,4420,576,Tak,Nie,Nie,Nie,d,Rozszerzony,13840
19,2,11.03.2021,5648,623,Tak,Nie,Nie,Nie,a,Rozszerzony,3240
20,2,11.03.2021,7223,915,Tak,Nie,Nie,Nie,d,Podstawowy,2340
21,2,11.03.2021,2961,362,Tak,Nie,Nie,Nie,c,Rozszerzony,550
22,2,11.03.2021,3603,467,Tak,Nie,Nie,Nie,a,Podstawowy,1040
23,2,11.03.2021,3384,329,Tak,Nie,Nie,Nie,d,Podstawowy,4060
24,2,11.03.2021,7101,700,Tak,Nie,Nie,Nie,a,Rozszerzony,4590
25,2,11.03.2021,9421,1470,Tak,Nie,Nie,Nie,c,Podstawowy,430
26,2,11.03.2021,3777,357,Tak,Nie,Nie,Nie,d,Podstawowy,2300
27,2,11.03.2021,7277,958,Tak,Nie,Nie,Nie,a,Podstawowy,60
28,2,11.03.2021,3993,503,Tak,Nie,Nie,Nie,a,Podstawowy,1200
29,2,11.03.2021,5175,540,Tak,Nie,Nie,Nie,d,Rozszerzony,2170
30,2,11.03.2021,4227,640,Tak,Nie,Nie,Nie,a,Podstawowy,40
31,2,11.03.2021,4054,455,Tak,Nie,Nie,Nie,d,Rozszerzony,9800
32,2,11.03.2021,3661,444,Tak,Nie,Nie,Nie,a,Podstawowy,2910
33,2,11.03.2021,6452,714,Tak,Nie,Nie,Nie,a,Rozszerzony,1320
34,2,11.03.2021,6413,881,Tak,Nie,Nie,Nie,c,Podstawowy,2240
35,2,11.03.2021,6293,597,Tak,Nie,Nie,Nie,d,Rozszerzony,7660
36,2,11.03.2021,7094,961,Tak,Nie,Nie,Nie,a,Rozszerzony,540
37,2,11.03.2021,3898,493,Tak,Nie,Nie,Nie,c,Podstawowy,4230
38,2,11.03.2021,3940,390,Tak,Nie,Nie,Nie,d,Podstawowy,1090
39,2,11.03.2021,3610,567,Tak,Nie,Nie,Nie,a,Podstawowy,260
40,2,11.03.2021,3908,610,Tak,Nie,Nie,Nie,a,Podstawowy,180
41,2,11.03.2021,3648,290,Tak,Nie,Nie,Nie,d,Rozszerzony,1180
42,2,11.03.2021,7704,998,Tak,Nie,Nie,Nie,a,Rozszerzony,290
43,2,11.03.2021,5350,568,Tak,Nie,Nie,Nie,d,Podstawowy,4880
44,2,11.03.2021,4165,598,Tak,Nie,Nie,Nie,a,Podstawowy,540
45,2,11.03.2021,3199,281,Tak,Nie,Nie,Nie,d,Podstawowy,9710
46,2,11.03.2021,3457,513,Tak,Nie,Nie,Nie,c,Podstawowy,1200
47,2,11.03.2021,4968,812,Tak,Nie,Nie,Tak,a,Rozszerzony,270
48,2,11.03.2021,3377,414,Tak,Nie,Nie,Tak,a,Podstawowy,1060
49,2,11.03.2021,5293,436,Tak,Nie,Nie,Nie,d,Rozszerzony,18010
50,2,11.03.2021,2808,260,Tak,Nie,Nie,Nie,d,Podstawowy,6260
1,1,10.03.2021,3573,469,Tak,Nie,Nie,Nie,c,Podstawowy,1270
2,1,10.03.2021,3799,516,Tak,Nie,Nie,Nie,a,Podstawowy,570
3,1,10.03.2021,4928,703,Tak,Nie,Nie,Nie,a,Podstawowy,14130
4,1,10.03.2021,7809,1157,Tak,Nie,Nie,Nie,c,Rozszerzony,620
5,1,10.03.2021,3629,499,Tak,Nie,Nie,Nie,a,Podstawowy,29910
6,1,10.03.2021,4506,619,Tak,Nie,Nie,Nie,a,Podstawowy,310
7,1,10.03.2021,7259,886,Tak,Nie,Nie,Nie,a,Rozszerzony,24000
8,1,10.03.2021,4311,649,Tak,Nie,Nie,Nie,a,Podstawowy,7520
9,1,10.03.2021,6280,571,Tak,Nie,Nie,Nie,a,Rozszerzony,2030
10,1,10.03.2021,5560,640,Tak,Nie,Nie,Nie,a,Podstawowy,3160
11,1,10.03.2021,6650,1163,Tak,Nie,Nie,Nie,a,Rozszerzony,960
12,1,10.03.2021,4926,767,Tak,Nie,Nie,Nie,a,Rozszerzony,1070
13,1,10.03.2021,3378,314,Tak,Nie,Nie,Nie,d,Podstawowy,310
14,1,10.03.2021,5677,651,Tak,Nie,Nie,Nie,a,Podstawowy,1300
15,1,10.03.2021,4890,551,Tak,Nie,Nie,Nie,d,Rozszerzony,4110
16,1,10.03.2021,6981,901,Tak,Nie,Nie,Nie,a,Rozszerzony,3270
17,1,10.03.2021,4832,712,Tak,Nie,Nie,Nie,a,Podstawowy,50
18,1,10.03.2021,5330,661,Tak,Nie,Nie,Nie,d,Rozszerzony,13840
19,1,10.03.2021,4753,576,Tak,Nie,Nie,Nie,a,Rozszerzony,3240
20,1,10.03.2021,8153,1042,Tak,Nie,Nie,Nie,d,Podstawowy,2340
21,1,10.03.2021,3720,443,Tak,Nie,Nie,Nie,c,Rozszerzony,550
22,1,10.03.2021,4045,525,Tak,Nie,Nie,Nie,a,Podstawowy,1040
23,1,10.03.2021,4021,386,Tak,Nie,Nie,Nie,d,Podstawowy,4060
24,1,10.03.2021,7199,732,Tak,Nie,Nie,Nie,a,Rozszerzony,4590
25,1,10.03.2021,10379,1635,Tak,Nie,Nie,Nie,c,Podstawowy,430
26,1,10.03.2021,3788,403,Tak,Nie,Nie,Nie,d,Podstawowy,2300
27,1,10.03.2021,6468,884,Tak,Nie,Nie,Nie,a,Podstawowy,60
28,1,10.03.2021,3811,518,Tak,Nie,Nie,Nie,a,Podstawowy,1200
29,1,10.03.2021,5105,549,Tak,Nie,Nie,Nie,d,Rozszerzony,2170
30,1,10.03.2021,4319,571,Tak,Nie,Nie,Nie,a,Podstawowy,40
31,1,10.03.2021,3951,470,Tak,Nie,Nie,Nie,d,Rozszerzony,9800
32,1,10.03.2021,3732,501,Tak,Nie,Nie,Nie,a,Podstawowy,2910
33,1,10.03.2021,7450,832,Tak,Nie,Nie,Nie,a,Rozszerzony,1320
34,1,10.03.2021,6908,953,Tak,Nie,Nie,Nie,c,Podstawowy,2240
35,1,10.03.2021,6966,662,Tak,Nie,Nie,Nie,d,Rozszerzony,7660
36,1,10.03.2021,8339,1080,Tak,Nie,Nie,Nie,a,Rozszerzony,540
37,1,10.03.2021,4037,501,Tak,Nie,Nie,Nie,c,Podstawowy,4230
38,1,10.03.2021,5082,468,Tak,Nie,Nie,Nie,d,Podstawowy,1090
39,1,10.03.2021,3569,516,Tak,Nie,Nie,Nie,a,Podstawowy,260
40,1,10.03.2021,4123,583,Tak,Nie,Nie,Nie,a,Podstawowy,180
41,1,10.03.2021,4213,339,Tak,Nie,Nie,Nie,d,Rozszerzony,1180
42,1,10.03.2021,9059,1086,Tak,Nie,Nie,Nie,a,Rozszerzony,290
43,1,10.03.2021,6152,619,Tak,Nie,Nie,Nie,d,Podstawowy,4880
44,1,10.03.2021,4400,611,Tak,Nie,Nie,Nie,a,Podstawowy,540
45,1,10.03.2021,3535,335,Tak,Nie,Nie,Nie,d,Podstawowy,9710
46,1,10.03.2021,3408,526,Tak,Nie,Nie,Nie,c,Podstawowy,1200
47,1,10.03.2021,5637,828,Tak,Nie,Nie,Tak,a,Rozszerzony,270
48,1,10.03.2021,3258,422,Tak,Nie,Nie,Tak,a,Podstawowy,1060
49,1,10.03.2021,5672,430,Tak,Nie,Nie,Nie,d,Rozszerzony,18010
50,1,10.03.2021,2829,292,Tak,Nie,Nie,Nie,d,Podstawowy,6260
1,7,09.03.2021,0,0,Nie,Nie,Nie,Nie,c,Podstawowy,1270
2,7,09.03.2021,0,0,Nie,Nie,Nie,Nie,a,Podstawowy,570
3,7,09.03.2021,0,0,Nie,Nie,Nie,Nie,a,Podstawowy,14130
4,7,09.03.2021,0,0,Nie,Nie,Nie,Nie,c,Rozszerzony,620
5,7,09.03.2021,0,0,Nie,Nie,Nie,Nie,a,Podstawowy,29910
6,7,09.03.2021,0,0,Nie,Nie,Nie,Nie,a,Podstawowy,310
7,7,09.03.2021,0,0,Nie,Nie,Nie,Nie,a,Rozszerzony,24000
8,7,09.03.2021,0,0,Nie,Nie,Nie,Nie,a,Podstawowy,7520
9,7,09.03.2021,0,0,Nie,Nie,Nie,Nie,a,Rozszerzony,2030
10,7,09.03.2021,0,0,Nie,Nie,Nie,Nie,a,Podstawowy,3160
11,7,09.03.2021,0,0,Nie,Nie,Nie,Nie,a,Rozszerzony,960
12,7,09.03.2021,0,0,Nie,Nie,Nie,Nie,a,Rozszerzony,1070
13,7,09.03.2021,0,0,Nie,Nie,Nie,Nie,d,Podstawowy,310
14,7,09.03.2021,0,0,Nie,Nie,Nie,Nie,a,Podstawowy,1300
15,7,09.03.2021,0,0,Nie,Nie,Nie,Nie,d,Rozszerzony,4110
16,7,09.03.2021,0,0,Nie,Nie,Nie,Nie,a,Rozszerzony,3270
17,7,09.03.2021,0,0,Nie,Nie,Nie,Nie,a,Podstawowy,50
18,7,09.03.2021,0,0,Nie,Nie,Nie,Nie,d,Rozszerzony,13840
19,7,09.03.2021,0,0,Nie,Nie,Nie,Nie,a,Rozszerzony,3240
20,7,09.03.2021,0,0,Nie,Nie,Nie,Nie,d,Podstawowy,2340
21,7,09.03.2021,0,0,Nie,Nie,Nie,Nie,c,Rozszerzony,550
22,7,09.03.2021,0,0,Nie,Nie,Nie,Nie,a,Podstawowy,1040
23,7,09.03.2021,0,0,Nie,Nie,Nie,Nie,d,Podstawowy,4060
24,7,09.03.2021,0,0,Nie,Nie,Nie,Nie,a,Rozszerzony,4590
25,7,09.03.2021,0,0,Nie,Nie,Nie,Nie,c,Podstawowy,430
26,7,09.03.2021,0,0,Nie,Nie,Nie,Nie,d,Podstawowy,2300
27,7,09.03.2021,0,0,Nie,Nie,Nie,Nie,a,Podstawowy,60
28,7,09.03.2021,0,0,Nie,Nie,Nie,Nie,a,Podstawowy,1200
29,7,09.03.2021,0,0,Nie,Nie,Nie,Nie,d,Rozszerzony,2170
30,7,09.03.2021,0,0,Nie,Nie,Nie,Nie,a,Podstawowy,40
31,7,09.03.2021,0,0,Nie,Nie,Nie,Nie,d,Rozszerzony,9800
32,7,09.03.2021,0,0,Nie,Nie,Nie,Nie,a,Podstawowy,2910
33,7,09.03.2021,0,0,Nie,Nie,Nie,Nie,a,Rozszerzony,1320
34,7,09.03.2021,0,0,Nie,Nie,Nie,Nie,c,Podstawowy,2240
35,7,09.03.2021,0,0,Nie,Nie,Nie,Nie,d,Rozszerzony,7660
36,7,09.03.2021,0,0,Nie,Nie,Nie,Nie,a,Rozszerzony,540
37,7,09.03.2021,0,0,Nie,Nie,Nie,Nie,c,Podstawowy,4230
38,7,09.03.2021,0,0,Nie,Nie,Nie,Nie,d,Podstawowy,1090
39,7,09.03.2021,0,0,Nie,Nie,Nie,Nie,a,Podstawowy,260
40,7,09.03.2021,0,0,Nie,Nie,Nie,Nie,a,Podstawowy,180
41,7,09.03.2021,0,0,Nie,Nie,Nie,Nie,d,Rozszerzony,1180
42,7,09.03.2021,0,0,Nie,Nie,Nie,Nie,a,Rozszerzony,290
43,7,09.03.2021,0,0,Nie,Nie,Nie,Nie,d,Podstawowy,4880
44,7,09.03.2021,0,0,Nie,Nie,Nie,Nie,a,Podstawowy,540
45,7,09.03.2021,0,0,Nie,Nie,Nie,Nie,d,Podstawowy,9710
46,7,09.03.2021,0,0,Nie,Nie,Nie,Nie,c,Podstawowy,1200
47,7,09.03.2021,0,0,Nie,Nie,Nie,Nie,a,Rozszerzony,270
48,7,09.03.2021,0,0,Nie,Nie,Nie,Nie,a,Podstawowy,1060
49,7,09.03.2021,0,0,Nie,Nie,Nie,Nie,d,Rozszerzony,18010
50,7,09.03.2021,0,0,Nie,Nie,Nie,Nie,d,Podstawowy,6260
1,6,08.03.2021,4400,550,Tak,Nie,Nie,Nie,c,Podstawowy,1270
2,6,08.03.2021,2863,353,Tak,Nie,Nie,Nie,a,Podstawowy,570
3,6,08.03.2021,3407,426,Tak,Nie,Nie,Nie,a,Podstawowy,14130
4,6,08.03.2021,9296,1372,Tak,Nie,Nie,Nie,c,Rozszerzony,620
5,6,08.03.2021,1991,211,Tak,Nie,Nie,Nie,a,Podstawowy,29910
6,6,08.03.2021,3219,389,Tak,Nie,Nie,Nie,a,Podstawowy,310
7,6,08.03.2021,5738,668,Tak,Nie,Nie,Nie,a,Rozszerzony,24000
8,6,08.03.2021,2806,376,Tak,Nie,Nie,Nie,a,Podstawowy,7520
9,6,08.03.2021,5405,511,Tak,Nie,Nie,Nie,a,Rozszerzony,2030
10,6,08.03.2021,4759,510,Tak,Nie,Nie,Nie,a,Podstawowy,3160
11,6,08.03.2021,5478,885,Tak,Nie,Nie,Nie,a,Rozszerzony,960
12,6,08.03.2021,5603,797,Tak,Nie,Nie,Nie,a,Rozszerzony,1070
13,6,08.03.2021,4330,353,Tak,Nie,Nie,Nie,d,Podstawowy,310
14,6,08.03.2021,3034,364,Tak,Nie,Nie,Nie,a,Podstawowy,1300
15,6,08.03.2021,5584,621,Tak,Nie,Nie,Nie,d,Rozszerzony,4110
16,6,08.03.2021,5015,584,Tak,Nie,Nie,Nie,a,Rozszerzony,3270
17,6,08.03.2021,2667,363,Tak,Nie,Nie,Nie,a,Podstawowy,50
18,6,08.03.2021,4178,512,Tak,Nie,Nie,Nie,d,Rozszerzony,13840
19,6,08.03.2021,4174,401,Tak,Nie,Nie,Nie,a,Rozszerzony,3240
20,6,08.03.2021,4982,516,Tak,Nie,Nie,Nie,d,Podstawowy,2340
21,6,08.03.2021,4192,517,Tak,Nie,Nie,Nie,c,Rozszerzony,550
22,6,08.03.2021,3108,378,Tak,Nie,Nie,Nie,a,Podstawowy,1040
23,6,08.03.2021,4297,425,Tak,Nie,Nie,Nie,d,Podstawowy,4060
24,6,08.03.2021,5817,588,Tak,Nie,Nie,Nie,a,Rozszerzony,4590
25,6,08.03.2021,8677,1340,Tak,Nie,Nie,Nie,c,Podstawowy,430
26,6,08.03.2021,5050,468,Tak,Nie,Nie,Nie,d,Podstawowy,2300
27,6,08.03.2021,6801,877,Tak,Nie,Nie,Nie,a,Podstawowy,60
28,6,08.03.2021,2400,310,Tak,Nie,Nie,Nie,a,Podstawowy,1200
29,6,08.03.2021,6534,640,Tak,Nie,Nie,Nie,d,Rozszerzony,2170
30,6,08.03.2021,5664,888,Tak,Nie,Nie,Nie,a,Podstawowy,40
31,6,08.03.2021,4727,520,Tak,Nie,Nie,Nie,d,Rozszerzony,9800
32,6,08.03.2021,1997,277,Tak,Nie,Nie,Nie,a,Podstawowy,2910
33,6,08.03.2021,8043,838,Tak,Nie,Nie,Nie,a,Rozszerzony,1320
34,6,08.03.2021,6954,936,Tak,Nie,Nie,Nie,c,Podstawowy,2240
35,6,08.03.2021,6933,633,Tak,Nie,Nie,Nie,d,Rozszerzony,7660
36,6,08.03.2021,9089,986,Tak,Nie,Nie,Nie,a,Rozszerzony,540
37,6,08.03.2021,6024,718,Tak,Nie,Nie,Nie,c,Podstawowy,4230
38,6,08.03.2021,5784,577,Tak,Nie,Nie,Nie,d,Podstawowy,1090
39,6,08.03.2021,2671,402,Tak,Nie,Nie,Nie,a,Podstawowy,260
40,6,08.03.2021,5696,793,Tak,Nie,Nie,Nie,a,Podstawowy,180
41,6,08.03.2021,5172,399,Tak,Nie,Nie,Nie,d,Rozszerzony,1180
42,6,08.03.2021,8657,1007,Tak,Nie,Nie,Nie,a,Rozszerzony,290
43,6,08.03.2021,4806,464,Tak,Nie,Nie,Nie,d,Podstawowy,4880
44,6,08.03.2021,3510,413,Tak,Nie,Nie,Nie,a,Podstawowy,540
45,6,08.03.2021,4963,398,Tak,Nie,Nie,Nie,d,Podstawowy,9710
46,6,08.03.2021,4798,651,Tak,Nie,Nie,Nie,c,Podstawowy,1200
47,6,08.03.2021,4907,714,Tak,Nie,Nie,Nie,a,Rozszerzony,270
48,6,08.03.2021,2684,310,Tak,Nie,Nie,Nie,a,Podstawowy,1060
49,6,08.03.2021,6397,512,Tak,Nie,Nie,Nie,d,Rozszerzony,18010
50,6,08.03.2021,3388,326,Tak,Nie,Nie,Nie,d,Podstawowy,6260
1,5,07.03.2021,5340,588,Tak,Tak,Nie,Nie,c,Podstawowy,1270
2,5,07.03.2021,5275,593,Tak,Tak,Nie,Nie,a,Podstawowy,570
3,5,07.03.2021,8321,861,Tak,Tak,Nie,Nie,a,Podstawowy,14130
4,5,07.03.2021,9986,1359,Tak,Tak,Nie,Nie,c,Rozszerzony,620
5,5,07.03.2021,4804,590,Tak,Tak,Nie,Nie,a,Podstawowy,29910
6,5,07.03.2021,5948,703,Tak,Tak,Nie,Nie,a,Podstawowy,310
7,5,07.03.2021,9385,1078,Tak,Tak,Nie,Nie,a,Rozszerzony,24000
8,5,07.03.2021,5634,646,Tak,Tak,Nie,Nie,a,Podstawowy,7520
9,5,07.03.2021,6708,619,Tak,Tak,Nie,Nie,a,Rozszerzony,2030
10,5,07.03.2021,5572,614,Tak,Tak,Nie,Nie,a,Podstawowy,3160
11,5,07.03.2021,7680,1187,Tak,Tak,Nie,Nie,a,Rozszerzony,960
12,5,07.03.2021,7606,904,Tak,Tak,Nie,Nie,a,Rozszerzony,1070
13,5,07.03.2021,6370,474,Tak,Tak,Nie,Tak,d,Podstawowy,310
14,5,07.03.2021,6182,717,Tak,Tak,Nie,Nie,a,Podstawowy,1300
15,5,07.03.2021,7690,726,Tak,Tak,Nie,Nie,d,Rozszerzony,4110
16,5,07.03.2021,7510,880,Tak,Tak,Nie,Nie,a,Rozszerzony,3270
17,5,07.03.2021,7307,898,Tak,Tak,Nie,Nie,a,Podstawowy,50
18,5,07.03.2021,7493,857,Tak,Tak,Nie,Nie,d,Rozszerzony,13840
19,5,07.03.2021,7927,732,Tak,Tak,Nie,Nie,a,Rozszerzony,3240
20,5,07.03.2021,7961,805,Tak,Tak,Nie,Tak,d,Podstawowy,2340
21,5,07.03.2021,7038,651,Tak,Tak,Nie,Nie,c,Rozszerzony,550
22,5,07.03.2021,4813,561,Tak,Tak,Nie,Tak,a,Podstawowy,1040
23,5,07.03.2021,6754,580,Tak,Tak,Nie,Nie,d,Podstawowy,4060
24,5,07.03.2021,10240,872,Tak,Tak,Nie,Nie,a,Rozszerzony,4590
25,5,07.03.2021,12639,1744,Tak,Tak,Nie,Nie,c,Podstawowy,430
26,5,07.03.2021,7522,684,Tak,Tak,Nie,Nie,d,Podstawowy,2300
27,5,07.03.2021,9786,1152,Tak,Tak,Nie,Nie,a,Podstawowy,60
28,5,07.03.2021,6202,689,Tak,Tak,Nie,Nie,a,Podstawowy,1200
29,5,07.03.2021,7705,716,Tak,Tak,Nie,Nie,d,Rozszerzony,2170
30,5,07.03.2021,5896,862,Tak,Tak,Nie,Nie,a,Podstawowy,40
31,5,07.03.2021,6122,598,Tak,Tak,Nie,Nie,d,Rozszerzony,9800
32,5,07.03.2021,4479,520,Tak,Tak,Nie,Tak,a,Podstawowy,2910
33,5,07.03.2021,9662,925,Tak,Tak,Nie,Nie,a,Rozszerzony,1320
34,5,07.03.2021,8134,1049,Tak,Tak,Nie,Nie,c,Podstawowy,2240
35,5,07.03.2021,10147,819,Tak,Tak,Nie,Nie,d,Rozszerzony,7660
36,5,07.03.2021,9079,1095,Tak,Tak,Nie,Tak,a,Rozszerzony,540
37,5,07.03.2021,8089,884,Tak,Tak,Nie,Nie,c,Podstawowy,4230
38,5,07.03.2021,6858,623,Tak,Tak,Nie,Nie,d,Podstawowy,1090
39,5,07.03.2021,4993,655,Tak,Tak,Nie,Nie,a,Podstawowy,260
40,5,07.03.2021,5450,675,Tak,Tak,Nie,Nie,a,Podstawowy,180
41,5,07.03.2021,5597,413,Tak,Tak,Nie,Tak,d,Rozszerzony,1180
42,5,07.03.2021,10502,1132,Tak,Tak,Nie,Nie,a,Rozszerzony,290
43,5,07.03.2021,8797,780,Tak,Tak,Nie,Nie,d,Podstawowy,4880
44,5,07.03.2021,6494,767,Tak,Tak,Nie,Nie,a,Podstawowy,540
45,5,07.03.2021,5822,440,Tak,Tak,Nie,Nie,d,Podstawowy,9710
46,5,07.03.2021,6219,769,Tak,Tak,Nie,Tak,c,Podstawowy,1200
47,5,07.03.2021,7002,914,Tak,Tak,Nie,Tak,a,Rozszerzony,270
48,5,07.03.2021,4238,491,Tak,Tak,Nie,Tak,a,Podstawowy,1060
49,5,07.03.2021,7156,552,Tak,Tak,Nie,Nie,d,Rozszerzony,18010
50,5,07.03.2021,4645,390,Tak,Tak,Nie,Nie,d,Podstawowy,6260
1,4,06.03.2021,4585,542,Tak,Tak,Nie,Nie,c,Podstawowy,1270
2,4,06.03.2021,5173,611,Tak,Tak,Nie,Nie,a,Podstawowy,570
3,4,06.03.2021,8140,835,Tak,Tak,Nie,Nie,a,Podstawowy,14130
4,4,06.03.2021,9072,1285,Tak,Tak,Nie,Nie,c,Rozszerzony,620
5,4,06.03.2021,4805,564,Tak,Tak,Nie,Nie,a,Podstawowy,29910
6,4,06.03.2021,5653,678,Tak,Tak,Nie,Nie,a,Podstawowy,310
7,4,06.03.2021,8225,938,Tak,Tak,Nie,Nie,a,Rozszerzony,24000
8,4,06.03.2021,6717,815,Tak,Tak,Nie,Nie,a,Podstawowy,7520
9,4,06.03.2021,6828,620,Tak,Tak,Nie,Nie,a,Rozszerzony,2030
10,4,06.03.2021,6129,635,Tak,Tak,Nie,Nie,a,Podstawowy,3160
11,4,06.03.2021,8458,1244,Tak,Tak,Nie,Nie,a,Rozszerzony,960
12,4,06.03.2021,7899,930,Tak,Tak,Nie,Nie,a,Rozszerzony,1070
13,4,06.03.2021,5297,414,Tak,Tak,Nie,Tak,d,Podstawowy,310
14,4,06.03.2021,6236,715,Tak,Tak,Nie,Nie,a,Podstawowy,1300
15,4,06.03.2021,7325,717,Tak,Tak,Nie,Nie,d,Rozszerzony,4110
16,4,06.03.2021,7801,881,Tak,Tak,Nie,Nie,a,Rozszerzony,3270
17,4,06.03.2021,7490,935,Tak,Tak,Nie,Nie,a,Podstawowy,50
18,4,06.03.2021,6183,720,Tak,Tak,Nie,Nie,d,Rozszerzony,13840
19,4,06.03.2021,8464,731,Tak,Tak,Nie,Nie,a,Rozszerzony,3240
20,4,06.03.2021,8917,1083,Tak,Tak,Nie,Tak,d,Podstawowy,2340
21,4,06.03.2021,5724,590,Tak,Tak,Nie,Nie,c,Rozszerzony,550
22,4,06.03.2021,5061,544,Tak,Tak,Nie,Tak,a,Podstawowy,1040
23,4,06.03.2021,6853,575,Tak,Tak,Nie,Nie,d,Podstawowy,4060
24,4,06.03.2021,9624,855,Tak,Tak,Nie,Nie,a,Rozszerzony,4590
25,4,06.03.2021,14642,1975,Tak,Tak,Nie,Nie,c,Podstawowy,430
26,4,06.03.2021,7623,641,Tak,Tak,Nie,Nie,d,Podstawowy,2300
27,4,06.03.2021,10475,1207,Tak,Tak,Nie,Nie,a,Podstawowy,60
28,4,06.03.2021,6104,695,Tak,Tak,Nie,Nie,a,Podstawowy,1200
29,4,06.03.2021,7520,677,Tak,Tak,Nie,Nie,d,Rozszerzony,2170
30,4,06.03.2021,8772,1165,Tak,Tak,Nie,Nie,a,Podstawowy,40
31,4,06.03.2021,5758,581,Tak,Tak,Nie,Nie,d,Rozszerzony,9800
32,4,06.03.2021,4796,534,Tak,Tak,Nie,Tak,a,Podstawowy,2910
33,4,06.03.2021,10042,960,Tak,Tak,Nie,Nie,a,Rozszerzony,1320
34,4,06.03.2021,7259,936,Tak,Tak,Nie,Nie,c,Podstawowy,2240
35,4,06.03.2021,10004,764,Tak,Tak,Nie,Nie,d,Rozszerzony,7660
36,4,06.03.2021,9077,1065,Tak,Tak,Nie,Tak,a,Rozszerzony,540
37,4,06.03.2021,7485,791,Tak,Tak,Nie,Nie,c,Podstawowy,4230
38,4,06.03.2021,6823,589,Tak,Tak,Nie,Nie,d,Podstawowy,1090
39,4,06.03.2021,6132,770,Tak,Tak,Nie,Nie,a,Podstawowy,260
40,4,06.03.2021,6424,840,Tak,Tak,Nie,Nie,a,Podstawowy,180
41,4,06.03.2021,5419,393,Tak,Tak,Nie,Tak,d,Rozszerzony,1180
42,4,06.03.2021,11877,1220,Tak,Tak,Nie,Nie,a,Rozszerzony,290
43,4,06.03.2021,9442,769,Tak,Tak,Nie,Nie,d,Podstawowy,4880
44,4,06.03.2021,6494,724,Tak,Tak,Nie,Nie,a,Podstawowy,540
45,4,06.03.2021,6247,460,Tak,Tak,Nie,Nie,d,Podstawowy,9710
46,4,06.03.2021,6276,697,Tak,Tak,Nie,Tak,c,Podstawowy,1200
47,4,06.03.2021,6611,930,Tak,Tak,Nie,Tak,a,Rozszerzony,270
48,4,06.03.2021,4402,476,Tak,Tak,Nie,Tak,a,Podstawowy,1060
49,4,06.03.2021,6219,469,Tak,Tak,Nie,Nie,d,Rozszerzony,18010
50,4,06.03.2021,4570,391,Tak,Tak,Nie,Nie,d,Podstawowy,6260
1,3,05.03.2021,4916,592,Tak,Tak,Nie,Nie,c,Podstawowy,1270
2,3,05.03.2021,6740,802,Tak,Tak,Nie,Nie,a,Podstawowy,570
3,3,05.03.2021,8867,878,Tak,Tak,Nie,Nie,a,Podstawowy,14130
4,3,05.03.2021,9039,1277,Tak,Tak,Nie,Nie,c,Rozszerzony,620
5,3,05.03.2021,6208,746,Tak,Tak,Nie,Nie,a,Podstawowy,29910
6,3,05.03.2021,6301,727,Tak,Tak,Nie,Nie,a,Podstawowy,310
7,3,05.03.2021,9010,959,Tak,Tak,Nie,Nie,a,Rozszerzony,24000
8,3,05.03.2021,6329,721,Tak,Tak,Nie,Nie,a,Podstawowy,7520
9,3,05.03.2021,7671,640,Tak,Tak,Nie,Nie,a,Rozszerzony,2030
10,3,05.03.2021,5975,654,Tak,Tak,Nie,Nie,a,Podstawowy,3160
11,3,05.03.2021,8820,1247,Tak,Tak,Nie,Nie,a,Rozszerzony,960
12,3,05.03.2021,8575,970,Tak,Tak,Nie,Nie,a,Rozszerzony,1070
13,3,05.03.2021,5719,427,Tak,Tak,Nie,Tak,d,Podstawowy,310
14,3,05.03.2021,6720,737,Tak,Tak,Nie,Nie,a,Podstawowy,1300
15,3,05.03.2021,7644,650,Tak,Tak,Nie,Nie,d,Rozszerzony,4110
16,3,05.03.2021,8755,938,Tak,Tak,Nie,Nie,a,Rozszerzony,3270
17,3,05.03.2021,7762,908,Tak,Tak,Nie,Nie,a,Podstawowy,50
18,3,05.03.2021,7682,811,Tak,Tak,Nie,Nie,d,Rozszerzony,13840
19,3,05.03.2021,7648,697,Tak,Tak,Nie,Nie,a,Rozszerzony,3240
20,3,05.03.2021,8159,926,Tak,Tak,Nie,Tak,d,Podstawowy,2340
21,3,05.03.2021,6675,590,Tak,Tak,Nie,Nie,c,Rozszerzony,550
22,3,05.03.2021,4903,496,Tak,Tak,Nie,Tak,a,Podstawowy,1040
23,3,05.03.2021,5966,485,Tak,Tak,Nie,Nie,d,Podstawowy,4060
24,3,05.03.2021,9799,882,Tak,Tak,Nie,Nie,a,Rozszerzony,4590
25,3,05.03.2021,16331,2078,Tak,Tak,Nie,Nie,c,Podstawowy,430
26,3,05.03.2021,6710,565,Tak,Tak,Nie,Nie,d,Podstawowy,2300
27,3,05.03.2021,10984,1187,Tak,Tak,Nie,Nie,a,Podstawowy,60
28,3,05.03.2021,5535,625,Tak,Tak,Nie,Nie,a,Podstawowy,1200
29,3,05.03.2021,8929,711,Tak,Tak,Nie,Nie,d,Rozszerzony,2170
30,3,05.03.2021,8201,1066,Tak,Tak,Nie,Nie,a,Podstawowy,40
31,3,05.03.2021,5486,530,Tak,Tak,Nie,Nie,d,Rozszerzony,9800
32,3,05.03.2021,4894,543,Tak,Tak,Nie,Tak,a,Podstawowy,2910
33,3,05.03.2021,10867,990,Tak,Tak,Nie,Nie,a,Rozszerzony,1320
34,3,05.03.2021,8146,1024,Tak,Tak,Nie,Nie,c,Podstawowy,2240
35,3,05.03.2021,11594,804,Tak,Tak,Nie,Nie,d,Rozszerzony,7660
36,3,05.03.2021,8218,1040,Tak,Tak,Nie,Tak,a,Rozszerzony,540
37,3,05.03.2021,6837,661,Tak,Tak,Nie,Nie,c,Podstawowy,4230
38,3,05.03.2021,8568,653,Tak,Tak,Nie,Nie,d,Podstawowy,1090
39,3,05.03.2021,6608,861,Tak,Tak,Nie,Nie,a,Podstawowy,260
40,3,05.03.2021,6004,713,Tak,Tak,Nie,Nie,a,Podstawowy,180
41,3,05.03.2021,5361,402,Tak,Tak,Nie,Tak,d,Rozszerzony,1180
42,3,05.03.2021,12394,1341,Tak,Tak,Nie,Nie,a,Rozszerzony,290
43,3,05.03.2021,8976,748,Tak,Tak,Nie,Nie,d,Podstawowy,4880
44,3,05.03.2021,6671,768,Tak,Tak,Nie,Nie,a,Podstawowy,540
45,3,05.03.2021,5244,371,Tak,Tak,Nie,Nie,d,Podstawowy,9710
46,3,05.03.2021,6019,727,Tak,Tak,Nie,Tak,c,Podstawowy,1200
47,3,05.03.2021,7980,1015,Tak,Tak,Nie,Tak,a,Rozszerzony,270
48,3,05.03.2021,4644,459,Tak,Tak,Nie,Tak,a,Podstawowy,1060
49,3,05.03.2021,7666,535,Tak,Tak,Nie,Nie,d,Rozszerzony,18010
50,3,05.03.2021,4251,351,Tak,Tak,Nie,Nie,d,Podstawowy,6260
1,2,04.03.2021,5397,619,Tak,Tak,Nie,Nie,c,Podstawowy,1270
2,2,04.03.2021,6006,630,Tak,Tak,Nie,Nie,a,Podstawowy,570
3,2,04.03.2021,9520,901,Tak,Tak,Nie,Nie,a,Podstawowy,14130
4,2,04.03.2021,11220,1440,Tak,Tak,Nie,Nie,c,Rozszerzony,620
5,2,04.03.2021,5423,621,Tak,Tak,Nie,Nie,a,Podstawowy,29910
6,2,04.03.2021,6309,712,Tak,Tak,Nie,Nie,a,Podstawowy,310
7,2,04.03.2021,10595,1168,Tak,Tak,Nie,Nie,a,Rozszerzony,24000
8,2,04.03.2021,7519,808,Tak,Tak,Nie,Nie,a,Podstawowy,7520
9,2,04.03.2021,8175,722,Tak,Tak,Nie,Nie,a,Rozszerzony,2030
10,2,04.03.2021,6000,675,Tak,Tak,Nie,Nie,a,Podstawowy,3160
11,2,04.03.2021,8362,1265,Tak,Tak,Nie,Nie,a,Rozszerzony,960
12,2,04.03.2021,9909,1069,Tak,Tak,Nie,Nie,a,Rozszerzony,1070
13,2,04.03.2021,6100,434,Tak,Tak,Nie,Tak,d,Podstawowy,310
14,2,04.03.2021,7576,821,Tak,Tak,Nie,Nie,a,Podstawowy,1300
15,2,04.03.2021,7664,650,Tak,Tak,Nie,Nie,d,Rozszerzony,4110
16,2,04.03.2021,8809,911,Tak,Tak,Nie,Nie,a,Rozszerzony,3270
17,2,04.03.2021,8890,1011,Tak,Tak,Nie,Nie,a,Podstawowy,50
18,2,04.03.2021,7418,767,Tak,Tak,Nie,Nie,d,Rozszerzony,13840
19,2,04.03.2021,8055,746,Tak,Tak,Nie,Nie,a,Rozszerzony,3240
20,2,04.03.2021,7649,818,Tak,Tak,Nie,Tak,d,Podstawowy,2340
21,2,04.03.2021,6797,594,Tak,Tak,Nie,Nie,c,Rozszerzony,550
22,2,04.03.2021,4370,444,Tak,Tak,Nie,Tak,a,Podstawowy,1040
23,2,04.03.2021,6443,491,Tak,Tak,Nie,Nie,d,Podstawowy,4060
24,2,04.03.2021,12369,1022,Tak,Tak,Nie,Nie,a,Rozszerzony,4590
25,2,04.03.2021,6616,912,Tak,Tak,Nie,Nie,c,Podstawowy,430
26,2,04.03.2021,7921,634,Tak,Tak,Nie,Nie,d,Podstawowy,2300
27,2,04.03.2021,13595,1402,Tak,Tak,Nie,Nie,a,Podstawowy,60
28,2,04.03.2021,8071,783,Tak,Tak,Nie,Nie,a,Podstawowy,1200
29,2,04.03.2021,8532,719,Tak,Tak,Nie,Nie,d,Rozszerzony,2170
30,2,04.03.2021,9914,1241,Tak,Tak,Nie,Nie,a,Podstawowy,40
31,2,04.03.2021,6081,589,Tak,Tak,Nie,Nie,d,Rozszerzony,9800
32,2,04.03.2021,4255,472,Tak,Tak,Nie,Tak,a,Podstawowy,2910
33,2,04.03.2021,9520,882,Tak,Tak,Nie,Nie,a,Rozszerzony,1320
34,2,04.03.2021,9649,1107,Tak,Tak,Nie,Nie,c,Podstawowy,2240
35,2,04.03.2021,11426,844,Tak,Tak,Nie,Nie,d,Rozszerzony,7660
36,2,04.03.2021,8532,1041,Tak,Tak,Nie,Tak,a,Rozszerzony,540
37,2,04.03.2021,8070,799,Tak,Tak,Nie,Nie,c,Podstawowy,4230
38,2,04.03.2021,9576,737,Tak,Tak,Nie,Nie,d,Podstawowy,1090
39,2,04.03.2021,8543,925,Tak,Tak,Nie,Nie,a,Podstawowy,260
40,2,04.03.2021,7035,813,Tak,Tak,Nie,Nie,a,Podstawowy,180
41,2,04.03.2021,5673,410,Tak,Tak,Nie,Tak,d,Rozszerzony,1180
42,2,04.03.2021,14160,1394,Tak,Tak,Nie,Nie,a,Rozszerzony,290
43,2,04.03.2021,9767,758,Tak,Tak,Nie,Nie,d,Podstawowy,4880
44,2,04.03.2021,6419,772,Tak,Tak,Nie,Nie,a,Podstawowy,540
45,2,04.03.2021,6407,436,Tak,Tak,Nie,Nie,d,Podstawowy,9710
46,2,04.03.2021,6289,716,Tak,Tak,Nie,Tak,c,Podstawowy,1200
47,2,04.03.2021,8799,1106,Tak,Tak,Nie,Tak,a,Rozszerzony,270
48,2,04.03.2021,4520,496,Tak,Tak,Nie,Tak,a,Podstawowy,1060
49,2,04.03.2021,7674,536,Tak,Tak,Nie,Nie,d,Rozszerzony,18010
50,2,04.03.2021,5442,411,Tak,Tak,Nie,Nie,d,Podstawowy,6260
1,1,03.03.2021,6198,616,Tak,Tak,Nie,Nie,c,Podstawowy,1270
2,1,03.03.2021,7332,760,Tak,Tak,Nie,Nie,a,Podstawowy,570
3,1,03.03.2021,11091,1032,Tak,Tak,Nie,Nie,a,Podstawowy,14130
4,1,03.03.2021,13685,1736,Tak,Tak,Nie,Nie,c,Rozszerzony,620
5,1,03.03.2021,7607,768,Tak,Tak,Nie,Nie,a,Podstawowy,29910
6,1,03.03.2021,8942,904,Tak,Tak,Nie,Nie,a,Podstawowy,310
7,1,03.03.2021,12998,1209,Tak,Tak,Nie,Nie,a,Rozszerzony,24000
8,1,03.03.2021,9385,943,Tak,Tak,Nie,Nie,a,Podstawowy,7520
9,1,03.03.2021,9434,743,Tak,Tak,Nie,Nie,a,Rozszerzony,2030
10,1,03.03.2021,7761,795,Tak,Tak,Nie,Nie,a,Podstawowy,3160
11,1,03.03.2021,10944,1479,Tak,Tak,Nie,Nie,a,Rozszerzony,960
12,1,03.03.2021,12341,1219,Tak,Tak,Nie,Nie,a,Rozszerzony,1070
13,1,03.03.2021,8825,576,Tak,Tak,Nie,Tak,d,Podstawowy,310
14,1,03.03.2021,5282,531,Tak,Tak,Nie,Nie,a,Podstawowy,1300
15,1,03.03.2021,9680,820,Tak,Tak,Nie,Nie,d,Rozszerzony,4110
16,1,03.03.2021,10727,1070,Tak,Tak,Nie,Nie,a,Rozszerzony,3270
17,1,03.03.2021,10948,1175,Tak,Tak,Nie,Nie,a,Podstawowy,50
18,1,03.03.2021,10237,959,Tak,Tak,Nie,Nie,d,Rozszerzony,13840
19,1,03.03.2021,11095,886,Tak,Tak,Nie,Nie,a,Rozszerzony,3240
20,1,03.03.2021,9739,1061,Tak,Tak,Nie,Tak,d,Podstawowy,2340
21,1,03.03.2021,10216,794,Tak,Tak,Nie,Nie,c,Rozszerzony,550
22,1,03.03.2021,7253,710,Tak,Tak,Nie,Tak,a,Podstawowy,1040
23,1,03.03.2021,9281,661,Tak,Tak,Nie,Nie,d,Podstawowy,4060
24,1,03.03.2021,14106,1094,Tak,Tak,Nie,Nie,a,Rozszerzony,4590
25,1,03.03.2021,0,0,Nie,Tak,Nie,Nie,c,Podstawowy,430
26,1,03.03.2021,10930,838,Tak,Tak,Nie,Nie,d,Podstawowy,2300
27,1,03.03.2021,15828,1550,Tak,Tak,Nie,Nie,a,Podstawowy,60
28,1,03.03.2021,10191,940,Tak,Tak,Nie,Nie,a,Podstawowy,1200
29,1,03.03.2021,12722,996,Tak,Tak,Nie,Nie,d,Rozszerzony,2170
30,1,03.03.2021,0,0,Nie,Tak,Nie,Nie,a,Podstawowy,40
31,1,03.03.2021,7447,675,Tak,Tak,Nie,Nie,d,Rozszerzony,9800
32,1,03.03.2021,5740,615,Tak,Tak,Nie,Tak,a,Podstawowy,2910
33,1,03.03.2021,3626,367,Tak,Tak,Nie,Nie,a,Rozszerzony,1320
34,1,03.03.2021,11326,1257,Tak,Tak,Nie,Nie,c,Podstawowy,2240
35,1,03.03.2021,15376,978,Tak,Tak,Nie,Nie,d,Rozszerzony,7660
36,1,03.03.2021,11658,1296,Tak,Tak,Nie,Tak,a,Rozszerzony,540
37,1,03.03.2021,9028,811,Tak,Tak,Nie,Nie,c,Podstawowy,4230
38,1,03.03.2021,6473,477,Tak,Tak,Nie,Nie,d,Podstawowy,1090
39,1,03.03.2021,7691,801,Tak,Tak,Nie,Nie,a,Podstawowy,260
40,1,03.03.2021,0,0,Nie,Tak,Nie,Nie,a,Podstawowy,180
41,1,03.03.2021,8311,591,Tak,Tak,Nie,Tak,d,Rozszerzony,1180
42,1,03.03.2021,12730,1198,Tak,Tak,Nie,Nie,a,Rozszerzony,290
43,1,03.03.2021,3374,259,Tak,Tak,Nie,Nie,d,Podstawowy,4880
44,1,03.03.2021,9612,1003,Tak,Tak,Nie,Nie,a,Podstawowy,540
45,1,03.03.2021,3752,271,Tak,Tak,Nie,Nie,d,Podstawowy,9710
46,1,03.03.2021,10195,940,Tak,Tak,Nie,Tak,c,Podstawowy,1200
47,1,03.03.2021,10311,1219,Tak,Tak,Nie,Tak,a,Rozszerzony,270
48,1,03.03.2021,5967,618,Tak,Tak,Nie,Tak,a,Podstawowy,1060
49,1,03.03.2021,10055,647,Tak,Tak,Nie,Nie,d,Rozszerzony,18010
50,1,03.03.2021,5848,442,Tak,Tak,Nie,Nie,d,Podstawowy,6260
1,7,02.03.2021,0,0,Nie,Nie,Nie,Nie,c,Podstawowy,1270
2,7,02.03.2021,0,0,Nie,Nie,Nie,Nie,a,Podstawowy,570
3,7,02.03.2021,0,0,Nie,Nie,Nie,Nie,a,Podstawowy,14130
4,7,02.03.2021,0,0,Nie,Nie,Nie,Nie,c,Rozszerzony,620
5,7,02.03.2021,0,0,Nie,Nie,Nie,Nie,a,Podstawowy,29910
6,7,02.03.2021,0,0,Nie,Nie,Nie,Nie,a,Podstawowy,310
7,7,02.03.2021,0,0,Nie,Nie,Nie,Nie,a,Rozszerzony,24000
8,7,02.03.2021,0,0,Nie,Nie,Nie,Nie,a,Podstawowy,7520
9,7,02.03.2021,0,0,Nie,Nie,Nie,Nie,a,Rozszerzony,2030
10,7,02.03.2021,0,0,Nie,Nie,Nie,Nie,a,Podstawowy,3160
11,7,02.03.2021,0,0,Nie,Nie,Nie,Nie,a,Rozszerzony,960
12,7,02.03.2021,0,0,Nie,Nie,Nie,Nie,a,Rozszerzony,1070
13,7,02.03.2021,0,0,Nie,Nie,Nie,Nie,d,Podstawowy,310
14,7,02.03.2021,0,0,Nie,Nie,Nie,Nie,a,Podstawowy,1300
15,7,02.03.2021,0,0,Nie,Nie,Nie,Nie,d,Rozszerzony,4110
16,7,02.03.2021,0,0,Nie,Nie,Nie,Nie,a,Rozszerzony,3270
17,7,02.03.2021,0,0,Nie,Nie,Nie,Nie,a,Podstawowy,50
18,7,02.03.2021,0,0,Nie,Nie,Nie,Nie,d,Rozszerzony,13840
19,7,02.03.2021,0,0,Nie,Nie,Nie,Nie,a,Rozszerzony,3240
20,7,02.03.2021,0,0,Nie,Nie,Nie,Nie,d,Podstawowy,2340
21,7,02.03.2021,0,0,Nie,Nie,Nie,Nie,c,Rozszerzony,550
22,7,02.03.2021,0,0,Nie,Nie,Nie,Nie,a,Podstawowy,1040
23,7,02.03.2021,0,0,Nie,Nie,Nie,Nie,d,Podstawowy,4060
24,7,02.03.2021,0,0,Nie,Nie,Nie,Nie,a,Rozszerzony,4590
25,7,02.03.2021,0,0,Nie,Nie,Nie,Nie,c,Podstawowy,430
26,7,02.03.2021,0,0,Nie,Nie,Nie,Nie,d,Podstawowy,2300
27,7,02.03.2021,0,0,Nie,Nie,Nie,Nie,a,Podstawowy,60
28,7,02.03.2021,0,0,Nie,Nie,Nie,Nie,a,Podstawowy,1200
29,7,02.03.2021,0,0,Nie,Nie,Nie,Nie,d,Rozszerzony,2170
30,7,02.03.2021,0,0,Nie,Nie,Nie,Nie,a,Podstawowy,40
31,7,02.03.2021,0,0,Nie,Nie,Nie,Nie,d,Rozszerzony,9800
32,7,02.03.2021,0,0,Nie,Nie,Nie,Nie,a,Podstawowy,2910
33,7,02.03.2021,0,0,Nie,Nie,Nie,Nie,a,Rozszerzony,1320
34,7,02.03.2021,0,0,Nie,Nie,Nie,Nie,c,Podstawowy,2240
35,7,02.03.2021,0,0,Nie,Nie,Nie,Nie,d,Rozszerzony,7660
36,7,02.03.2021,0,0,Nie,Nie,Nie,Nie,a,Rozszerzony,540
37,7,02.03.2021,0,0,Nie,Nie,Nie,Nie,c,Podstawowy,4230
38,7,02.03.2021,0,0,Nie,Nie,Nie,Nie,d,Podstawowy,1090
39,7,02.03.2021,0,0,Nie,Nie,Nie,Nie,a,Podstawowy,260
40,7,02.03.2021,0,0,Nie,Nie,Nie,Nie,a,Podstawowy,180
41,7,02.03.2021,0,0,Nie,Nie,Nie,Nie,d,Rozszerzony,1180
42,7,02.03.2021,0,0,Nie,Nie,Nie,Nie,a,Rozszerzony,290
43,7,02.03.2021,0,0,Nie,Nie,Nie,Nie,d,Podstawowy,4880
44,7,02.03.2021,0,0,Nie,Nie,Nie,Nie,a,Podstawowy,540
45,7,02.03.2021,0,0,Nie,Nie,Nie,Nie,d,Podstawowy,9710
46,7,02.03.2021,0,0,Nie,Nie,Nie,Nie,c,Podstawowy,1200
47,7,02.03.2021,0,0,Nie,Nie,Nie,Nie,a,Rozszerzony,270
48,7,02.03.2021,0,0,Nie,Nie,Nie,Nie,a,Podstawowy,1060
49,7,02.03.2021,0,0,Nie,Nie,Nie,Nie,d,Rozszerzony,18010
50,7,02.03.2021,0,0,Nie,Nie,Nie,Nie,d,Podstawowy,6260
1,6,01.03.2021,5307,655,Tak,Nie,Nie,Nie,c,Podstawowy,1270
2,6,01.03.2021,3350,373,Tak,Nie,Nie,Nie,a,Podstawowy,570
3,6,01.03.2021,4718,539,Tak,Nie,Nie,Nie,a,Podstawowy,14130
4,6,01.03.2021,11248,1584,Tak,Nie,Nie,Nie,c,Rozszerzony,620
5,6,01.03.2021,2170,256,Tak,Nie,Nie,Nie,a,Podstawowy,29910
6,6,01.03.2021,3492,405,Tak,Nie,Nie,Nie,a,Podstawowy,310
7,6,01.03.2021,6369,656,Tak,Nie,Nie,Nie,a,Rozszerzony,24000
8,6,01.03.2021,3557,392,Tak,Nie,Nie,Nie,a,Podstawowy,7520
9,6,01.03.2021,6913,614,Tak,Nie,Nie,Nie,a,Rozszerzony,2030
10,6,01.03.2021,5235,567,Tak,Nie,Nie,Nie,a,Podstawowy,3160
11,6,01.03.2021,6249,896,Tak,Nie,Nie,Nie,a,Rozszerzony,960
12,6,01.03.2021,6531,811,Tak,Nie,Nie,Nie,a,Rozszerzony,1070
13,6,01.03.2021,4492,353,Tak,Nie,Nie,Nie,d,Podstawowy,310
14,6,01.03.2021,4170,458,Tak,Nie,Nie,Nie,a,Podstawowy,1300
15,6,01.03.2021,6013,678,Tak,Nie,Nie,Nie,d,Rozszerzony,4110
16,6,01.03.2021,5898,698,Tak,Nie,Nie,Nie,a,Rozszerzony,3270
17,6,01.03.2021,3002,399,Tak,Nie,Nie,Nie,a,Podstawowy,50
18,6,01.03.2021,5307,591,Tak,Nie,Nie,Nie,d,Rozszerzony,13840
19,6,01.03.2021,4721,445,Tak,Nie,Nie,Nie,a,Rozszerzony,3240
20,6,01.03.2021,5372,527,Tak,Nie,Nie,Nie,d,Podstawowy,2340
21,6,01.03.2021,5183,528,Tak,Nie,Nie,Nie,c,Rozszerzony,550
22,6,01.03.2021,3904,409,Tak,Nie,Nie,Nie,a,Podstawowy,1040
23,6,01.03.2021,5183,464,Tak,Nie,Nie,Nie,d,Podstawowy,4060
24,6,01.03.2021,8581,755,Tak,Nie,Nie,Nie,a,Rozszerzony,4590
25,6,01.03.2021,11081,1531,Tak,Nie,Nie,Nie,c,Podstawowy,430
26,6,01.03.2021,4984,485,Tak,Nie,Nie,Nie,d,Podstawowy,2300
27,6,01.03.2021,8396,981,Tak,Nie,Nie,Nie,a,Podstawowy,60
28,6,01.03.2021,3113,349,Tak,Nie,Nie,Nie,a,Podstawowy,1200
29,6,01.03.2021,7920,698,Tak,Nie,Nie,Nie,d,Rozszerzony,2170
30,6,01.03.2021,6172,901,Tak,Nie,Nie,Nie,a,Podstawowy,40
31,6,01.03.2021,5873,620,Tak,Nie,Nie,Nie,d,Rozszerzony,9800
32,6,01.03.2021,2142,279,Tak,Nie,Nie,Nie,a,Podstawowy,2910
33,6,01.03.2021,8708,930,Tak,Nie,Nie,Nie,a,Rozszerzony,1320
34,6,01.03.2021,8734,1086,Tak,Nie,Nie,Nie,c,Podstawowy,2240
35,6,01.03.2021,7426,610,Tak,Nie,Nie,Nie,d,Rozszerzony,7660
36,6,01.03.2021,10332,1136,Tak,Nie,Nie,Nie,a,Rozszerzony,540
37,6,01.03.2021,8117,984,Tak,Nie,Nie,Nie,c,Podstawowy,4230
38,6,01.03.2021,6085,592,Tak,Nie,Nie,Nie,d,Podstawowy,1090
39,6,01.03.2021,3550,495,Tak,Nie,Nie,Nie,a,Podstawowy,260
40,6,01.03.2021,5596,712,Tak,Nie,Nie,Nie,a,Podstawowy,180
41,6,01.03.2021,5912,458,Tak,Nie,Nie,Nie,d,Rozszerzony,1180
42,6,01.03.2021,8477,983,Tak,Nie,Nie,Nie,a,Rozszerzony,290
43,6,01.03.2021,5074,456,Tak,Nie,Nie,Nie,d,Podstawowy,4880
44,6,01.03.2021,4446,523,Tak,Nie,Nie,Nie,a,Podstawowy,540
45,6,01.03.2021,5581,469,Tak,Nie,Nie,Nie,d,Podstawowy,9710
46,6,01.03.2021,5469,710,Tak,Nie,Nie,Nie,c,Podstawowy,1200
47,6,01.03.2021,6142,854,Tak,Nie,Nie,Nie,a,Rozszerzony,270
48,6,01.03.2021,3839,362,Tak,Nie,Nie,Nie,a,Podstawowy,1060
49,6,01.03.2021,7772,559,Tak,Nie,Nie,Nie,d,Rozszerzony,18010
50,6,01.03.2021,4187,385,Tak,Nie,Nie,Nie,d,Podstawowy,6260
1,5,28.02.2021,5031,603,Tak,Nie,Nie,Nie,c,Podstawowy,1270
2,5,28.02.2021,4400,555,Tak,Nie,Nie,Nie,a,Podstawowy,570
3,5,28.02.2021,6792,786,Tak,Nie,Nie,Nie,a,Podstawowy,14130
4,5,28.02.2021,10849,1381,Tak,Nie,Nie,Nie,c,Rozszerzony,620
5,5,28.02.2021,4602,537,Tak,Nie,Nie,Tak,a,Podstawowy,29910
6,5,28.02.2021,5235,624,Tak,Nie,Nie,Tak,a,Podstawowy,310
7,5,28.02.2021,9221,984,Tak,Nie,Nie,Nie,a,Rozszerzony,24000
8,5,28.02.2021,4403,552,Tak,Nie,Nie,Nie,a,Podstawowy,7520
9,5,28.02.2021,6249,559,Tak,Nie,Nie,Nie,a,Rozszerzony,2030
10,5,28.02.2021,5721,614,Tak,Nie,Nie,Nie,a,Podstawowy,3160
11,5,28.02.2021,8306,1127,Tak,Nie,Nie,Nie,a,Rozszerzony,960
12,5,28.02.2021,6014,750,Tak,Nie,Nie,Nie,a,Rozszerzony,1070
13,5,28.02.2021,4354,365,Tak,Nie,Nie,Nie,d,Podstawowy,310
14,5,28.02.2021,5513,652,Tak,Nie,Nie,Nie,a,Podstawowy,1300
15,5,28.02.2021,7947,738,Tak,Nie,Nie,Nie,d,Rozszerzony,4110
16,5,28.02.2021,8415,909,Tak,Nie,Nie,Nie,a,Rozszerzony,3270
17,5,28.02.2021,6070,828,Tak,Nie,Nie,Nie,a,Podstawowy,50
18,5,28.02.2021,7304,880,Tak,Nie,Nie,Nie,d,Rozszerzony,13840
19,5,28.02.2021,7546,729,Tak,Nie,Nie,Nie,a,Rozszerzony,3240
20,5,28.02.2021,7272,822,Tak,Nie,Nie,Nie,d,Podstawowy,2340
21,5,28.02.2021,4017,459,Tak,Nie,Nie,Nie,c,Rozszerzony,550
22,5,28.02.2021,5990,665,Tak,Nie,Nie,Nie,a,Podstawowy,1040
23,5,28.02.2021,5696,500,Tak,Nie,Nie,Nie,d,Podstawowy,4060
24,5,28.02.2021,10449,912,Tak,Nie,Nie,Nie,a,Rozszerzony,4590
25,5,28.02.2021,13764,1782,Tak,Nie,Nie,Nie,c,Podstawowy,430
26,5,28.02.2021,6376,609,Tak,Nie,Nie,Nie,d,Podstawowy,2300
27,5,28.02.2021,9461,1154,Tak,Nie,Nie,Nie,a,Podstawowy,60
28,5,28.02.2021,5137,648,Tak,Nie,Nie,Nie,a,Podstawowy,1200
29,5,28.02.2021,6957,640,Tak,Nie,Nie,Nie,d,Rozszerzony,2170
30,5,28.02.2021,5904,844,Tak,Nie,Nie,Nie,a,Podstawowy,40
31,5,28.02.2021,6139,646,Tak,Nie,Nie,Nie,d,Rozszerzony,9800
32,5,28.02.2021,4049,448,Tak,Nie,Nie,Nie,a,Podstawowy,2910
33,5,28.02.2021,10197,963,Tak,Nie,Nie,Nie,a,Rozszerzony,1320
34,5,28.02.2021,8336,1004,Tak,Nie,Nie,Nie,c,Podstawowy,2240
35,5,28.02.2021,8946,732,Tak,Nie,Nie,Nie,d,Rozszerzony,7660
36,5,28.02.2021,8109,1000,Tak,Nie,Nie,Nie,a,Rozszerzony,540
37,5,28.02.2021,6539,791,Tak,Nie,Nie,Nie,c,Podstawowy,4230
38,5,28.02.2021,5837,564,Tak,Nie,Nie,Nie,d,Podstawowy,1090
39,5,28.02.2021,5317,677,Tak,Nie,Nie,Nie,a,Podstawowy,260
40,5,28.02.2021,4533,571,Tak,Nie,Nie,Nie,a,Podstawowy,180
41,5,28.02.2021,6084,433,Tak,Nie,Nie,Nie,d,Rozszerzony,1180
42,5,28.02.2021,10967,1178,Tak,Nie,Nie,Nie,a,Rozszerzony,290
43,5,28.02.2021,7324,639,Tak,Nie,Nie,Nie,d,Podstawowy,4880
44,5,28.02.2021,4955,657,Tak,Nie,Nie,Nie,a,Podstawowy,540
45,5,28.02.2021,5383,433,Tak,Nie,Nie,Nie,d,Podstawowy,9710
46,5,28.02.2021,4659,589,Tak,Nie,Nie,Nie,c,Podstawowy,1200
47,5,28.02.2021,7376,964,Tak,Nie,Nie,Nie,a,Rozszerzony,270
48,5,28.02.2021,3945,460,Tak,Nie,Nie,Nie,a,Podstawowy,1060
49,5,28.02.2021,7111,532,Tak,Nie,Nie,Nie,d,Rozszerzony,18010
50,5,28.02.2021,3884,348,Tak,Nie,Nie,Nie,d,Podstawowy,6260
1,4,27.02.2021,3826,519,Tak,Nie,Nie,Nie,c,Podstawowy,1270
2,4,27.02.2021,3998,493,Tak,Nie,Nie,Nie,a,Podstawowy,570
3,4,27.02.2021,5324,684,Tak,Nie,Nie,Nie,a,Podstawowy,14130
4,4,27.02.2021,7723,1140,Tak,Nie,Nie,Nie,c,Rozszerzony,620
5,4,27.02.2021,3176,460,Tak,Nie,Nie,Tak,a,Podstawowy,29910
6,4,27.02.2021,4045,537,Tak,Nie,Nie,Tak,a,Podstawowy,310
7,4,27.02.2021,7079,830,Tak,Nie,Nie,Nie,a,Rozszerzony,24000
8,4,27.02.2021,5122,748,Tak,Nie,Nie,Nie,a,Podstawowy,7520
9,4,27.02.2021,5727,555,Tak,Nie,Nie,Nie,a,Rozszerzony,2030
10,4,27.02.2021,4773,537,Tak,Nie,Nie,Nie,a,Podstawowy,3160
11,4,27.02.2021,6984,1080,Tak,Nie,Nie,Nie,a,Rozszerzony,960
12,4,27.02.2021,5717,793,Tak,Nie,Nie,Nie,a,Rozszerzony,1070
13,4,27.02.2021,3029,290,Tak,Nie,Nie,Nie,d,Podstawowy,310
14,4,27.02.2021,4442,580,Tak,Nie,Nie,Nie,a,Podstawowy,1300
15,4,27.02.2021,5836,636,Tak,Nie,Nie,Nie,d,Rozszerzony,4110
16,4,27.02.2021,6701,846,Tak,Nie,Nie,Nie,a,Rozszerzony,3270
17,4,27.02.2021,4486,652,Tak,Nie,Nie,Nie,a,Podstawowy,50
18,4,27.02.2021,4943,625,Tak,Nie,Nie,Nie,d,Rozszerzony,13840
19,4,27.02.2021,6388,661,Tak,Nie,Nie,Nie,a,Rozszerzony,3240
20,4,27.02.2021,8020,981,Tak,Nie,Nie,Nie,d,Podstawowy,2340
21,4,27.02.2021,3523,389,Tak,Nie,Nie,Nie,c,Rozszerzony,550
22,4,27.02.2021,0,0,Nie,Nie,Nie,Nie,a,Podstawowy,1040
23,4,27.02.2021,4100,413,Tak,Nie,Nie,Nie,d,Podstawowy,4060
24,4,27.02.2021,6557,674,Tak,Nie,Nie,Nie,a,Rozszerzony,4590
25,4,27.02.2021,3667,635,Tak,Nie,Nie,Nie,c,Podstawowy,430
26,4,27.02.2021,4974,478,Tak,Nie,Nie,Nie,d,Podstawowy,2300
27,4,27.02.2021,6717,904,Tak,Nie,Nie,Nie,a,Podstawowy,60
28,4,27.02.2021,4838,592,Tak,Nie,Nie,Nie,a,Podstawowy,1200
29,4,27.02.2021,5227,522,Tak,Nie,Nie,Nie,d,Rozszerzony,2170
30,4,27.02.2021,1744,322,Tak,Nie,Nie,Nie,a,Podstawowy,40
31,4,27.02.2021,4840,506,Tak,Nie,Nie,Nie,d,Rozszerzony,9800
32,4,27.02.2021,3129,423,Tak,Nie,Nie,Nie,a,Podstawowy,2910
33,4,27.02.2021,4067,486,Tak,Nie,Nie,Nie,a,Rozszerzony,1320
34,4,27.02.2021,6049,853,Tak,Nie,Nie,Nie,c,Podstawowy,2240
35,4,27.02.2021,6654,600,Tak,Nie,Nie,Nie,d,Rozszerzony,7660
36,4,27.02.2021,7452,937,Tak,Nie,Nie,Nie,a,Rozszerzony,540
37,4,27.02.2021,5101,620,Tak,Nie,Nie,Nie,c,Podstawowy,4230
38,4,27.02.2021,4319,386,Tak,Nie,Nie,Nie,d,Podstawowy,1090
39,4,27.02.2021,3708,517,Tak,Nie,Nie,Nie,a,Podstawowy,260
40,4,27.02.2021,1355,218,Tak,Nie,Nie,Nie,a,Podstawowy,180
41,4,27.02.2021,4236,344,Tak,Nie,Nie,Nie,d,Rozszerzony,1180
42,4,27.02.2021,7358,914,Tak,Nie,Nie,Nie,a,Rozszerzony,290
43,4,27.02.2021,3695,373,Tak,Nie,Nie,Nie,d,Podstawowy,4880
44,4,27.02.2021,4609,569,Tak,Nie,Nie,Nie,a,Podstawowy,540
45,4,27.02.2021,4222,389,Tak,Nie,Nie,Nie,d,Podstawowy,9710
46,4,27.02.2021,4034,545,Tak,Nie,Nie,Nie,c,Podstawowy,1200
47,4,27.02.2021,5875,858,Tak,Nie,Nie,Nie,a,Rozszerzony,270
48,4,27.02.2021,4018,461,Tak,Nie,Nie,Nie,a,Podstawowy,1060
49,4,27.02.2021,5534,464,Tak,Nie,Nie,Nie,d,Rozszerzony,18010
50,4,27.02.2021,3209,299,Tak,Nie,Nie,Nie,d,Podstawowy,6260
1,3,26.02.2021,4108,491,Tak,Nie,Nie,Nie,c,Podstawowy,1270
2,3,26.02.2021,4548,632,Tak,Nie,Nie,Nie,a,Podstawowy,570
3,3,26.02.2021,4580,640,Tak,Nie,Nie,Nie,a,Podstawowy,14130
4,3,26.02.2021,6987,1100,Tak,Nie,Nie,Nie,c,Rozszerzony,620
5,3,26.02.2021,3568,548,Tak,Nie,Nie,Tak,a,Podstawowy,29910
6,3,26.02.2021,4111,545,Tak,Nie,Nie,Tak,a,Podstawowy,310
7,3,26.02.2021,5812,746,Tak,Nie,Nie,Nie,a,Rozszerzony,24000
8,3,26.02.2021,3719,560,Tak,Nie,Nie,Nie,a,Podstawowy,7520
9,3,26.02.2021,5627,527,Tak,Nie,Nie,Nie,a,Rozszerzony,2030
10,3,26.02.2021,4253,560,Tak,Nie,Nie,Nie,a,Podstawowy,3160
11,3,26.02.2021,7000,1120,Tak,Nie,Nie,Nie,a,Rozszerzony,960
12,3,26.02.2021,5680,794,Tak,Nie,Nie,Nie,a,Rozszerzony,1070
13,3,26.02.2021,2820,255,Tak,Nie,Nie,Nie,d,Podstawowy,310
14,3,26.02.2021,4408,574,Tak,Nie,Nie,Nie,a,Podstawowy,1300
15,3,26.02.2021,4507,488,Tak,Nie,Nie,Nie,d,Rozszerzony,4110
16,3,26.02.2021,6439,802,Tak,Nie,Nie,Nie,a,Rozszerzony,3270
17,3,26.02.2021,4426,671,Tak,Nie,Nie,Nie,a,Podstawowy,50
18,3,26.02.2021,4630,627,Tak,Nie,Nie,Nie,d,Rozszerzony,13840
19,3,26.02.2021,5543,571,Tak,Nie,Nie,Nie,a,Rozszerzony,3240
20,3,26.02.2021,6497,834,Tak,Nie,Nie,Nie,d,Podstawowy,2340
21,3,26.02.2021,3675,384,Tak,Nie,Nie,Nie,c,Rozszerzony,550
22,3,26.02.2021,4192,554,Tak,Nie,Nie,Nie,a,Podstawowy,1040
23,3,26.02.2021,4393,426,Tak,Nie,Nie,Nie,d,Podstawowy,4060
24,3,26.02.2021,6937,663,Tak,Nie,Nie,Nie,a,Rozszerzony,4590
25,3,26.02.2021,10499,1626,Tak,Nie,Nie,Nie,c,Podstawowy,430
26,3,26.02.2021,4669,430,Tak,Nie,Nie,Nie,d,Podstawowy,2300
27,3,26.02.2021,6027,838,Tak,Nie,Nie,Nie,a,Podstawowy,60
28,3,26.02.2021,4348,481,Tak,Nie,Nie,Nie,a,Podstawowy,1200
29,3,26.02.2021,4990,531,Tak,Nie,Nie,Nie,d,Rozszerzony,2170
30,3,26.02.2021,5228,888,Tak,Nie,Nie,Nie,a,Podstawowy,40
31,3,26.02.2021,4426,461,Tak,Nie,Nie,Nie,d,Rozszerzony,9800
32,3,26.02.2021,2849,414,Tak,Nie,Nie,Nie,a,Podstawowy,2910
33,3,26.02.2021,8052,887,Tak,Nie,Nie,Nie,a,Rozszerzony,1320
34,3,26.02.2021,6121,862,Tak,Nie,Nie,Nie,c,Podstawowy,2240
35,3,26.02.2021,6870,599,Tak,Nie,Nie,Nie,d,Rozszerzony,7660
36,3,26.02.2021,6648,890,Tak,Nie,Nie,Nie,a,Rozszerzony,540
37,3,26.02.2021,4276,543,Tak,Nie,Nie,Nie,c,Podstawowy,4230
38,3,26.02.2021,4765,516,Tak,Nie,Nie,Nie,d,Podstawowy,1090
39,3,26.02.2021,4511,657,Tak,Nie,Nie,Nie,a,Podstawowy,260
40,3,26.02.2021,4378,603,Tak,Nie,Nie,Nie,a,Podstawowy,180
41,3,26.02.2021,3475,327,Tak,Nie,Nie,Nie,d,Rozszerzony,1180
42,3,26.02.2021,8588,1075,Tak,Nie,Nie,Nie,a,Rozszerzony,290
43,3,26.02.2021,7152,737,Tak,Nie,Nie,Nie,d,Podstawowy,4880
44,3,26.02.2021,4379,587,Tak,Nie,Nie,Nie,a,Podstawowy,540
45,3,26.02.2021,3780,351,Tak,Nie,Nie,Nie,d,Podstawowy,9710
46,3,26.02.2021,3269,486,Tak,Nie,Nie,Nie,c,Podstawowy,1200
47,3,26.02.2021,5289,829,Tak,Nie,Nie,Nie,a,Rozszerzony,270
48,3,26.02.2021,3412,403,Tak,Nie,Nie,Nie,a,Podstawowy,1060
49,3,26.02.2021,5977,448,Tak,Nie,Nie,Nie,d,Rozszerzony,18010
50,3,26.02.2021,3070,292,Tak,Nie,Nie,Nie,d,Podstawowy,6260
1,2,25.02.2021,3499,470,Tak,Nie,Nie,Nie,c,Podstawowy,1270
2,2,25.02.2021,3520,489,Tak,Nie,Nie,Nie,a,Podstawowy,570
3,2,25.02.2021,4858,680,Tak,Nie,Nie,Nie,a,Podstawowy,14130
4,2,25.02.2021,6812,1096,Tak,Nie,Nie,Nie,c,Rozszerzony,620
5,2,25.02.2021,3407,458,Tak,Nie,Nie,Tak,a,Podstawowy,29910
6,2,25.02.2021,4152,535,Tak,Nie,Nie,Tak,a,Podstawowy,310
7,2,25.02.2021,6168,820,Tak,Nie,Nie,Nie,a,Rozszerzony,24000
8,2,25.02.2021,3831,570,Tak,Nie,Nie,Nie,a,Podstawowy,7520
9,2,25.02.2021,4904,511,Tak,Nie,Nie,Nie,a,Rozszerzony,2030
10,2,25.02.2021,5035,582,Tak,Nie,Nie,Nie,a,Podstawowy,3160
11,2,25.02.2021,6075,1095,Tak,Nie,Nie,Nie,a,Rozszerzony,960
12,2,25.02.2021,5445,789,Tak,Nie,Nie,Nie,a,Rozszerzony,1070
13,2,25.02.2021,2844,267,Tak,Nie,Nie,Nie,d,Podstawowy,310
14,2,25.02.2021,4604,596,Tak,Nie,Nie,Nie,a,Podstawowy,1300
15,2,25.02.2021,4305,533,Tak,Nie,Nie,Nie,d,Rozszerzony,4110
16,2,25.02.2021,6408,835,Tak,Nie,Nie,Nie,a,Rozszerzony,3270
17,2,25.02.2021,4330,710,Tak,Nie,Nie,Nie,a,Podstawowy,50
18,2,25.02.2021,4611,593,Tak,Nie,Nie,Nie,d,Rozszerzony,13840
19,2,25.02.2021,5190,597,Tak,Nie,Nie,Nie,a,Rozszerzony,3240
20,2,25.02.2021,6866,891,Tak,Nie,Nie,Nie,d,Podstawowy,2340
21,2,25.02.2021,2906,368,Tak,Nie,Nie,Nie,c,Rozszerzony,550
22,2,25.02.2021,4115,528,Tak,Nie,Nie,Nie,a,Podstawowy,1040
23,2,25.02.2021,3443,367,Tak,Nie,Nie,Nie,d,Podstawowy,4060
24,2,25.02.2021,6331,678,Tak,Nie,Nie,Nie,a,Rozszerzony,4590
25,2,25.02.2021,9314,1499,Tak,Nie,Nie,Nie,c,Podstawowy,430
26,2,25.02.2021,4107,399,Tak,Nie,Nie,Nie,d,Podstawowy,2300
27,2,25.02.2021,6888,918,Tak,Nie,Nie,Nie,a,Podstawowy,60
28,2,25.02.2021,4117,517,Tak,Nie,Nie,Nie,a,Podstawowy,1200
29,2,25.02.2021,4921,496,Tak,Nie,Nie,Nie,d,Rozszerzony,2170
30,2,25.02.2021,5731,947,Tak,Nie,Nie,Nie,a,Podstawowy,40
31,2,25.02.2021,3505,425,Tak,Nie,Nie,Nie,d,Rozszerzony,9800
32,2,25.02.2021,3240,421,Tak,Nie,Nie,Nie,a,Podstawowy,2910
33,2,25.02.2021,6148,705,Tak,Nie,Nie,Nie,a,Rozszerzony,1320
34,2,25.02.2021,5965,818,Tak,Nie,Nie,Nie,c,Podstawowy,2240
35,2,25.02.2021,6327,592,Tak,Nie,Nie,Nie,d,Rozszerzony,7660
36,2,25.02.2021,7681,982,Tak,Nie,Nie,Nie,a,Rozszerzony,540
37,2,25.02.2021,3653,485,Tak,Nie,Nie,Nie,c,Podstawowy,4230
38,2,25.02.2021,3812,423,Tak,Nie,Nie,Nie,d,Podstawowy,1090
39,2,25.02.2021,3769,557,Tak,Nie,Nie,Nie,a,Podstawowy,260
40,2,25.02.2021,3721,587,Tak,Nie,Nie,Nie,a,Podstawowy,180
41,2,25.02.2021,3668,303,Tak,Nie,Nie,Nie,d,Rozszerzony,1180
42,2,25.02.2021,7268,956,Tak,Nie,Nie,Nie,a,Rozszerzony,290
43,2,25.02.2021,6292,626,Tak,Nie,Nie,Nie,d,Podstawowy,4880
44,2,25.02.2021,4163,552,Tak,Nie,Nie,Nie,a,Podstawowy,540
45,2,25.02.2021,3029,253,Tak,Nie,Nie,Nie,d,Podstawowy,9710
46,2,25.02.2021,3338,502,Tak,Nie,Nie,Nie,c,Podstawowy,1200
47,2,25.02.2021,5169,787,Tak,Nie,Nie,Nie,a,Rozszerzony,270
48,2,25.02.2021,3409,400,Tak,Nie,Nie,Nie,a,Podstawowy,1060
49,2,25.02.2021,4877,423,Tak,Nie,Nie,Nie,d,Rozszerzony,18010
50,2,25.02.2021,2456,255,Tak,Nie,Nie,Nie,d,Podstawowy,6260
1,1,24.02.2021,3826,481,Tak,Nie,Nie,Nie,c,Podstawowy,1270
2,1,24.02.2021,3894,499,Tak,Nie,Nie,Nie,a,Podstawowy,570
3,1,24.02.2021,5141,672,Tak,Nie,Nie,Nie,a,Podstawowy,14130
4,1,24.02.2021,7782,1220,Tak,Nie,Nie,Nie,c,Rozszerzony,620
5,1,24.02.2021,3558,480,Tak,Nie,Nie,Tak,a,Podstawowy,29910
6,1,24.02.2021,4557,593,Tak,Nie,Nie,Tak,a,Podstawowy,310
7,1,24.02.2021,7311,877,Tak,Nie,Nie,Nie,a,Rozszerzony,24000
8,1,24.02.2021,4448,619,Tak,Nie,Nie,Nie,a,Podstawowy,7520
9,1,24.02.2021,5880,568,Tak,Nie,Nie,Nie,a,Rozszerzony,2030
10,1,24.02.2021,5319,629,Tak,Nie,Nie,Nie,a,Podstawowy,3160
11,1,24.02.2021,6282,1107,Tak,Nie,Nie,Nie,a,Rozszerzony,960
12,1,24.02.2021,5354,817,Tak,Nie,Nie,Nie,a,Rozszerzony,1070
13,1,24.02.2021,3176,319,Tak,Nie,Nie,Nie,d,Podstawowy,310
14,1,24.02.2021,4795,648,Tak,Nie,Nie,Nie,a,Podstawowy,1300
15,1,24.02.2021,4629,556,Tak,Nie,Nie,Nie,d,Rozszerzony,4110
16,1,24.02.2021,7024,871,Tak,Nie,Nie,Nie,a,Rozszerzony,3270
17,1,24.02.2021,4706,684,Tak,Nie,Nie,Nie,a,Podstawowy,50
18,1,24.02.2021,4659,629,Tak,Nie,Nie,Nie,d,Rozszerzony,13840
19,1,24.02.2021,5508,664,Tak,Nie,Nie,Nie,a,Rozszerzony,3240
20,1,24.02.2021,7698,966,Tak,Nie,Nie,Nie,d,Podstawowy,2340
21,1,24.02.2021,3316,405,Tak,Nie,Nie,Nie,c,Rozszerzony,550
22,1,24.02.2021,3996,505,Tak,Nie,Nie,Nie,a,Podstawowy,1040
23,1,24.02.2021,3767,389,Tak,Nie,Nie,Nie,d,Podstawowy,4060
24,1,24.02.2021,6562,694,Tak,Nie,Nie,Nie,a,Rozszerzony,4590
25,1,24.02.2021,10824,1687,Tak,Nie,Nie,Nie,c,Podstawowy,430
26,1,24.02.2021,3733,365,Tak,Nie,Nie,Nie,d,Podstawowy,2300
27,1,24.02.2021,6343,938,Tak,Nie,Nie,Nie,a,Podstawowy,60
28,1,24.02.2021,4163,559,Tak,Nie,Nie,Nie,a,Podstawowy,1200
29,1,24.02.2021,5352,536,Tak,Nie,Nie,Nie,d,Rozszerzony,2170
30,1,24.02.2021,4508,783,Tak,Nie,Nie,Nie,a,Podstawowy,40
31,1,24.02.2021,3669,462,Tak,Nie,Nie,Nie,d,Rozszerzony,9800
32,1,24.02.2021,3369,480,Tak,Nie,Nie,Nie,a,Podstawowy,2910
33,1,24.02.2021,7039,827,Tak,Nie,Nie,Nie,a,Rozszerzony,1320
34,1,24.02.2021,6584,943,Tak,Nie,Nie,Nie,c,Podstawowy,2240
35,1,24.02.2021,6566,620,Tak,Nie,Nie,Nie,d,Rozszerzony,7660
36,1,24.02.2021,8587,1075,Tak,Nie,Nie,Nie,a,Rozszerzony,540
37,1,24.02.2021,3828,506,Tak,Nie,Nie,Nie,c,Podstawowy,4230
38,1,24.02.2021,4116,432,Tak,Nie,Nie,Nie,d,Podstawowy,1090
39,1,24.02.2021,3683,581,Tak,Nie,Nie,Nie,a,Podstawowy,260
40,1,24.02.2021,3971,610,Tak,Nie,Nie,Nie,a,Podstawowy,180
41,1,24.02.2021,4125,349,Tak,Nie,Nie,Nie,d,Rozszerzony,1180
42,1,24.02.2021,7559,1011,Tak,Nie,Nie,Nie,a,Rozszerzony,290
43,1,24.02.2021,5868,624,Tak,Nie,Nie,Nie,d,Podstawowy,4880
44,1,24.02.2021,4357,598,Tak,Nie,Nie,Nie,a,Podstawowy,540
45,1,24.02.2021,2867,287,Tak,Nie,Nie,Nie,d,Podstawowy,9710
46,1,24.02.2021,3528,513,Tak,Nie,Nie,Nie,c,Podstawowy,1200
47,1,24.02.2021,5925,882,Tak,Nie,Nie,Nie,a,Rozszerzony,270
48,1,24.02.2021,3830,459,Tak,Nie,Nie,Nie,a,Podstawowy,1060
49,1,24.02.2021,5039,427,Tak,Nie,Nie,Nie,d,Rozszerzony,18010
50,1,24.02.2021,2716,249,Tak,Nie,Nie,Nie,d,Podstawowy,6260
1,7,23.02.2021,0,0,Nie,Nie,Nie,Nie,c,Podstawowy,1270
2,7,23.02.2021,0,0,Nie,Nie,Nie,Nie,a,Podstawowy,570
3,7,23.02.2021,0,0,Nie,Nie,Nie,Nie,a,Podstawowy,14130
4,7,23.02.2021,0,0,Nie,Nie,Nie,Nie,c,Rozszerzony,620
5,7,23.02.2021,0,0,Nie,Nie,Nie,Nie,a,Podstawowy,29910
6,7,23.02.2021,0,0,Nie,Nie,Nie,Nie,a,Podstawowy,310
7,7,23.02.2021,0,0,Nie,Nie,Nie,Nie,a,Rozszerzony,24000
8,7,23.02.2021,0,0,Nie,Nie,Nie,Nie,a,Podstawowy,7520
9,7,23.02.2021,0,0,Nie,Nie,Nie,Nie,a,Rozszerzony,2030
10,7,23.02.2021,0,0,Nie,Nie,Nie,Nie,a,Podstawowy,3160
11,7,23.02.2021,0,0,Nie,Nie,Nie,Nie,a,Rozszerzony,960
12,7,23.02.2021,0,0,Nie,Nie,Nie,Nie,a,Rozszerzony,1070
13,7,23.02.2021,0,0,Nie,Nie,Nie,Nie,d,Podstawowy,310
14,7,23.02.2021,0,0,Nie,Nie,Nie,Nie,a,Podstawowy,1300
15,7,23.02.2021,0,0,Nie,Nie,Nie,Nie,d,Rozszerzony,4110
16,7,23.02.2021,0,0,Nie,Nie,Nie,Nie,a,Rozszerzony,3270
17,7,23.02.2021,0,0,Nie,Nie,Nie,Nie,a,Podstawowy,50
18,7,23.02.2021,0,0,Nie,Nie,Nie,Nie,d,Rozszerzony,13840
19,7,23.02.2021,0,0,Nie,Nie,Nie,Nie,a,Rozszerzony,3240
20,7,23.02.2021,0,0,Nie,Nie,Nie,Nie,d,Podstawowy,2340
21,7,23.02.2021,0,0,Nie,Nie,Nie,Nie,c,Rozszerzony,550
22,7,23.02.2021,0,0,Nie,Nie,Nie,Nie,a,Podstawowy,1040
23,7,23.02.2021,0,0,Nie,Nie,Nie,Nie,d,Podstawowy,4060
24,7,23.02.2021,0,0,Nie,Nie,Nie,Nie,a,Rozszerzony,4590
25,7,23.02.2021,0,0,Nie,Nie,Nie,Nie,c,Podstawowy,430
26,7,23.02.2021,0,0,Nie,Nie,Nie,Nie,d,Podstawowy,2300
27,7,23.02.2021,0,0,Nie,Nie,Nie,Nie,a,Podstawowy,60
28,7,23.02.2021,0,0,Nie,Nie,Nie,Nie,a,Podstawowy,1200
29,7,23.02.2021,0,0,Nie,Nie,Nie,Nie,d,Rozszerzony,2170
30,7,23.02.2021,0,0,Nie,Nie,Nie,Nie,a,Podstawowy,40
31,7,23.02.2021,0,0,Nie,Nie,Nie,Nie,d,Rozszerzony,9800
32,7,23.02.2021,0,0,Nie,Nie,Nie,Nie,a,Podstawowy,2910
33,7,23.02.2021,0,0,Nie,Nie,Nie,Nie,a,Rozszerzony,1320
34,7,23.02.2021,0,0,Nie,Nie,Nie,Nie,c,Podstawowy,2240
35,7,23.02.2021,0,0,Nie,Nie,Nie,Nie,d,Rozszerzony,7660
36,7,23.02.2021,0,0,Nie,Nie,Nie,Nie,a,Rozszerzony,540
37,7,23.02.2021,0,0,Nie,Nie,Nie,Nie,c,Podstawowy,4230
38,7,23.02.2021,0,0,Nie,Nie,Nie,Nie,d,Podstawowy,1090
39,7,23.02.2021,0,0,Nie,Nie,Nie,Nie,a,Podstawowy,260
40,7,23.02.2021,0,0,Nie,Nie,Nie,Nie,a,Podstawowy,180
41,7,23.02.2021,0,0,Nie,Nie,Nie,Nie,d,Rozszerzony,1180
42,7,23.02.2021,0,0,Nie,Nie,Nie,Nie,a,Rozszerzony,290
43,7,23.02.2021,0,0,Nie,Nie,Nie,Nie,d,Podstawowy,4880
44,7,23.02.2021,0,0,Nie,Nie,Nie,Nie,a,Podstawowy,540
45,7,23.02.2021,0,0,Nie,Nie,Nie,Nie,d,Podstawowy,9710
46,7,23.02.2021,0,0,Nie,Nie,Nie,Nie,c,Podstawowy,1200
47,7,23.02.2021,0,0,Nie,Nie,Nie,Nie,a,Rozszerzony,270
48,7,23.02.2021,0,0,Nie,Nie,Nie,Nie,a,Podstawowy,1060
49,7,23.02.2021,0,0,Nie,Nie,Nie,Nie,d,Rozszerzony,18010
50,7,23.02.2021,0,0,Nie,Nie,Nie,Nie,d,Podstawowy,6260
1,6,22.02.2021,4820,623,Tak,Nie,Nie,Nie,c,Podstawowy,1270
2,6,22.02.2021,2563,316,Tak,Nie,Nie,Nie,a,Podstawowy,570
3,6,22.02.2021,4082,475,Tak,Nie,Nie,Nie,a,Podstawowy,14130
4,6,22.02.2021,10047,1451,Tak,Nie,Nie,Nie,c,Rozszerzony,620
5,6,22.02.2021,1975,235,Tak,Nie,Nie,Nie,a,Podstawowy,29910
6,6,22.02.2021,2963,375,Tak,Nie,Nie,Nie,a,Podstawowy,310
7,6,22.02.2021,5192,575,Tak,Nie,Nie,Nie,a,Rozszerzony,24000
8,6,22.02.2021,2838,381,Tak,Nie,Nie,Nie,a,Podstawowy,7520
9,6,22.02.2021,6734,571,Tak,Nie,Nie,Nie,a,Rozszerzony,2030
10,6,22.02.2021,4129,455,Tak,Nie,Nie,Nie,a,Podstawowy,3160
11,6,22.02.2021,5675,807,Tak,Nie,Nie,Nie,a,Rozszerzony,960
12,6,22.02.2021,5602,738,Tak,Nie,Nie,Nie,a,Rozszerzony,1070
13,6,22.02.2021,4597,375,Tak,Nie,Nie,Nie,d,Podstawowy,310
14,6,22.02.2021,3394,414,Tak,Nie,Nie,Nie,a,Podstawowy,1300
15,6,22.02.2021,4965,551,Tak,Nie,Nie,Nie,d,Rozszerzony,4110
16,6,22.02.2021,4812,553,Tak,Nie,Nie,Nie,a,Rozszerzony,3270
17,6,22.02.2021,2474,339,Tak,Nie,Nie,Nie,a,Podstawowy,50
18,6,22.02.2021,4510,538,Tak,Nie,Nie,Nie,d,Rozszerzony,13840
19,6,22.02.2021,4323,399,Tak,Nie,Nie,Nie,a,Rozszerzony,3240
20,6,22.02.2021,5714,507,Tak,Nie,Nie,Nie,d,Podstawowy,2340
21,6,22.02.2021,5100,507,Tak,Nie,Nie,Nie,c,Rozszerzony,550
22,6,22.02.2021,3431,394,Tak,Nie,Nie,Nie,a,Podstawowy,1040
23,6,22.02.2021,4333,417,Tak,Nie,Nie,Nie,d,Podstawowy,4060
24,6,22.02.2021,6890,696,Tak,Nie,Nie,Nie,a,Rozszerzony,4590
25,6,22.02.2021,10903,1466,Tak,Nie,Nie,Nie,c,Podstawowy,430
26,6,22.02.2021,5368,518,Tak,Nie,Nie,Nie,d,Podstawowy,2300
27,6,22.02.2021,7192,858,Tak,Nie,Nie,Nie,a,Podstawowy,60
28,6,22.02.2021,2546,296,Tak,Nie,Nie,Nie,a,Podstawowy,1200
29,6,22.02.2021,6612,644,Tak,Nie,Nie,Nie,d,Rozszerzony,2170
30,6,22.02.2021,5224,830,Tak,Nie,Nie,Nie,a,Podstawowy,40
31,6,22.02.2021,5394,561,Tak,Nie,Nie,Nie,d,Rozszerzony,9800
32,6,22.02.2021,2280,284,Tak,Nie,Nie,Nie,a,Podstawowy,2910
33,6,22.02.2021,8226,878,Tak,Nie,Nie,Nie,a,Rozszerzony,1320
34,6,22.02.2021,7644,945,Tak,Nie,Nie,Nie,c,Podstawowy,2240
35,6,22.02.2021,7071,598,Tak,Nie,Nie,Nie,d,Rozszerzony,7660
36,6,22.02.2021,8484,1016,Tak,Nie,Nie,Nie,a,Rozszerzony,540
37,6,22.02.2021,7018,885,Tak,Nie,Nie,Nie,c,Podstawowy,4230
38,6,22.02.2021,6254,615,Tak,Nie,Nie,Nie,d,Podstawowy,1090
39,6,22.02.2021,2618,409,Tak,Nie,Nie,Nie,a,Podstawowy,260
40,6,22.02.2021,4784,665,Tak,Nie,Nie,Nie,a,Podstawowy,180
41,6,22.02.2021,5165,424,Tak,Nie,Nie,Nie,d,Rozszerzony,1180
42,6,22.02.2021,7879,930,Tak,Nie,Nie,Nie,a,Rozszerzony,290
43,6,22.02.2021,4721,437,Tak,Nie,Nie,Nie,d,Podstawowy,4880
44,6,22.02.2021,3811,491,Tak,Nie,Nie,Nie,a,Podstawowy,540
45,6,22.02.2021,4472,403,Tak,Nie,Nie,Nie,d,Podstawowy,9710
46,6,22.02.2021,4154,619,Tak,Nie,Nie,Nie,c,Podstawowy,1200
47,6,22.02.2021,4637,698,Tak,Nie,Nie,Nie,a,Rozszerzony,270
48,6,22.02.2021,3051,332,Tak,Nie,Nie,Nie,a,Podstawowy,1060
49,6,22.02.2021,6423,543,Tak,Nie,Nie,Nie,d,Rozszerzony,18010
50,6,22.02.2021,3924,373,Tak,Nie,Nie,Nie,d,Podstawowy,6260
1,5,21.02.2021,4727,550,Tak,Tak,Nie,Nie,c,Podstawowy,1270
2,5,21.02.2021,4790,527,Tak,Tak,Nie,Tak,a,Podstawowy,570
3,5,21.02.2021,7511,799,Tak,Tak,Nie,Nie,a,Podstawowy,14130
4,5,21.02.2021,9193,1308,Tak,Tak,Nie,Nie,c,Rozszerzony,620
5,5,21.02.2021,4389,512,Tak,Tak,Nie,Tak,a,Podstawowy,29910
6,5,21.02.2021,5097,612,Tak,Tak,Nie,Tak,a,Podstawowy,310
7,5,21.02.2021,8676,962,Tak,Tak,Nie,Nie,a,Rozszerzony,24000
8,5,21.02.2021,5064,589,Tak,Tak,Nie,Nie,a,Podstawowy,7520
9,5,21.02.2021,6381,582,Tak,Tak,Nie,Nie,a,Rozszerzony,2030
10,5,21.02.2021,5756,635,Tak,Tak,Nie,Nie,a,Podstawowy,3160
11,5,21.02.2021,7141,1011,Tak,Tak,Nie,Nie,a,Rozszerzony,960
12,5,21.02.2021,7425,862,Tak,Tak,Nie,Nie,a,Rozszerzony,1070
13,5,21.02.2021,5892,448,Tak,Tak,Nie,Nie,d,Podstawowy,310
14,5,21.02.2021,6068,665,Tak,Tak,Nie,Nie,a,Podstawowy,1300
15,5,21.02.2021,6982,638,Tak,Tak,Nie,Nie,d,Rozszerzony,4110
16,5,21.02.2021,7122,825,Tak,Tak,Nie,Nie,a,Rozszerzony,3270
17,5,21.02.2021,6653,814,Tak,Tak,Nie,Tak,a,Podstawowy,50
18,5,21.02.2021,7073,775,Tak,Tak,Nie,Tak,d,Rozszerzony,13840
19,5,21.02.2021,6992,696,Tak,Tak,Nie,Nie,a,Rozszerzony,3240
20,5,21.02.2021,6955,733,Tak,Tak,Nie,Nie,d,Podstawowy,2340
21,5,21.02.2021,7088,602,Tak,Tak,Nie,Nie,c,Rozszerzony,550
22,5,21.02.2021,4799,524,Tak,Tak,Nie,Nie,a,Podstawowy,1040
23,5,21.02.2021,6597,546,Tak,Tak,Nie,Nie,d,Podstawowy,4060
24,5,21.02.2021,9504,873,Tak,Tak,Nie,Nie,a,Rozszerzony,4590
25,5,21.02.2021,14765,1960,Tak,Tak,Nie,Nie,c,Podstawowy,430
26,5,21.02.2021,7092,576,Tak,Tak,Nie,Tak,d,Podstawowy,2300
27,5,21.02.2021,9387,1051,Tak,Tak,Nie,Nie,a,Podstawowy,60
28,5,21.02.2021,5015,601,Tak,Tak,Nie,Nie,a,Podstawowy,1200
29,5,21.02.2021,7394,695,Tak,Tak,Nie,Nie,d,Rozszerzony,2170
30,5,21.02.2021,5197,792,Tak,Tak,Nie,Nie,a,Podstawowy,40
31,5,21.02.2021,6110,596,Tak,Tak,Nie,Nie,d,Rozszerzony,9800
32,5,21.02.2021,4144,458,Tak,Tak,Nie,Nie,a,Podstawowy,2910
33,5,21.02.2021,7972,802,Tak,Tak,Nie,Nie,a,Rozszerzony,1320
34,5,21.02.2021,8001,952,Tak,Tak,Nie,Nie,c,Podstawowy,2240
35,5,21.02.2021,9923,753,Tak,Tak,Nie,Nie,d,Rozszerzony,7660
36,5,21.02.2021,8799,1045,Tak,Tak,Nie,Nie,a,Rozszerzony,540
37,5,21.02.2021,6853,783,Tak,Tak,Nie,Nie,c,Podstawowy,4230
38,5,21.02.2021,6023,532,Tak,Tak,Nie,Nie,d,Podstawowy,1090
39,5,21.02.2021,4687,625,Tak,Tak,Nie,Nie,a,Podstawowy,260
40,5,21.02.2021,4242,566,Tak,Tak,Nie,Nie,a,Podstawowy,180
41,5,21.02.2021,6338,415,Tak,Tak,Nie,Nie,d,Rozszerzony,1180
42,5,21.02.2021,10788,1100,Tak,Tak,Nie,Nie,a,Rozszerzony,290
43,5,21.02.2021,8631,737,Tak,Tak,Nie,Nie,d,Podstawowy,4880
44,5,21.02.2021,5511,664,Tak,Tak,Nie,Nie,a,Podstawowy,540
45,5,21.02.2021,5489,410,Tak,Tak,Nie,Nie,d,Podstawowy,9710
46,5,21.02.2021,5562,682,Tak,Tak,Nie,Nie,c,Podstawowy,1200
47,5,21.02.2021,7015,871,Tak,Tak,Nie,Nie,a,Rozszerzony,270
48,5,21.02.2021,4111,464,Tak,Tak,Nie,Nie,a,Podstawowy,1060
49,5,21.02.2021,7755,542,Tak,Tak,Nie,Nie,d,Rozszerzony,18010
50,5,21.02.2021,4669,389,Tak,Tak,Nie,Nie,d,Podstawowy,6260
1,4,20.02.2021,4563,559,Tak,Tak,Nie,Nie,c,Podstawowy,1270
2,4,20.02.2021,4961,584,Tak,Tak,Nie,Tak,a,Podstawowy,570
3,4,20.02.2021,6798,766,Tak,Tak,Nie,Nie,a,Podstawowy,14130
4,4,20.02.2021,9452,1305,Tak,Tak,Nie,Nie,c,Rozszerzony,620
5,4,20.02.2021,5365,592,Tak,Tak,Nie,Tak,a,Podstawowy,29910
6,4,20.02.2021,5352,641,Tak,Tak,Nie,Tak,a,Podstawowy,310
7,4,20.02.2021,7758,871,Tak,Tak,Nie,Nie,a,Rozszerzony,24000
8,4,20.02.2021,6580,824,Tak,Tak,Nie,Nie,a,Podstawowy,7520
9,4,20.02.2021,6259,568,Tak,Tak,Nie,Nie,a,Rozszerzony,2030
10,4,20.02.2021,5060,590,Tak,Tak,Nie,Nie,a,Podstawowy,3160
11,4,20.02.2021,7474,1109,Tak,Tak,Nie,Nie,a,Rozszerzony,960
12,4,20.02.2021,7568,908,Tak,Tak,Nie,Nie,a,Rozszerzony,1070
13,4,20.02.2021,5266,401,Tak,Tak,Nie,Nie,d,Podstawowy,310
14,4,20.02.2021,5800,675,Tak,Tak,Nie,Nie,a,Podstawowy,1300
15,4,20.02.2021,7472,730,Tak,Tak,Nie,Nie,d,Rozszerzony,4110
16,4,20.02.2021,7639,914,Tak,Tak,Nie,Nie,a,Rozszerzony,3270
17,4,20.02.2021,7001,880,Tak,Tak,Nie,Tak,a,Podstawowy,50
18,4,20.02.2021,6123,678,Tak,Tak,Nie,Tak,d,Rozszerzony,13840
19,4,20.02.2021,6455,651,Tak,Tak,Nie,Nie,a,Rozszerzony,3240
20,4,20.02.2021,8831,1101,Tak,Tak,Nie,Nie,d,Podstawowy,2340
21,4,20.02.2021,5432,509,Tak,Tak,Nie,Nie,c,Rozszerzony,550
22,4,20.02.2021,4715,538,Tak,Tak,Nie,Nie,a,Podstawowy,1040
23,4,20.02.2021,5770,505,Tak,Tak,Nie,Nie,d,Podstawowy,4060
24,4,20.02.2021,8953,837,Tak,Tak,Nie,Nie,a,Rozszerzony,4590
25,4,20.02.2021,15356,2117,Tak,Tak,Nie,Nie,c,Podstawowy,430
26,4,20.02.2021,7322,613,Tak,Tak,Nie,Tak,d,Podstawowy,2300
27,4,20.02.2021,9851,1125,Tak,Tak,Nie,Nie,a,Podstawowy,60
28,4,20.02.2021,5636,676,Tak,Tak,Nie,Nie,a,Podstawowy,1200
29,4,20.02.2021,7173,658,Tak,Tak,Nie,Nie,d,Rozszerzony,2170
30,4,20.02.2021,6544,970,Tak,Tak,Nie,Nie,a,Podstawowy,40
31,4,20.02.2021,5663,557,Tak,Tak,Nie,Nie,d,Rozszerzony,9800
32,4,20.02.2021,4738,513,Tak,Tak,Nie,Nie,a,Podstawowy,2910
33,4,20.02.2021,7596,744,Tak,Tak,Nie,Nie,a,Rozszerzony,1320
34,4,20.02.2021,7685,937,Tak,Tak,Nie,Nie,c,Podstawowy,2240
35,4,20.02.2021,10506,776,Tak,Tak,Nie,Nie,d,Rozszerzony,7660
36,4,20.02.2021,8518,1104,Tak,Tak,Nie,Nie,a,Rozszerzony,540
37,4,20.02.2021,6876,726,Tak,Tak,Nie,Nie,c,Podstawowy,4230
38,4,20.02.2021,5283,491,Tak,Tak,Nie,Nie,d,Podstawowy,1090
39,4,20.02.2021,4943,639,Tak,Tak,Nie,Nie,a,Podstawowy,260
40,4,20.02.2021,5129,693,Tak,Tak,Nie,Nie,a,Podstawowy,180
41,4,20.02.2021,5474,400,Tak,Tak,Nie,Nie,d,Rozszerzony,1180
42,4,20.02.2021,10618,1178,Tak,Tak,Nie,Nie,a,Rozszerzony,290
43,4,20.02.2021,7516,656,Tak,Tak,Nie,Nie,d,Podstawowy,4880
44,4,20.02.2021,6050,716,Tak,Tak,Nie,Nie,a,Podstawowy,540
45,4,20.02.2021,5476,416,Tak,Tak,Nie,Nie,d,Podstawowy,9710
46,4,20.02.2021,5099,668,Tak,Tak,Nie,Nie,c,Podstawowy,1200
47,4,20.02.2021,7120,946,Tak,Tak,Nie,Nie,a,Rozszerzony,270
48,4,20.02.2021,3577,444,Tak,Tak,Nie,Nie,a,Podstawowy,1060
49,4,20.02.2021,6535,491,Tak,Tak,Nie,Nie,d,Rozszerzony,18010
50,4,20.02.2021,3915,360,Tak,Tak,Nie,Nie,d,Podstawowy,6260
1,3,19.02.2021,4935,547,Tak,Tak,Nie,Nie,c,Podstawowy,1270
2,3,19.02.2021,6419,774,Tak,Tak,Nie,Tak,a,Podstawowy,570
3,3,19.02.2021,8156,812,Tak,Tak,Nie,Nie,a,Podstawowy,14130
4,3,19.02.2021,9010,1278,Tak,Tak,Nie,Nie,c,Rozszerzony,620
5,3,19.02.2021,5307,603,Tak,Tak,Nie,Tak,a,Podstawowy,29910
6,3,19.02.2021,5552,646,Tak,Tak,Nie,Tak,a,Podstawowy,310
7,3,19.02.2021,7834,855,Tak,Tak,Nie,Nie,a,Rozszerzony,24000
8,3,19.02.2021,5299,631,Tak,Tak,Nie,Nie,a,Podstawowy,7520
9,3,19.02.2021,6526,560,Tak,Tak,Nie,Nie,a,Rozszerzony,2030
10,3,19.02.2021,5561,600,Tak,Tak,Nie,Nie,a,Podstawowy,3160
11,3,19.02.2021,7587,1106,Tak,Tak,Nie,Nie,a,Rozszerzony,960
12,3,19.02.2021,7975,911,Tak,Tak,Nie,Nie,a,Rozszerzony,1070
13,3,19.02.2021,5254,377,Tak,Tak,Nie,Nie,d,Podstawowy,310
14,3,19.02.2021,6511,695,Tak,Tak,Nie,Nie,a,Podstawowy,1300
15,3,19.02.2021,6976,611,Tak,Tak,Nie,Nie,d,Rozszerzony,4110
16,3,19.02.2021,8806,982,Tak,Tak,Nie,Nie,a,Rozszerzony,3270
17,3,19.02.2021,6823,833,Tak,Tak,Nie,Tak,a,Podstawowy,50
18,3,19.02.2021,6948,756,Tak,Tak,Nie,Tak,d,Rozszerzony,13840
19,3,19.02.2021,6412,652,Tak,Tak,Nie,Nie,a,Rozszerzony,3240
20,3,19.02.2021,8108,899,Tak,Tak,Nie,Nie,d,Podstawowy,2340
21,3,19.02.2021,5669,522,Tak,Tak,Nie,Nie,c,Rozszerzony,550
22,3,19.02.2021,4140,446,Tak,Tak,Nie,Nie,a,Podstawowy,1040
23,3,19.02.2021,5731,452,Tak,Tak,Nie,Nie,d,Podstawowy,4060
24,3,19.02.2021,9249,858,Tak,Tak,Nie,Nie,a,Rozszerzony,4590
25,3,19.02.2021,16406,2105,Tak,Tak,Nie,Nie,c,Podstawowy,430
26,3,19.02.2021,6175,494,Tak,Tak,Nie,Tak,d,Podstawowy,2300
27,3,19.02.2021,9354,997,Tak,Tak,Nie,Nie,a,Podstawowy,60
28,3,19.02.2021,6141,668,Tak,Tak,Nie,Nie,a,Podstawowy,1200
29,3,19.02.2021,6712,604,Tak,Tak,Nie,Nie,d,Rozszerzony,2170
30,3,19.02.2021,5192,825,Tak,Tak,Nie,Nie,a,Podstawowy,40
31,3,19.02.2021,5859,576,Tak,Tak,Nie,Nie,d,Rozszerzony,9800
32,3,19.02.2021,4697,526,Tak,Tak,Nie,Nie,a,Podstawowy,2910
33,3,19.02.2021,8511,809,Tak,Tak,Nie,Nie,a,Rozszerzony,1320
34,3,19.02.2021,8188,986,Tak,Tak,Nie,Nie,c,Podstawowy,2240
35,3,19.02.2021,9519,722,Tak,Tak,Nie,Nie,d,Rozszerzony,7660
36,3,19.02.2021,9112,1095,Tak,Tak,Nie,Nie,a,Rozszerzony,540
37,3,19.02.2021,5717,595,Tak,Tak,Nie,Nie,c,Podstawowy,4230
38,3,19.02.2021,6061,566,Tak,Tak,Nie,Nie,d,Podstawowy,1090
39,3,19.02.2021,5653,721,Tak,Tak,Nie,Nie,a,Podstawowy,260
40,3,19.02.2021,4395,592,Tak,Tak,Nie,Nie,a,Podstawowy,180
41,3,19.02.2021,5296,383,Tak,Tak,Nie,Nie,d,Rozszerzony,1180
42,3,19.02.2021,11478,1247,Tak,Tak,Nie,Nie,a,Rozszerzony,290
43,3,19.02.2021,7345,627,Tak,Tak,Nie,Nie,d,Podstawowy,4880
44,3,19.02.2021,5921,700,Tak,Tak,Nie,Nie,a,Podstawowy,540
45,3,19.02.2021,5303,374,Tak,Tak,Nie,Nie,d,Podstawowy,9710
46,3,19.02.2021,5448,651,Tak,Tak,Nie,Nie,c,Podstawowy,1200
47,3,19.02.2021,7603,962,Tak,Tak,Nie,Nie,a,Rozszerzony,270
48,3,19.02.2021,3826,440,Tak,Tak,Nie,Nie,a,Podstawowy,1060
49,3,19.02.2021,7135,474,Tak,Tak,Nie,Nie,d,Rozszerzony,18010
50,3,19.02.2021,4282,341,Tak,Tak,Nie,Nie,d,Podstawowy,6260
1,2,18.02.2021,4602,556,Tak,Tak,Nie,Nie,c,Podstawowy,1270
2,2,18.02.2021,5979,644,Tak,Tak,Nie,Tak,a,Podstawowy,570
3,2,18.02.2021,8382,843,Tak,Tak,Nie,Nie,a,Podstawowy,14130
4,2,18.02.2021,9676,1272,Tak,Tak,Nie,Nie,c,Rozszerzony,620
5,2,18.02.2021,5368,591,Tak,Tak,Nie,Tak,a,Podstawowy,29910
6,2,18.02.2021,5867,657,Tak,Tak,Nie,Tak,a,Podstawowy,310
7,2,18.02.2021,10408,1072,Tak,Tak,Nie,Nie,a,Rozszerzony,24000
8,2,18.02.2021,7008,786,Tak,Tak,Nie,Nie,a,Podstawowy,7520
9,2,18.02.2021,7663,651,Tak,Tak,Nie,Nie,a,Rozszerzony,2030
10,2,18.02.2021,6128,656,Tak,Tak,Nie,Nie,a,Podstawowy,3160
11,2,18.02.2021,8129,1131,Tak,Tak,Nie,Nie,a,Rozszerzony,960
12,2,18.02.2021,9056,979,Tak,Tak,Nie,Nie,a,Rozszerzony,1070
13,2,18.02.2021,6993,485,Tak,Tak,Nie,Nie,d,Podstawowy,310
14,2,18.02.2021,6467,700,Tak,Tak,Nie,Nie,a,Podstawowy,1300
15,2,18.02.2021,7389,678,Tak,Tak,Nie,Nie,d,Rozszerzony,4110
16,2,18.02.2021,8408,995,Tak,Tak,Nie,Nie,a,Rozszerzony,3270
17,2,18.02.2021,8647,1021,Tak,Tak,Nie,Tak,a,Podstawowy,50
18,2,18.02.2021,6666,676,Tak,Tak,Nie,Tak,d,Rozszerzony,13840
19,2,18.02.2021,7645,741,Tak,Tak,Nie,Nie,a,Rozszerzony,3240
20,2,18.02.2021,8991,996,Tak,Tak,Nie,Nie,d,Podstawowy,2340
21,2,18.02.2021,7321,633,Tak,Tak,Nie,Nie,c,Rozszerzony,550
22,2,18.02.2021,4997,563,Tak,Tak,Nie,Nie,a,Podstawowy,1040
23,2,18.02.2021,5547,487,Tak,Tak,Nie,Nie,d,Podstawowy,4060
24,2,18.02.2021,10368,894,Tak,Tak,Nie,Nie,a,Rozszerzony,4590
25,2,18.02.2021,19201,2258,Tak,Tak,Nie,Nie,c,Podstawowy,430
26,2,18.02.2021,7288,610,Tak,Tak,Nie,Tak,d,Podstawowy,2300
27,2,18.02.2021,11665,1204,Tak,Tak,Nie,Nie,a,Podstawowy,60
28,2,18.02.2021,7901,759,Tak,Tak,Nie,Nie,a,Podstawowy,1200
29,2,18.02.2021,7873,728,Tak,Tak,Nie,Nie,d,Rozszerzony,2170
30,2,18.02.2021,6532,955,Tak,Tak,Nie,Nie,a,Podstawowy,40
31,2,18.02.2021,6041,555,Tak,Tak,Nie,Nie,d,Rozszerzony,9800
32,2,18.02.2021,5127,560,Tak,Tak,Nie,Nie,a,Podstawowy,2910
33,2,18.02.2021,9235,901,Tak,Tak,Nie,Nie,a,Rozszerzony,1320
34,2,18.02.2021,8663,1039,Tak,Tak,Nie,Nie,c,Podstawowy,2240
35,2,18.02.2021,9724,751,Tak,Tak,Nie,Nie,d,Rozszerzony,7660
36,2,18.02.2021,9085,1148,Tak,Tak,Nie,Nie,a,Rozszerzony,540
37,2,18.02.2021,6771,650,Tak,Tak,Nie,Nie,c,Podstawowy,4230
38,2,18.02.2021,7210,592,Tak,Tak,Nie,Nie,d,Podstawowy,1090
39,2,18.02.2021,6070,753,Tak,Tak,Nie,Nie,a,Podstawowy,260
40,2,18.02.2021,5400,670,Tak,Tak,Nie,Nie,a,Podstawowy,180
41,2,18.02.2021,5614,378,Tak,Tak,Nie,Nie,d,Rozszerzony,1180
42,2,18.02.2021,11257,1196,Tak,Tak,Nie,Nie,a,Rozszerzony,290
43,2,18.02.2021,8694,732,Tak,Tak,Nie,Nie,d,Podstawowy,4880
44,2,18.02.2021,6907,779,Tak,Tak,Nie,Nie,a,Podstawowy,540
45,2,18.02.2021,4948,360,Tak,Tak,Nie,Nie,d,Podstawowy,9710
46,2,18.02.2021,6403,719,Tak,Tak,Nie,Nie,c,Podstawowy,1200
47,2,18.02.2021,8113,1032,Tak,Tak,Nie,Nie,a,Rozszerzony,270
48,2,18.02.2021,4308,458,Tak,Tak,Nie,Nie,a,Podstawowy,1060
49,2,18.02.2021,7049,533,Tak,Tak,Nie,Nie,d,Rozszerzony,18010
50,2,18.02.2021,3857,327,Tak,Tak,Nie,Nie,d,Podstawowy,6260
1,1,17.02.2021,5393,606,Tak,Tak,Nie,Nie,c,Podstawowy,1270
2,1,17.02.2021,7584,761,Tak,Tak,Nie,Tak,a,Podstawowy,570
3,1,17.02.2021,10020,989,Tak,Tak,Nie,Nie,a,Podstawowy,14130
4,1,17.02.2021,11297,1531,Tak,Tak,Nie,Nie,c,Rozszerzony,620
5,1,17.02.2021,7170,728,Tak,Tak,Nie,Tak,a,Podstawowy,29910
6,1,17.02.2021,7218,754,Tak,Tak,Nie,Tak,a,Podstawowy,310
7,1,17.02.2021,12728,1224,Tak,Tak,Nie,Nie,a,Rozszerzony,24000
8,1,17.02.2021,8750,897,Tak,Tak,Nie,Nie,a,Podstawowy,7520
9,1,17.02.2021,10145,791,Tak,Tak,Nie,Nie,a,Rozszerzony,2030
10,1,17.02.2021,8294,780,Tak,Tak,Nie,Nie,a,Podstawowy,3160
11,1,17.02.2021,9492,1300,Tak,Tak,Nie,Nie,a,Rozszerzony,960
12,1,17.02.2021,11438,1129,Tak,Tak,Nie,Nie,a,Rozszerzony,1070
13,1,17.02.2021,6982,513,Tak,Tak,Nie,Nie,d,Podstawowy,310
14,1,17.02.2021,7946,831,Tak,Tak,Nie,Nie,a,Podstawowy,1300
15,1,17.02.2021,8430,766,Tak,Tak,Nie,Nie,d,Rozszerzony,4110
16,1,17.02.2021,10955,1114,Tak,Tak,Nie,Nie,a,Rozszerzony,3270
17,1,17.02.2021,11185,1128,Tak,Tak,Nie,Tak,a,Podstawowy,50
18,1,17.02.2021,9612,919,Tak,Tak,Nie,Tak,d,Rozszerzony,13840
19,1,17.02.2021,10078,913,Tak,Tak,Nie,Nie,a,Rozszerzony,3240
20,1,17.02.2021,9294,1042,Tak,Tak,Nie,Nie,d,Podstawowy,2340
21,1,17.02.2021,8427,691,Tak,Tak,Nie,Nie,c,Rozszerzony,550
22,1,17.02.2021,5793,628,Tak,Tak,Nie,Nie,a,Podstawowy,1040
23,1,17.02.2021,8488,646,Tak,Tak,Nie,Nie,d,Podstawowy,4060
24,1,17.02.2021,13046,1069,Tak,Tak,Nie,Nie,a,Rozszerzony,4590
25,1,17.02.2021,21497,2368,Tak,Tak,Nie,Nie,c,Podstawowy,430
26,1,17.02.2021,10327,754,Tak,Tak,Nie,Tak,d,Podstawowy,2300
27,1,17.02.2021,13359,1354,Tak,Tak,Nie,Nie,a,Podstawowy,60
28,1,17.02.2021,9396,915,Tak,Tak,Nie,Nie,a,Podstawowy,1200
29,1,17.02.2021,12311,938,Tak,Tak,Nie,Nie,d,Rozszerzony,2170
30,1,17.02.2021,8337,1103,Tak,Tak,Nie,Nie,a,Podstawowy,40
31,1,17.02.2021,7041,682,Tak,Tak,Nie,Nie,d,Rozszerzony,9800
32,1,17.02.2021,5521,591,Tak,Tak,Nie,Nie,a,Podstawowy,2910
33,1,17.02.2021,11762,1071,Tak,Tak,Nie,Nie,a,Rozszerzony,1320
34,1,17.02.2021,9702,1137,Tak,Tak,Nie,Nie,c,Podstawowy,2240
35,1,17.02.2021,14141,975,Tak,Tak,Nie,Nie,d,Rozszerzony,7660
36,1,17.02.2021,10284,1219,Tak,Tak,Nie,Nie,a,Rozszerzony,540
37,1,17.02.2021,8456,818,Tak,Tak,Nie,Nie,c,Podstawowy,4230
38,1,17.02.2021,9399,737,Tak,Tak,Nie,Nie,d,Podstawowy,1090
39,1,17.02.2021,8403,955,Tak,Tak,Nie,Nie,a,Podstawowy,260
40,1,17.02.2021,5207,689,Tak,Tak,Nie,Nie,a,Podstawowy,180
41,1,17.02.2021,8421,568,Tak,Tak,Nie,Nie,d,Rozszerzony,1180
42,1,17.02.2021,13629,1336,Tak,Tak,Nie,Nie,a,Rozszerzony,290
43,1,17.02.2021,10417,827,Tak,Tak,Nie,Nie,d,Podstawowy,4880
44,1,17.02.2021,7954,873,Tak,Tak,Nie,Nie,a,Podstawowy,540
45,1,17.02.2021,6012,448,Tak,Tak,Nie,Nie,d,Podstawowy,9710
46,1,17.02.2021,7815,817,Tak,Tak,Nie,Nie,c,Podstawowy,1200
47,1,17.02.2021,8507,1055,Tak,Tak,Nie,Nie,a,Rozszerzony,270
48,1,17.02.2021,5252,567,Tak,Tak,Nie,Nie,a,Podstawowy,1060
49,1,17.02.2021,8706,592,Tak,Tak,Nie,Nie,d,Rozszerzony,18010
50,1,17.02.2021,5936,443,Tak,Tak,Nie,Nie,d,Podstawowy,6260
1,7,16.02.2021,0,0,Nie,Nie,Nie,Nie,c,Podstawowy,1270
2,7,16.02.2021,0,0,Nie,Nie,Nie,Nie,a,Podstawowy,570
3,7,16.02.2021,0,0,Nie,Nie,Nie,Nie,a,Podstawowy,14130
4,7,16.02.2021,0,0,Nie,Nie,Nie,Nie,c,Rozszerzony,620
5,7,16.02.2021,0,0,Nie,Nie,Nie,Nie,a,Podstawowy,29910
6,7,16.02.2021,0,0,Nie,Nie,Nie,Nie,a,Podstawowy,310
7,7,16.02.2021,0,0,Nie,Nie,Nie,Nie,a,Rozszerzony,24000
8,7,16.02.2021,0,0,Nie,Nie,Nie,Nie,a,Podstawowy,7520
9,7,16.02.2021,0,0,Nie,Nie,Nie,Nie,a,Rozszerzony,2030
10,7,16.02.2021,0,0,Nie,Nie,Nie,Nie,a,Podstawowy,3160
11,7,16.02.2021,0,0,Nie,Nie,Nie,Nie,a,Rozszerzony,960
12,7,16.02.2021,0,0,Nie,Nie,Nie,Nie,a,Rozszerzony,1070
13,7,16.02.2021,0,0,Nie,Nie,Nie,Nie,d,Podstawowy,310
14,7,16.02.2021,0,0,Nie,Nie,Nie,Nie,a,Podstawowy,1300
15,7,16.02.2021,0,0,Nie,Nie,Nie,Nie,d,Rozszerzony,4110
16,7,16.02.2021,0,0,Nie,Nie,Nie,Nie,a,Rozszerzony,3270
17,7,16.02.2021,0,0,Nie,Nie,Nie,Nie,a,Podstawowy,50
18,7,16.02.2021,0,0,Nie,Nie,Nie,Nie,d,Rozszerzony,13840
19,7,16.02.2021,0,0,Nie,Nie,Nie,Nie,a,Rozszerzony,3240
20,7,16.02.2021,0,0,Nie,Nie,Nie,Nie,d,Podstawowy,2340
21,7,16.02.2021,0,0,Nie,Nie,Nie,Nie,c,Rozszerzony,550
22,7,16.02.2021,0,0,Nie,Nie,Nie,Nie,a,Podstawowy,1040
23,7,16.02.2021,0,0,Nie,Nie,Nie,Nie,d,Podstawowy,4060
24,7,16.02.2021,0,0,Nie,Nie,Nie,Nie,a,Rozszerzony,4590
25,7,16.02.2021,0,0,Nie,Nie,Nie,Nie,c,Podstawowy,430
26,7,16.02.2021,0,0,Nie,Nie,Nie,Nie,d,Podstawowy,2300
27,7,16.02.2021,0,0,Nie,Nie,Nie,Nie,a,Podstawowy,60
28,7,16.02.2021,0,0,Nie,Nie,Nie,Nie,a,Podstawowy,1200
29,7,16.02.2021,0,0,Nie,Nie,Nie,Nie,d,Rozszerzony,2170
30,7,16.02.2021,0,0,Nie,Nie,Nie,Nie,a,Podstawowy,40
31,7,16.02.2021,0,0,Nie,Nie,Nie,Nie,d,Rozszerzony,9800
32,7,16.02.2021,0,0,Nie,Nie,Nie,Nie,a,Podstawowy,2910
33,7,16.02.2021,0,0,Nie,Nie,Nie,Nie,a,Rozszerzony,1320
34,7,16.02.2021,0,0,Nie,Nie,Nie,Nie,c,Podstawowy,2240
35,7,16.02.2021,0,0,Nie,Nie,Nie,Nie,d,Rozszerzony,7660
36,7,16.02.2021,0,0,Nie,Nie,Nie,Nie,a,Rozszerzony,540
37,7,16.02.2021,0,0,Nie,Nie,Nie,Nie,c,Podstawowy,4230
38,7,16.02.2021,0,0,Nie,Nie,Nie,Nie,d,Podstawowy,1090
39,7,16.02.2021,0,0,Nie,Nie,Nie,Nie,a,Podstawowy,260
40,7,16.02.2021,0,0,Nie,Nie,Nie,Nie,a,Podstawowy,180
41,7,16.02.2021,0,0,Nie,Nie,Nie,Nie,d,Rozszerzony,1180
42,7,16.02.2021,0,0,Nie,Nie,Nie,Nie,a,Rozszerzony,290
43,7,16.02.2021,0,0,Nie,Nie,Nie,Nie,d,Podstawowy,4880
44,7,16.02.2021,0,0,Nie,Nie,Nie,Nie,a,Podstawowy,540
45,7,16.02.2021,0,0,Nie,Nie,Nie,Nie,d,Podstawowy,9710
46,7,16.02.2021,0,0,Nie,Nie,Nie,Nie,c,Podstawowy,1200
47,7,16.02.2021,0,0,Nie,Nie,Nie,Nie,a,Rozszerzony,270
48,7,16.02.2021,0,0,Nie,Nie,Nie,Nie,a,Podstawowy,1060
49,7,16.02.2021,0,0,Nie,Nie,Nie,Nie,d,Rozszerzony,18010
50,7,16.02.2021,0,0,Nie,Nie,Nie,Nie,d,Podstawowy,6260
1,6,15.02.2021,5258,655,Tak,Nie,Nie,Nie,c,Podstawowy,1270
2,6,15.02.2021,2509,300,Tak,Nie,Nie,Nie,a,Podstawowy,570
3,6,15.02.2021,3793,415,Tak,Nie,Nie,Nie,a,Podstawowy,14130
4,6,15.02.2021,9171,1383,Tak,Nie,Nie,Nie,c,Rozszerzony,620
5,6,15.02.2021,2165,219,Tak,Nie,Nie,Nie,a,Podstawowy,29910
6,6,15.02.2021,3054,340,Tak,Nie,Nie,Nie,a,Podstawowy,310
7,6,15.02.2021,4985,594,Tak,Nie,Nie,Nie,a,Rozszerzony,24000
8,6,15.02.2021,2751,370,Tak,Nie,Nie,Nie,a,Podstawowy,7520
9,6,15.02.2021,5972,525,Tak,Nie,Nie,Nie,a,Rozszerzony,2030
10,6,15.02.2021,4397,537,Tak,Nie,Nie,Nie,a,Podstawowy,3160
11,6,15.02.2021,5734,872,Tak,Nie,Nie,Nie,a,Rozszerzony,960
12,6,15.02.2021,5809,753,Tak,Nie,Nie,Nie,a,Rozszerzony,1070
13,6,15.02.2021,4139,330,Tak,Nie,Nie,Nie,d,Podstawowy,310
14,6,15.02.2021,3519,444,Tak,Nie,Nie,Nie,a,Podstawowy,1300
15,6,15.02.2021,5477,619,Tak,Nie,Nie,Nie,d,Rozszerzony,4110
16,6,15.02.2021,4753,560,Tak,Nie,Nie,Nie,a,Rozszerzony,3270
17,6,15.02.2021,2801,379,Tak,Nie,Nie,Nie,a,Podstawowy,50
18,6,15.02.2021,4416,491,Tak,Nie,Nie,Nie,d,Rozszerzony,13840
19,6,15.02.2021,3717,383,Tak,Nie,Nie,Nie,a,Rozszerzony,3240
20,6,15.02.2021,5232,536,Tak,Nie,Nie,Nie,d,Podstawowy,2340
21,6,15.02.2021,4785,545,Tak,Nie,Nie,Nie,c,Rozszerzony,550
22,6,15.02.2021,3448,410,Tak,Nie,Nie,Nie,a,Podstawowy,1040
23,6,15.02.2021,5495,484,Tak,Nie,Nie,Nie,d,Podstawowy,4060
24,6,15.02.2021,6994,670,Tak,Nie,Nie,Nie,a,Rozszerzony,4590
25,6,15.02.2021,14571,2042,Tak,Nie,Nie,Nie,c,Podstawowy,430
26,6,15.02.2021,5658,566,Tak,Nie,Nie,Nie,d,Podstawowy,2300
27,6,15.02.2021,7252,854,Tak,Nie,Nie,Nie,a,Podstawowy,60
28,6,15.02.2021,2262,283,Tak,Nie,Nie,Nie,a,Podstawowy,1200
29,6,15.02.2021,6883,664,Tak,Nie,Nie,Nie,d,Rozszerzony,2170
30,6,15.02.2021,4909,854,Tak,Nie,Nie,Nie,a,Podstawowy,40
31,6,15.02.2021,4734,533,Tak,Nie,Nie,Nie,d,Rozszerzony,9800
32,6,15.02.2021,2351,271,Tak,Nie,Nie,Nie,a,Podstawowy,2910
33,6,15.02.2021,7885,879,Tak,Nie,Nie,Nie,a,Rozszerzony,1320
34,6,15.02.2021,6927,879,Tak,Nie,Nie,Nie,c,Podstawowy,2240
35,6,15.02.2021,7421,626,Tak,Nie,Nie,Nie,d,Rozszerzony,7660
36,6,15.02.2021,9594,1044,Tak,Nie,Nie,Nie,a,Rozszerzony,540
37,6,15.02.2021,8019,909,Tak,Nie,Nie,Nie,c,Podstawowy,4230
38,6,15.02.2021,6591,593,Tak,Nie,Nie,Nie,d,Podstawowy,1090
39,6,15.02.2021,2808,413,Tak,Nie,Nie,Nie,a,Podstawowy,260
40,6,15.02.2021,5440,742,Tak,Nie,Nie,Nie,a,Podstawowy,180
41,6,15.02.2021,4913,380,Tak,Nie,Nie,Nie,d,Rozszerzony,1180
42,6,15.02.2021,8400,957,Tak,Nie,Nie,Nie,a,Rozszerzony,290
43,6,15.02.2021,4953,438,Tak,Nie,Nie,Nie,d,Podstawowy,4880
44,6,15.02.2021,3672,482,Tak,Nie,Nie,Nie,a,Podstawowy,540
45,6,15.02.2021,5350,446,Tak,Nie,Nie,Nie,d,Podstawowy,9710
46,6,15.02.2021,5003,655,Tak,Nie,Nie,Nie,c,Podstawowy,1200
47,6,15.02.2021,5128,715,Tak,Nie,Nie,Nie,a,Rozszerzony,270
48,6,15.02.2021,3210,339,Tak,Nie,Nie,Nie,a,Podstawowy,1060
49,6,15.02.2021,6660,520,Tak,Nie,Nie,Nie,d,Rozszerzony,18010
50,6,15.02.2021,4258,356,Tak,Nie,Nie,Nie,d,Podstawowy,6260
1,5,14.02.2021,4647,591,Tak,Nie,Nie,Nie,c,Podstawowy,1270
2,5,14.02.2021,4324,527,Tak,Nie,Nie,Nie,a,Podstawowy,570
3,5,14.02.2021,6213,753,Tak,Nie,Nie,Nie,a,Podstawowy,14130
4,5,14.02.2021,8877,1275,Tak,Nie,Nie,Nie,c,Rozszerzony,620
5,5,14.02.2021,4431,552,Tak,Nie,Nie,Nie,a,Podstawowy,29910
6,5,14.02.2021,4938,606,Tak,Nie,Nie,Nie,a,Podstawowy,310
7,5,14.02.2021,7808,946,Tak,Nie,Nie,Nie,a,Rozszerzony,24000
8,5,14.02.2021,4423,590,Tak,Nie,Nie,Nie,a,Podstawowy,7520
9,5,14.02.2021,5567,542,Tak,Nie,Nie,Nie,a,Rozszerzony,2030
10,5,14.02.2021,4992,575,Tak,Nie,Nie,Nie,a,Podstawowy,3160
11,5,14.02.2021,7889,1230,Tak,Nie,Nie,Nie,a,Rozszerzony,960
12,5,14.02.2021,5969,809,Tak,Nie,Nie,Nie,a,Rozszerzony,1070
13,5,14.02.2021,4088,354,Tak,Nie,Nie,Nie,d,Podstawowy,310
14,5,14.02.2021,5283,672,Tak,Nie,Nie,Nie,a,Podstawowy,1300
15,5,14.02.2021,6182,678,Tak,Nie,Nie,Nie,d,Rozszerzony,4110
16,5,14.02.2021,8024,948,Tak,Nie,Nie,Nie,a,Rozszerzony,3270
17,5,14.02.2021,5411,769,Tak,Nie,Nie,Nie,a,Podstawowy,50
18,5,14.02.2021,6959,796,Tak,Nie,Nie,Nie,d,Rozszerzony,13840
19,5,14.02.2021,6531,705,Tak,Nie,Nie,Nie,a,Rozszerzony,3240
20,5,14.02.2021,6638,802,Tak,Nie,Nie,Nie,d,Podstawowy,2340
21,5,14.02.2021,4647,513,Tak,Nie,Nie,Nie,c,Rozszerzony,550
22,5,14.02.2021,4269,523,Tak,Nie,Nie,Nie,a,Podstawowy,1040
23,5,14.02.2021,5256,509,Tak,Nie,Nie,Nie,d,Podstawowy,4060
24,5,14.02.2021,9580,896,Tak,Nie,Nie,Nie,a,Rozszerzony,4590
25,5,14.02.2021,24882,2835,Tak,Nie,Nie,Nie,c,Podstawowy,430
26,5,14.02.2021,6172,540,Tak,Nie,Nie,Nie,d,Podstawowy,2300
27,5,14.02.2021,8065,1022,Tak,Nie,Nie,Nie,a,Podstawowy,60
28,5,14.02.2021,5248,604,Tak,Nie,Nie,Nie,a,Podstawowy,1200
29,5,14.02.2021,6565,642,Tak,Nie,Nie,Nie,d,Rozszerzony,2170
30,5,14.02.2021,4359,723,Tak,Nie,Nie,Nie,a,Podstawowy,40
31,5,14.02.2021,5018,604,Tak,Nie,Nie,Nie,d,Rozszerzony,9800
32,5,14.02.2021,3586,476,Tak,Nie,Nie,Nie,a,Podstawowy,2910
33,5,14.02.2021,7361,810,Tak,Nie,Nie,Nie,a,Rozszerzony,1320
34,5,14.02.2021,7300,920,Tak,Nie,Nie,Nie,c,Podstawowy,2240
35,5,14.02.2021,8585,712,Tak,Nie,Nie,Nie,d,Rozszerzony,7660
36,5,14.02.2021,8697,1020,Tak,Nie,Nie,Nie,a,Rozszerzony,540
37,5,14.02.2021,6088,764,Tak,Nie,Nie,Nie,c,Podstawowy,4230
38,5,14.02.2021,4740,471,Tak,Nie,Nie,Nie,d,Podstawowy,1090
39,5,14.02.2021,4195,585,Tak,Nie,Nie,Nie,a,Podstawowy,260
40,5,14.02.2021,3994,560,Tak,Nie,Nie,Nie,a,Podstawowy,180
41,5,14.02.2021,4996,410,Tak,Nie,Nie,Nie,d,Rozszerzony,1180
42,5,14.02.2021,8819,1095,Tak,Nie,Nie,Nie,a,Rozszerzony,290
43,5,14.02.2021,6873,659,Tak,Nie,Nie,Nie,d,Podstawowy,4880
44,5,14.02.2021,4665,622,Tak,Nie,Nie,Nie,a,Podstawowy,540
45,5,14.02.2021,4724,410,Tak,Nie,Nie,Nie,d,Podstawowy,9710
46,5,14.02.2021,4432,620,Tak,Nie,Nie,Nie,c,Podstawowy,1200
47,5,14.02.2021,5567,827,Tak,Nie,Nie,Nie,a,Rozszerzony,270
48,5,14.02.2021,4281,489,Tak,Nie,Nie,Nie,a,Podstawowy,1060
49,5,14.02.2021,7078,563,Tak,Nie,Nie,Nie,d,Rozszerzony,18010
50,5,14.02.2021,3879,338,Tak,Nie,Nie,Nie,d,Podstawowy,6260
1,4,13.02.2021,3638,517,Tak,Nie,Nie,Nie,c,Podstawowy,1270
2,4,13.02.2021,4171,498,Tak,Nie,Nie,Nie,a,Podstawowy,570
3,4,13.02.2021,5132,684,Tak,Nie,Nie,Nie,a,Podstawowy,14130
4,4,13.02.2021,7765,1186,Tak,Nie,Nie,Nie,c,Rozszerzony,620
5,4,13.02.2021,3823,488,Tak,Nie,Nie,Nie,a,Podstawowy,29910
6,4,13.02.2021,4564,572,Tak,Nie,Nie,Nie,a,Podstawowy,310
7,4,13.02.2021,7203,883,Tak,Nie,Nie,Nie,a,Rozszerzony,24000
8,4,13.02.2021,5555,773,Tak,Nie,Nie,Nie,a,Podstawowy,7520
9,4,13.02.2021,5345,501,Tak,Nie,Nie,Nie,a,Rozszerzony,2030
10,4,13.02.2021,4406,550,Tak,Nie,Nie,Nie,a,Podstawowy,3160
11,4,13.02.2021,7280,1186,Tak,Nie,Nie,Nie,a,Rozszerzony,960
12,4,13.02.2021,5870,806,Tak,Nie,Nie,Nie,a,Rozszerzony,1070
13,4,13.02.2021,3405,298,Tak,Nie,Nie,Nie,d,Podstawowy,310
14,4,13.02.2021,4721,587,Tak,Nie,Nie,Nie,a,Podstawowy,1300
15,4,13.02.2021,5213,593,Tak,Nie,Nie,Nie,d,Rozszerzony,4110
16,4,13.02.2021,6120,760,Tak,Nie,Nie,Nie,a,Rozszerzony,3270
17,4,13.02.2021,4707,711,Tak,Nie,Nie,Nie,a,Podstawowy,50
18,4,13.02.2021,5606,648,Tak,Nie,Nie,Nie,d,Rozszerzony,13840
19,4,13.02.2021,5407,622,Tak,Nie,Nie,Nie,a,Rozszerzony,3240
20,4,13.02.2021,8368,988,Tak,Nie,Nie,Nie,d,Podstawowy,2340
21,4,13.02.2021,3479,410,Tak,Nie,Nie,Nie,c,Rozszerzony,550
22,4,13.02.2021,4112,513,Tak,Nie,Nie,Nie,a,Podstawowy,1040
23,4,13.02.2021,3971,398,Tak,Nie,Nie,Nie,d,Podstawowy,4060
24,4,13.02.2021,6900,716,Tak,Nie,Nie,Nie,a,Rozszerzony,4590
25,4,13.02.2021,0,0,Tak,Nie,Nie,Nie,c,Podstawowy,430
26,4,13.02.2021,5637,510,Tak,Nie,Nie,Nie,d,Podstawowy,2300
27,4,13.02.2021,6543,877,Tak,Nie,Nie,Nie,a,Podstawowy,60
28,4,13.02.2021,5399,613,Tak,Nie,Nie,Nie,a,Podstawowy,1200
29,4,13.02.2021,5316,571,Tak,Nie,Nie,Nie,d,Rozszerzony,2170
30,4,13.02.2021,4964,794,Tak,Nie,Nie,Nie,a,Podstawowy,40
31,4,13.02.2021,4677,558,Tak,Nie,Nie,Nie,d,Rozszerzony,9800
32,4,13.02.2021,3288,416,Tak,Nie,Nie,Nie,a,Podstawowy,2910
33,4,13.02.2021,6444,708,Tak,Nie,Nie,Nie,a,Rozszerzony,1320
34,4,13.02.2021,6275,856,Tak,Nie,Nie,Nie,c,Podstawowy,2240
35,4,13.02.2021,6731,628,Tak,Nie,Nie,Nie,d,Rozszerzony,7660
36,4,13.02.2021,8135,1038,Tak,Nie,Nie,Nie,a,Rozszerzony,540
37,4,13.02.2021,5819,695,Tak,Nie,Nie,Nie,c,Podstawowy,4230
38,4,13.02.2021,3795,369,Tak,Nie,Nie,Nie,d,Podstawowy,1090
39,4,13.02.2021,3582,508,Tak,Nie,Nie,Nie,a,Podstawowy,260
40,4,13.02.2021,3341,541,Tak,Nie,Nie,Nie,a,Podstawowy,180
41,4,13.02.2021,3972,355,Tak,Nie,Nie,Nie,d,Rozszerzony,1180
42,4,13.02.2021,7679,952,Tak,Nie,Nie,Nie,a,Rozszerzony,290
43,4,13.02.2021,5559,536,Tak,Nie,Nie,Nie,d,Podstawowy,4880
44,4,13.02.2021,4646,598,Tak,Nie,Nie,Nie,a,Podstawowy,540
45,4,13.02.2021,4473,367,Tak,Nie,Nie,Nie,d,Podstawowy,9710
46,4,13.02.2021,3959,573,Tak,Nie,Nie,Nie,c,Podstawowy,1200
47,4,13.02.2021,5430,807,Tak,Nie,Nie,Nie,a,Rozszerzony,270
48,4,13.02.2021,3194,421,Tak,Nie,Nie,Nie,a,Podstawowy,1060
49,4,13.02.2021,5822,464,Tak,Nie,Nie,Nie,d,Rozszerzony,18010
50,4,13.02.2021,2996,282,Tak,Nie,Nie,Nie,d,Podstawowy,6260
1,3,12.02.2021,3662,508,Tak,Nie,Nie,Nie,c,Podstawowy,1270
2,3,12.02.2021,4848,654,Tak,Nie,Nie,Nie,a,Podstawowy,570
3,3,12.02.2021,5675,710,Tak,Nie,Nie,Nie,a,Podstawowy,14130
4,3,12.02.2021,8244,1214,Tak,Nie,Nie,Nie,c,Rozszerzony,620
5,3,12.02.2021,4475,604,Tak,Nie,Nie,Nie,a,Podstawowy,29910
6,3,12.02.2021,4605,569,Tak,Nie,Nie,Nie,a,Podstawowy,310
7,3,12.02.2021,6626,820,Tak,Nie,Nie,Nie,a,Rozszerzony,24000
8,3,12.02.2021,4076,552,Tak,Nie,Nie,Nie,a,Podstawowy,7520
9,3,12.02.2021,5070,499,Tak,Nie,Nie,Nie,a,Rozszerzony,2030
10,3,12.02.2021,4723,578,Tak,Nie,Nie,Nie,a,Podstawowy,3160
11,3,12.02.2021,6948,1140,Tak,Nie,Nie,Nie,a,Rozszerzony,960
12,3,12.02.2021,5842,825,Tak,Nie,Nie,Nie,a,Rozszerzony,1070
13,3,12.02.2021,2826,267,Tak,Nie,Nie,Nie,d,Podstawowy,310
14,3,12.02.2021,4690,598,Tak,Nie,Nie,Nie,a,Podstawowy,1300
15,3,12.02.2021,4613,555,Tak,Nie,Nie,Nie,d,Rozszerzony,4110
16,3,12.02.2021,7117,941,Tak,Nie,Nie,Nie,a,Rozszerzony,3270
17,3,12.02.2021,5041,765,Tak,Nie,Nie,Nie,a,Podstawowy,50
18,3,12.02.2021,5350,676,Tak,Nie,Nie,Nie,d,Rozszerzony,13840
19,3,12.02.2021,5068,565,Tak,Nie,Nie,Nie,a,Rozszerzony,3240
20,3,12.02.2021,6413,851,Tak,Nie,Nie,Nie,d,Podstawowy,2340
21,3,12.02.2021,3542,400,Tak,Nie,Nie,Nie,c,Rozszerzony,550
22,3,12.02.2021,2954,428,Tak,Nie,Nie,Nie,a,Podstawowy,1040
23,3,12.02.2021,3902,370,Tak,Nie,Nie,Nie,d,Podstawowy,4060
24,3,12.02.2021,7490,756,Tak,Nie,Nie,Nie,a,Rozszerzony,4590
25,3,12.02.2021,0,0,Tak,Nie,Nie,Nie,c,Podstawowy,430
26,3,12.02.2021,3962,402,Tak,Nie,Nie,Nie,d,Podstawowy,2300
27,3,12.02.2021,7376,979,Tak,Nie,Nie,Nie,a,Podstawowy,60
28,3,12.02.2021,4273,540,Tak,Nie,Nie,Tak,a,Podstawowy,1200
29,3,12.02.2021,5526,577,Tak,Nie,Nie,Nie,d,Rozszerzony,2170
30,3,12.02.2021,4893,759,Tak,Nie,Nie,Nie,a,Podstawowy,40
31,3,12.02.2021,4293,492,Tak,Nie,Nie,Nie,d,Rozszerzony,9800
32,3,12.02.2021,3168,428,Tak,Nie,Nie,Nie,a,Podstawowy,2910
33,3,12.02.2021,6289,737,Tak,Nie,Nie,Nie,a,Rozszerzony,1320
34,3,12.02.2021,6053,918,Tak,Nie,Nie,Nie,c,Podstawowy,2240
35,3,12.02.2021,6339,597,Tak,Nie,Nie,Nie,d,Rozszerzony,7660
36,3,12.02.2021,7083,931,Tak,Nie,Nie,Nie,a,Rozszerzony,540
37,3,12.02.2021,4571,560,Tak,Nie,Nie,Tak,c,Podstawowy,4230
38,3,12.02.2021,4109,409,Tak,Nie,Nie,Nie,d,Podstawowy,1090
39,3,12.02.2021,3942,582,Tak,Nie,Nie,Nie,a,Podstawowy,260
40,3,12.02.2021,3807,550,Tak,Nie,Nie,Nie,a,Podstawowy,180
41,3,12.02.2021,4086,316,Tak,Nie,Nie,Nie,d,Rozszerzony,1180
42,3,12.02.2021,9347,1167,Tak,Nie,Nie,Nie,a,Rozszerzony,290
43,3,12.02.2021,5690,580,Tak,Nie,Nie,Nie,d,Podstawowy,4880
44,3,12.02.2021,4358,571,Tak,Nie,Nie,Nie,a,Podstawowy,540
45,3,12.02.2021,3577,333,Tak,Nie,Nie,Nie,d,Podstawowy,9710
46,3,12.02.2021,3324,507,Tak,Nie,Nie,Nie,c,Podstawowy,1200
47,3,12.02.2021,6264,934,Tak,Nie,Nie,Nie,a,Rozszerzony,270
48,3,12.02.2021,4286,502,Tak,Nie,Nie,Nie,a,Podstawowy,1060
49,3,12.02.2021,4732,403,Tak,Nie,Nie,Nie,d,Rozszerzony,18010
50,3,12.02.2021,2808,267,Tak,Nie,Nie,Nie,d,Podstawowy,6260
1,2,11.02.2021,3461,481,Tak,Nie,Nie,Nie,c,Podstawowy,1270
2,2,11.02.2021,4056,532,Tak,Nie,Nie,Nie,a,Podstawowy,570
3,2,11.02.2021,4877,662,Tak,Nie,Nie,Nie,a,Podstawowy,14130
4,2,11.02.2021,7483,1131,Tak,Nie,Nie,Nie,c,Rozszerzony,620
5,2,11.02.2021,3649,505,Tak,Nie,Nie,Nie,a,Podstawowy,29910
6,2,11.02.2021,4535,603,Tak,Nie,Nie,Nie,a,Podstawowy,310
7,2,11.02.2021,7386,926,Tak,Nie,Nie,Nie,a,Rozszerzony,24000
8,2,11.02.2021,4514,635,Tak,Nie,Nie,Nie,a,Podstawowy,7520
9,2,11.02.2021,5051,519,Tak,Nie,Nie,Nie,a,Rozszerzony,2030
10,2,11.02.2021,5372,624,Tak,Nie,Nie,Nie,a,Podstawowy,3160
11,2,11.02.2021,6525,1060,Tak,Nie,Nie,Nie,a,Rozszerzony,960
12,2,11.02.2021,5247,755,Tak,Nie,Nie,Nie,a,Rozszerzony,1070
13,2,11.02.2021,3615,303,Tak,Nie,Nie,Nie,d,Podstawowy,310
14,2,11.02.2021,4804,598,Tak,Nie,Nie,Nie,a,Podstawowy,1300
15,2,11.02.2021,4876,538,Tak,Nie,Nie,Nie,d,Rozszerzony,4110
16,2,11.02.2021,6798,882,Tak,Nie,Nie,Nie,a,Rozszerzony,3270
17,2,11.02.2021,4934,723,Tak,Nie,Nie,Nie,a,Podstawowy,50
18,2,11.02.2021,5427,661,Tak,Nie,Nie,Nie,d,Rozszerzony,13840
19,2,11.02.2021,5822,654,Tak,Nie,Nie,Nie,a,Rozszerzony,3240
20,2,11.02.2021,7586,916,Tak,Nie,Nie,Nie,d,Podstawowy,2340
21,2,11.02.2021,3433,412,Tak,Nie,Nie,Nie,c,Rozszerzony,550
22,2,11.02.2021,3599,488,Tak,Nie,Nie,Nie,a,Podstawowy,1040
23,2,11.02.2021,4036,371,Tak,Nie,Nie,Nie,d,Podstawowy,4060
24,2,11.02.2021,7990,767,Tak,Nie,Nie,Nie,a,Rozszerzony,4590
25,2,11.02.2021,0,0,Nie,Nie,Nie,Nie,c,Podstawowy,430
26,2,11.02.2021,4522,414,Tak,Nie,Nie,Nie,d,Podstawowy,2300
27,2,11.02.2021,7010,926,Tak,Nie,Nie,Nie,a,Podstawowy,60
28,2,11.02.2021,4203,527,Tak,Nie,Nie,Tak,a,Podstawowy,1200
29,2,11.02.2021,5744,560,Tak,Nie,Nie,Nie,d,Rozszerzony,2170
30,2,11.02.2021,5712,892,Tak,Nie,Nie,Nie,a,Podstawowy,40
31,2,11.02.2021,3738,480,Tak,Nie,Nie,Nie,d,Rozszerzony,9800
32,2,11.02.2021,3132,432,Tak,Nie,Nie,Nie,a,Podstawowy,2910
33,2,11.02.2021,7083,756,Tak,Nie,Nie,Nie,a,Rozszerzony,1320
34,2,11.02.2021,6815,930,Tak,Nie,Nie,Nie,c,Podstawowy,2240
35,2,11.02.2021,6645,592,Tak,Nie,Nie,Nie,d,Rozszerzony,7660
36,2,11.02.2021,7431,975,Tak,Nie,Nie,Nie,a,Rozszerzony,540
37,2,11.02.2021,4834,588,Tak,Nie,Nie,Tak,c,Podstawowy,4230
38,2,11.02.2021,4050,425,Tak,Nie,Nie,Nie,d,Podstawowy,1090
39,2,11.02.2021,4198,601,Tak,Nie,Nie,Nie,a,Podstawowy,260
40,2,11.02.2021,3880,572,Tak,Nie,Nie,Nie,a,Podstawowy,180
41,2,11.02.2021,4094,331,Tak,Nie,Nie,Nie,d,Rozszerzony,1180
42,2,11.02.2021,7934,1000,Tak,Nie,Nie,Nie,a,Rozszerzony,290
43,2,11.02.2021,5690,602,Tak,Nie,Nie,Nie,d,Podstawowy,4880
44,2,11.02.2021,4675,603,Tak,Nie,Nie,Nie,a,Podstawowy,540
45,2,11.02.2021,3505,304,Tak,Nie,Nie,Nie,d,Podstawowy,9710
46,2,11.02.2021,3400,534,Tak,Nie,Nie,Nie,c,Podstawowy,1200
47,2,11.02.2021,5512,844,Tak,Nie,Nie,Nie,a,Rozszerzony,270
48,2,11.02.2021,3403,416,Tak,Nie,Nie,Nie,a,Podstawowy,1060
49,2,11.02.2021,5373,429,Tak,Nie,Nie,Nie,d,Rozszerzony,18010
50,2,11.02.2021,2939,256,Tak,Nie,Nie,Nie,d,Podstawowy,6260
1,1,10.02.2021,3591,502,Tak,Nie,Nie,Nie,c,Podstawowy,1270
2,1,10.02.2021,4006,532,Tak,Nie,Nie,Nie,a,Podstawowy,570
3,1,10.02.2021,5396,737,Tak,Nie,Nie,Nie,a,Podstawowy,14130
4,1,10.02.2021,9075,1327,Tak,Nie,Nie,Nie,c,Rozszerzony,620
5,1,10.02.2021,4108,541,Tak,Nie,Nie,Nie,a,Podstawowy,29910
6,1,10.02.2021,4371,602,Tak,Nie,Nie,Nie,a,Podstawowy,310
7,1,10.02.2021,7601,931,Tak,Nie,Nie,Nie,a,Rozszerzony,24000
8,1,10.02.2021,4777,704,Tak,Nie,Nie,Nie,a,Podstawowy,7520
9,1,10.02.2021,5904,573,Tak,Nie,Nie,Nie,a,Rozszerzony,2030
10,1,10.02.2021,4809,613,Tak,Nie,Nie,Nie,a,Podstawowy,3160
11,1,10.02.2021,7435,1216,Tak,Nie,Nie,Nie,a,Rozszerzony,960
12,1,10.02.2021,6235,844,Tak,Nie,Nie,Nie,a,Rozszerzony,1070
13,1,10.02.2021,3360,296,Tak,Nie,Nie,Nie,d,Podstawowy,310
14,1,10.02.2021,5149,641,Tak,Nie,Nie,Nie,a,Podstawowy,1300
15,1,10.02.2021,5276,636,Tak,Nie,Nie,Nie,d,Rozszerzony,4110
16,1,10.02.2021,6696,871,Tak,Nie,Nie,Nie,a,Rozszerzony,3270
17,1,10.02.2021,4796,734,Tak,Nie,Nie,Nie,a,Podstawowy,50
18,1,10.02.2021,5712,698,Tak,Nie,Nie,Nie,d,Rozszerzony,13840
19,1,10.02.2021,6435,698,Tak,Nie,Nie,Nie,a,Rozszerzony,3240
20,1,10.02.2021,7399,892,Tak,Nie,Nie,Nie,d,Podstawowy,2340
21,1,10.02.2021,4235,445,Tak,Nie,Nie,Nie,c,Rozszerzony,550
22,1,10.02.2021,4073,489,Tak,Nie,Nie,Nie,a,Podstawowy,1040
23,1,10.02.2021,4403,411,Tak,Nie,Nie,Nie,d,Podstawowy,4060
24,1,10.02.2021,8220,838,Tak,Nie,Nie,Nie,a,Rozszerzony,4590
25,1,10.02.2021,0,0,Nie,Nie,Nie,Nie,c,Podstawowy,430
26,1,10.02.2021,4169,426,Tak,Nie,Nie,Nie,d,Podstawowy,2300
27,1,10.02.2021,8103,1071,Tak,Nie,Nie,Nie,a,Podstawowy,60
28,1,10.02.2021,4490,576,Tak,Nie,Nie,Tak,a,Podstawowy,1200
29,1,10.02.2021,5603,566,Tak,Nie,Nie,Nie,d,Rozszerzony,2170
30,1,10.02.2021,4841,762,Tak,Nie,Nie,Nie,a,Podstawowy,40
31,1,10.02.2021,3840,500,Tak,Nie,Nie,Nie,d,Rozszerzony,9800
32,1,10.02.2021,3577,449,Tak,Nie,Nie,Nie,a,Podstawowy,2910
33,1,10.02.2021,7958,838,Tak,Nie,Nie,Nie,a,Rozszerzony,1320
34,1,10.02.2021,7529,1022,Tak,Nie,Nie,Nie,c,Podstawowy,2240
35,1,10.02.2021,7615,676,Tak,Nie,Nie,Nie,d,Rozszerzony,7660
36,1,10.02.2021,8515,1062,Tak,Nie,Nie,Nie,a,Rozszerzony,540
37,1,10.02.2021,4912,587,Tak,Nie,Nie,Tak,c,Podstawowy,4230
38,1,10.02.2021,4733,448,Tak,Nie,Nie,Nie,d,Podstawowy,1090
39,1,10.02.2021,4366,657,Tak,Nie,Nie,Nie,a,Podstawowy,260
40,1,10.02.2021,3050,498,Tak,Nie,Nie,Nie,a,Podstawowy,180
41,1,10.02.2021,4466,373,Tak,Nie,Nie,Nie,d,Rozszerzony,1180
42,1,10.02.2021,9458,1164,Tak,Nie,Nie,Nie,a,Rozszerzony,290
43,1,10.02.2021,6189,587,Tak,Nie,Nie,Nie,d,Podstawowy,4880
44,1,10.02.2021,4626,610,Tak,Nie,Nie,Nie,a,Podstawowy,540
45,1,10.02.2021,4193,352,Tak,Nie,Nie,Nie,d,Podstawowy,9710
46,1,10.02.2021,4048,573,Tak,Nie,Nie,Nie,c,Podstawowy,1200
47,1,10.02.2021,6552,949,Tak,Nie,Nie,Nie,a,Rozszerzony,270
48,1,10.02.2021,3767,458,Tak,Nie,Nie,Nie,a,Podstawowy,1060
49,1,10.02.2021,5243,437,Tak,Nie,Nie,Nie,d,Rozszerzony,18010
50,1,10.02.2021,3128,300,Tak,Nie,Nie,Nie,d,Podstawowy,6260
1,7,09.02.2021,0,0,Nie,Nie,Nie,Nie,c,Podstawowy,1270
2,7,09.02.2021,0,0,Nie,Nie,Nie,Nie,a,Podstawowy,570
3,7,09.02.2021,0,0,Nie,Nie,Nie,Nie,a,Podstawowy,14130
4,7,09.02.2021,0,0,Nie,Nie,Nie,Nie,c,Rozszerzony,620
5,7,09.02.2021,0,0,Nie,Nie,Nie,Nie,a,Podstawowy,29910
6,7,09.02.2021,0,0,Nie,Nie,Nie,Nie,a,Podstawowy,310
7,7,09.02.2021,0,0,Nie,Nie,Nie,Nie,a,Rozszerzony,24000
8,7,09.02.2021,0,0,Nie,Nie,Nie,Nie,a,Podstawowy,7520
9,7,09.02.2021,0,0,Nie,Nie,Nie,Nie,a,Rozszerzony,2030
10,7,09.02.2021,0,0,Nie,Nie,Nie,Nie,a,Podstawowy,3160
11,7,09.02.2021,0,0,Nie,Nie,Nie,Nie,a,Rozszerzony,960
12,7,09.02.2021,0,0,Nie,Nie,Nie,Nie,a,Rozszerzony,1070
13,7,09.02.2021,0,0,Nie,Nie,Nie,Nie,d,Podstawowy,310
14,7,09.02.2021,0,0,Nie,Nie,Nie,Nie,a,Podstawowy,1300
15,7,09.02.2021,0,0,Nie,Nie,Nie,Nie,d,Rozszerzony,4110
16,7,09.02.2021,0,0,Nie,Nie,Nie,Nie,a,Rozszerzony,3270
17,7,09.02.2021,0,0,Nie,Nie,Nie,Nie,a,Podstawowy,50
18,7,09.02.2021,0,0,Nie,Nie,Nie,Nie,d,Rozszerzony,13840
19,7,09.02.2021,0,0,Nie,Nie,Nie,Nie,a,Rozszerzony,3240
20,7,09.02.2021,0,0,Nie,Nie,Nie,Nie,d,Podstawowy,2340
21,7,09.02.2021,0,0,Nie,Nie,Nie,Nie,c,Rozszerzony,550
22,7,09.02.2021,0,0,Nie,Nie,Nie,Nie,a,Podstawowy,1040
23,7,09.02.2021,0,0,Nie,Nie,Nie,Nie,d,Podstawowy,4060
24,7,09.02.2021,0,0,Nie,Nie,Nie,Nie,a,Rozszerzony,4590
25,7,09.02.2021,0,0,Nie,Nie,Nie,Nie,c,Podstawowy,430
26,7,09.02.2021,0,0,Nie,Nie,Nie,Nie,d,Podstawowy,2300
27,7,09.02.2021,0,0,Nie,Nie,Nie,Nie,a,Podstawowy,60
28,7,09.02.2021,0,0,Nie,Nie,Nie,Nie,a,Podstawowy,1200
29,7,09.02.2021,0,0,Nie,Nie,Nie,Nie,d,Rozszerzony,2170
30,7,09.02.2021,0,0,Nie,Nie,Nie,Nie,a,Podstawowy,40
31,7,09.02.2021,0,0,Nie,Nie,Nie,Nie,d,Rozszerzony,9800
32,7,09.02.2021,0,0,Nie,Nie,Nie,Nie,a,Podstawowy,2910
33,7,09.02.2021,0,0,Nie,Nie,Nie,Nie,a,Rozszerzony,1320
34,7,09.02.2021,0,0,Nie,Nie,Nie,Nie,c,Podstawowy,2240
35,7,09.02.2021,0,0,Nie,Nie,Nie,Nie,d,Rozszerzony,7660
36,7,09.02.2021,0,0,Nie,Nie,Nie,Nie,a,Rozszerzony,540
37,7,09.02.2021,0,0,Nie,Nie,Nie,Nie,c,Podstawowy,4230
38,7,09.02.2021,0,0,Nie,Nie,Nie,Nie,d,Podstawowy,1090
39,7,09.02.2021,0,0,Nie,Nie,Nie,Nie,a,Podstawowy,260
40,7,09.02.2021,0,0,Nie,Nie,Nie,Nie,a,Podstawowy,180
41,7,09.02.2021,0,0,Nie,Nie,Nie,Nie,d,Rozszerzony,1180
42,7,09.02.2021,0,0,Nie,Nie,Nie,Nie,a,Rozszerzony,290
43,7,09.02.2021,0,0,Nie,Nie,Nie,Nie,d,Podstawowy,4880
44,7,09.02.2021,0,0,Nie,Nie,Nie,Nie,a,Podstawowy,540
45,7,09.02.2021,0,0,Nie,Nie,Nie,Nie,d,Podstawowy,9710
46,7,09.02.2021,0,0,Nie,Nie,Nie,Nie,c,Podstawowy,1200
47,7,09.02.2021,0,0,Nie,Nie,Nie,Nie,a,Rozszerzony,270
48,7,09.02.2021,0,0,Nie,Nie,Nie,Nie,a,Podstawowy,1060
49,7,09.02.2021,0,0,Nie,Nie,Nie,Nie,d,Rozszerzony,18010
50,7,09.02.2021,0,0,Nie,Nie,Nie,Nie,d,Podstawowy,6260
1,6,08.02.2021,4726,620,Tak,Nie,Nie,Nie,c,Podstawowy,1270
2,6,08.02.2021,2484,331,Tak,Nie,Nie,Nie,a,Podstawowy,570
3,6,08.02.2021,4369,457,Tak,Nie,Nie,Nie,a,Podstawowy,14130
4,6,08.02.2021,9842,1434,Tak,Nie,Nie,Nie,c,Rozszerzony,620
5,6,08.02.2021,1910,223,Tak,Nie,Nie,Nie,a,Podstawowy,29910
6,6,08.02.2021,3496,403,Tak,Nie,Nie,Nie,a,Podstawowy,310
7,6,08.02.2021,5425,588,Tak,Nie,Nie,Nie,a,Rozszerzony,24000
8,6,08.02.2021,2804,357,Tak,Nie,Nie,Nie,a,Podstawowy,7520
9,6,08.02.2021,5729,544,Tak,Nie,Nie,Nie,a,Rozszerzony,2030
10,6,08.02.2021,4802,547,Tak,Nie,Nie,Nie,a,Podstawowy,3160
11,6,08.02.2021,6504,919,Tak,Nie,Nie,Nie,a,Rozszerzony,960
12,6,08.02.2021,6266,782,Tak,Nie,Nie,Nie,a,Rozszerzony,1070
13,6,08.02.2021,4982,409,Tak,Nie,Nie,Nie,d,Podstawowy,310
14,6,08.02.2021,3325,391,Tak,Nie,Nie,Nie,a,Podstawowy,1300
15,6,08.02.2021,5671,628,Tak,Nie,Nie,Nie,d,Rozszerzony,4110
16,6,08.02.2021,5250,591,Tak,Nie,Nie,Nie,a,Rozszerzony,3270
17,6,08.02.2021,2781,365,Tak,Nie,Nie,Nie,a,Podstawowy,50
18,6,08.02.2021,4453,499,Tak,Nie,Nie,Nie,d,Rozszerzony,13840
19,6,08.02.2021,3767,361,Tak,Nie,Nie,Nie,a,Rozszerzony,3240
20,6,08.02.2021,5199,539,Tak,Nie,Nie,Nie,d,Podstawowy,2340
21,6,08.02.2021,5598,596,Tak,Nie,Nie,Nie,c,Rozszerzony,550
22,6,08.02.2021,3442,384,Tak,Nie,Nie,Nie,a,Podstawowy,1040
23,6,08.02.2021,5023,443,Tak,Nie,Nie,Nie,d,Podstawowy,4060
24,6,08.02.2021,7122,678,Tak,Nie,Nie,Nie,a,Rozszerzony,4590
25,6,08.02.2021,0,0,Nie,Nie,Nie,Nie,c,Podstawowy,430
26,6,08.02.2021,6703,609,Tak,Nie,Nie,Nie,d,Podstawowy,2300
27,6,08.02.2021,7428,874,Tak,Nie,Nie,Nie,a,Podstawowy,60
28,6,08.02.2021,2254,292,Tak,Nie,Nie,Nie,a,Podstawowy,1200
29,6,08.02.2021,7785,687,Tak,Nie,Nie,Nie,d,Rozszerzony,2170
30,6,08.02.2021,5163,872,Tak,Nie,Nie,Nie,a,Podstawowy,40
31,6,08.02.2021,5463,601,Tak,Nie,Nie,Nie,d,Rozszerzony,9800
32,6,08.02.2021,2277,289,Tak,Nie,Nie,Nie,a,Podstawowy,2910
33,6,08.02.2021,8422,937,Tak,Nie,Nie,Nie,a,Rozszerzony,1320
34,6,08.02.2021,6859,912,Tak,Nie,Nie,Nie,c,Podstawowy,2240
35,6,08.02.2021,8249,650,Tak,Nie,Nie,Nie,d,Rozszerzony,7660
36,6,08.02.2021,8624,1062,Tak,Nie,Nie,Nie,a,Rozszerzony,540
37,6,08.02.2021,7791,914,Tak,Nie,Nie,Nie,c,Podstawowy,4230
38,6,08.02.2021,5728,573,Tak,Nie,Nie,Nie,d,Podstawowy,1090
39,6,08.02.2021,2673,400,Tak,Nie,Nie,Nie,a,Podstawowy,260
40,6,08.02.2021,5716,763,Tak,Nie,Nie,Nie,a,Podstawowy,180
41,6,08.02.2021,4833,416,Tak,Nie,Nie,Nie,d,Rozszerzony,1180
42,6,08.02.2021,8262,918,Tak,Nie,Nie,Nie,a,Rozszerzony,290
43,6,08.02.2021,5176,474,Tak,Nie,Nie,Nie,d,Podstawowy,4880
44,6,08.02.2021,3758,476,Tak,Nie,Nie,Nie,a,Podstawowy,540
45,6,08.02.2021,5388,488,Tak,Nie,Nie,Nie,d,Podstawowy,9710
46,6,08.02.2021,5084,683,Tak,Nie,Nie,Nie,c,Podstawowy,1200
47,6,08.02.2021,5051,752,Tak,Nie,Nie,Nie,a,Rozszerzony,270
48,6,08.02.2021,3119,340,Tak,Nie,Nie,Nie,a,Podstawowy,1060
49,6,08.02.2021,7583,600,Tak,Nie,Nie,Nie,d,Rozszerzony,18010
50,6,08.02.2021,4331,389,Tak,Nie,Nie,Nie,d,Podstawowy,6260
1,5,07.02.2021,5596,636,Tak,Tak,Nie,Nie,c,Podstawowy,1270
2,5,07.02.2021,4848,565,Tak,Tak,Nie,Nie,a,Podstawowy,570
3,5,07.02.2021,7198,767,Tak,Tak,Nie,Nie,a,Podstawowy,14130
4,5,07.02.2021,9571,1386,Tak,Tak,Nie,Tak,c,Rozszerzony,620
5,5,07.02.2021,5492,594,Tak,Tak,Nie,Nie,a,Podstawowy,29910
6,5,07.02.2021,5896,639,Tak,Tak,Nie,Nie,a,Podstawowy,310
7,5,07.02.2021,8305,899,Tak,Tak,Nie,Nie,a,Rozszerzony,24000
8,5,07.02.2021,5145,573,Tak,Tak,Nie,Nie,a,Podstawowy,7520
9,5,07.02.2021,6345,512,Tak,Tak,Nie,Nie,a,Rozszerzony,2030
10,5,07.02.2021,4686,523,Tak,Tak,Nie,Nie,a,Podstawowy,3160
11,5,07.02.2021,7056,1011,Tak,Tak,Nie,Nie,a,Rozszerzony,960
12,5,07.02.2021,7479,837,Tak,Tak,Nie,Nie,a,Rozszerzony,1070
13,5,07.02.2021,5641,428,Tak,Tak,Nie,Nie,d,Podstawowy,310
14,5,07.02.2021,5810,646,Tak,Tak,Nie,Nie,a,Podstawowy,1300
15,5,07.02.2021,7471,721,Tak,Tak,Nie,Nie,d,Rozszerzony,4110
16,5,07.02.2021,8218,914,Tak,Tak,Nie,Nie,a,Rozszerzony,3270
17,5,07.02.2021,6841,879,Tak,Tak,Nie,Nie,a,Podstawowy,50
18,5,07.02.2021,7466,861,Tak,Tak,Nie,Nie,d,Rozszerzony,13840
19,5,07.02.2021,7140,668,Tak,Tak,Nie,Nie,a,Rozszerzony,3240
20,5,07.02.2021,7662,807,Tak,Tak,Nie,Nie,d,Podstawowy,2340
21,5,07.02.2021,7313,656,Tak,Tak,Nie,Nie,c,Rozszerzony,550
22,5,07.02.2021,5517,608,Tak,Tak,Nie,Nie,a,Podstawowy,1040
23,5,07.02.2021,6170,499,Tak,Tak,Nie,Nie,d,Podstawowy,4060
24,5,07.02.2021,9884,838,Tak,Tak,Nie,Nie,a,Rozszerzony,4590
25,5,07.02.2021,0,0,Nie,Tak,Nie,Nie,c,Podstawowy,430
26,5,07.02.2021,7466,611,Tak,Tak,Nie,Nie,d,Podstawowy,2300
27,5,07.02.2021,9747,1094,Tak,Tak,Nie,Nie,a,Podstawowy,60
28,5,07.02.2021,5454,592,Tak,Tak,Nie,Tak,a,Podstawowy,1200
29,5,07.02.2021,6694,603,Tak,Tak,Nie,Nie,d,Rozszerzony,2170
30,5,07.02.2021,4845,710,Tak,Tak,Nie,Nie,a,Podstawowy,40
31,5,07.02.2021,6433,649,Tak,Tak,Nie,Nie,d,Rozszerzony,9800
32,5,07.02.2021,4411,501,Tak,Tak,Nie,Nie,a,Podstawowy,2910
33,5,07.02.2021,8477,836,Tak,Tak,Nie,Nie,a,Rozszerzony,1320
34,5,07.02.2021,7959,1014,Tak,Tak,Nie,Tak,c,Podstawowy,2240
35,5,07.02.2021,10251,778,Tak,Tak,Nie,Nie,d,Rozszerzony,7660
36,5,07.02.2021,10226,1107,Tak,Tak,Nie,Nie,a,Rozszerzony,540
37,5,07.02.2021,7199,816,Tak,Tak,Nie,Tak,c,Podstawowy,4230
38,5,07.02.2021,5916,538,Tak,Tak,Nie,Nie,d,Podstawowy,1090
39,5,07.02.2021,5307,645,Tak,Tak,Nie,Nie,a,Podstawowy,260
40,5,07.02.2021,4082,525,Tak,Tak,Nie,Nie,a,Podstawowy,180
41,5,07.02.2021,5418,416,Tak,Tak,Nie,Nie,d,Rozszerzony,1180
42,5,07.02.2021,9532,1020,Tak,Tak,Nie,Nie,a,Rozszerzony,290
43,5,07.02.2021,8308,689,Tak,Tak,Nie,Nie,d,Podstawowy,4880
44,5,07.02.2021,5573,677,Tak,Tak,Nie,Tak,a,Podstawowy,540
45,5,07.02.2021,6460,467,Tak,Tak,Nie,Nie,d,Podstawowy,9710
46,5,07.02.2021,5637,716,Tak,Tak,Nie,Nie,c,Podstawowy,1200
47,5,07.02.2021,6958,856,Tak,Tak,Nie,Nie,a,Rozszerzony,270
48,5,07.02.2021,4600,464,Tak,Tak,Nie,Nie,a,Podstawowy,1060
49,5,07.02.2021,8489,622,Tak,Tak,Nie,Nie,d,Rozszerzony,18010
50,5,07.02.2021,4554,372,Tak,Tak,Nie,Nie,d,Podstawowy,6260
1,4,06.02.2021,4823,557,Tak,Tak,Nie,Nie,c,Podstawowy,1270
2,4,06.02.2021,6012,670,Tak,Tak,Nie,Nie,a,Podstawowy,570
3,4,06.02.2021,7920,828,Tak,Tak,Nie,Nie,a,Podstawowy,14130
4,4,06.02.2021,9589,1347,Tak,Tak,Nie,Tak,c,Rozszerzony,620
5,4,06.02.2021,5266,567,Tak,Tak,Nie,Nie,a,Podstawowy,29910
6,4,06.02.2021,5168,607,Tak,Tak,Nie,Nie,a,Podstawowy,310
7,4,06.02.2021,8461,903,Tak,Tak,Nie,Nie,a,Rozszerzony,24000
8,4,06.02.2021,6649,829,Tak,Tak,Nie,Nie,a,Podstawowy,7520
9,4,06.02.2021,7008,596,Tak,Tak,Nie,Nie,a,Rozszerzony,2030
10,4,06.02.2021,6034,603,Tak,Tak,Nie,Nie,a,Podstawowy,3160
11,4,06.02.2021,7349,1096,Tak,Tak,Nie,Nie,a,Rozszerzony,960
12,4,06.02.2021,9247,964,Tak,Tak,Nie,Nie,a,Rozszerzony,1070
13,4,06.02.2021,5121,405,Tak,Tak,Nie,Nie,d,Podstawowy,310
14,4,06.02.2021,5947,682,Tak,Tak,Nie,Nie,a,Podstawowy,1300
15,4,06.02.2021,6509,622,Tak,Tak,Nie,Nie,d,Rozszerzony,4110
16,4,06.02.2021,8618,1011,Tak,Tak,Nie,Nie,a,Rozszerzony,3270
17,4,06.02.2021,7089,850,Tak,Tak,Nie,Nie,a,Podstawowy,50
18,4,06.02.2021,6621,760,Tak,Tak,Nie,Nie,d,Rozszerzony,13840
19,4,06.02.2021,7410,718,Tak,Tak,Nie,Nie,a,Rozszerzony,3240
20,4,06.02.2021,9529,1081,Tak,Tak,Nie,Nie,d,Podstawowy,2340
21,4,06.02.2021,6954,629,Tak,Tak,Nie,Nie,c,Rozszerzony,550
22,4,06.02.2021,4161,508,Tak,Tak,Nie,Nie,a,Podstawowy,1040
23,4,06.02.2021,5544,488,Tak,Tak,Nie,Nie,d,Podstawowy,4060
24,4,06.02.2021,10089,908,Tak,Tak,Nie,Nie,a,Rozszerzony,4590
25,4,06.02.2021,0,0,Nie,Tak,Nie,Nie,c,Podstawowy,430
26,4,06.02.2021,8049,658,Tak,Tak,Nie,Nie,d,Podstawowy,2300
27,4,06.02.2021,10030,1116,Tak,Tak,Nie,Nie,a,Podstawowy,60
28,4,06.02.2021,6432,678,Tak,Tak,Nie,Tak,a,Podstawowy,1200
29,4,06.02.2021,7135,673,Tak,Tak,Nie,Nie,d,Rozszerzony,2170
30,4,06.02.2021,7610,1061,Tak,Tak,Nie,Nie,a,Podstawowy,40
31,4,06.02.2021,5902,575,Tak,Tak,Nie,Nie,d,Rozszerzony,9800
32,4,06.02.2021,4709,574,Tak,Tak,Nie,Nie,a,Podstawowy,2910
33,4,06.02.2021,8568,863,Tak,Tak,Nie,Nie,a,Rozszerzony,1320
34,4,06.02.2021,7344,930,Tak,Tak,Nie,Tak,c,Podstawowy,2240
35,4,06.02.2021,10814,801,Tak,Tak,Nie,Nie,d,Rozszerzony,7660
36,4,06.02.2021,9553,1137,Tak,Tak,Nie,Nie,a,Rozszerzony,540
37,4,06.02.2021,8110,854,Tak,Tak,Nie,Tak,c,Podstawowy,4230
38,4,06.02.2021,7430,584,Tak,Tak,Nie,Nie,d,Podstawowy,1090
39,4,06.02.2021,5477,758,Tak,Tak,Nie,Nie,a,Podstawowy,260
40,4,06.02.2021,5318,721,Tak,Tak,Nie,Nie,a,Podstawowy,180
41,4,06.02.2021,5984,435,Tak,Tak,Nie,Nie,d,Rozszerzony,1180
42,4,06.02.2021,10428,1130,Tak,Tak,Nie,Nie,a,Rozszerzony,290
43,4,06.02.2021,7521,674,Tak,Tak,Nie,Nie,d,Podstawowy,4880
44,4,06.02.2021,5818,683,Tak,Tak,Nie,Tak,a,Podstawowy,540
45,4,06.02.2021,6071,456,Tak,Tak,Nie,Nie,d,Podstawowy,9710
46,4,06.02.2021,6249,728,Tak,Tak,Nie,Nie,c,Podstawowy,1200
47,4,06.02.2021,7452,952,Tak,Tak,Nie,Nie,a,Rozszerzony,270
48,4,06.02.2021,4416,480,Tak,Tak,Nie,Nie,a,Podstawowy,1060
49,4,06.02.2021,6979,522,Tak,Tak,Nie,Nie,d,Rozszerzony,18010
50,4,06.02.2021,4611,370,Tak,Tak,Nie,Nie,d,Podstawowy,6260
1,3,05.02.2021,5031,581,Tak,Tak,Nie,Nie,c,Podstawowy,1270
2,3,05.02.2021,7198,820,Tak,Tak,Nie,Nie,a,Podstawowy,570
3,3,05.02.2021,8124,834,Tak,Tak,Nie,Nie,a,Podstawowy,14130
4,3,05.02.2021,10046,1386,Tak,Tak,Nie,Tak,c,Rozszerzony,620
5,3,05.02.2021,6486,700,Tak,Tak,Nie,Nie,a,Podstawowy,29910
6,3,05.02.2021,6017,695,Tak,Tak,Nie,Nie,a,Podstawowy,310
7,3,05.02.2021,8998,922,Tak,Tak,Nie,Nie,a,Rozszerzony,24000
8,3,05.02.2021,6595,757,Tak,Tak,Nie,Nie,a,Podstawowy,7520
9,3,05.02.2021,7514,643,Tak,Tak,Nie,Nie,a,Rozszerzony,2030
10,3,05.02.2021,5062,590,Tak,Tak,Nie,Nie,a,Podstawowy,3160
11,3,05.02.2021,9024,1219,Tak,Tak,Nie,Nie,a,Rozszerzony,960
12,3,05.02.2021,9489,1036,Tak,Tak,Nie,Nie,a,Rozszerzony,1070
13,3,05.02.2021,6058,441,Tak,Tak,Nie,Nie,d,Podstawowy,310
14,3,05.02.2021,5842,634,Tak,Tak,Nie,Nie,a,Podstawowy,1300
15,3,05.02.2021,7593,665,Tak,Tak,Nie,Nie,d,Rozszerzony,4110
16,3,05.02.2021,8487,915,Tak,Tak,Nie,Nie,a,Rozszerzony,3270
17,3,05.02.2021,8126,926,Tak,Tak,Nie,Nie,a,Podstawowy,50
18,3,05.02.2021,7434,826,Tak,Tak,Nie,Nie,d,Rozszerzony,13840
19,3,05.02.2021,7119,708,Tak,Tak,Nie,Nie,a,Rozszerzony,3240
20,3,05.02.2021,8352,964,Tak,Tak,Nie,Nie,d,Podstawowy,2340
21,3,05.02.2021,6339,582,Tak,Tak,Nie,Nie,c,Rozszerzony,550
22,3,05.02.2021,4805,505,Tak,Tak,Nie,Nie,a,Podstawowy,1040
23,3,05.02.2021,6132,465,Tak,Tak,Nie,Nie,d,Podstawowy,4060
24,3,05.02.2021,11179,973,Tak,Tak,Nie,Nie,a,Rozszerzony,4590
25,3,05.02.2021,0,0,Nie,Tak,Nie,Nie,c,Podstawowy,430
26,3,05.02.2021,7733,555,Tak,Tak,Nie,Nie,d,Podstawowy,2300
27,3,05.02.2021,11685,1189,Tak,Tak,Nie,Nie,a,Podstawowy,60
28,3,05.02.2021,5635,603,Tak,Tak,Nie,Tak,a,Podstawowy,1200
29,3,05.02.2021,7699,684,Tak,Tak,Nie,Nie,d,Rozszerzony,2170
30,3,05.02.2021,6529,937,Tak,Tak,Nie,Nie,a,Podstawowy,40
31,3,05.02.2021,5940,578,Tak,Tak,Nie,Nie,d,Rozszerzony,9800
32,3,05.02.2021,4577,508,Tak,Tak,Nie,Nie,a,Podstawowy,2910
33,3,05.02.2021,9160,838,Tak,Tak,Nie,Nie,a,Rozszerzony,1320
34,3,05.02.2021,7865,974,Tak,Tak,Nie,Tak,c,Podstawowy,2240
35,3,05.02.2021,11133,736,Tak,Tak,Nie,Nie,d,Rozszerzony,7660
36,3,05.02.2021,9588,1110,Tak,Tak,Nie,Nie,a,Rozszerzony,540
37,3,05.02.2021,7061,722,Tak,Tak,Nie,Tak,c,Podstawowy,4230
38,3,05.02.2021,6337,529,Tak,Tak,Nie,Nie,d,Podstawowy,1090
39,3,05.02.2021,6837,791,Tak,Tak,Nie,Nie,a,Podstawowy,260
40,3,05.02.2021,5184,650,Tak,Tak,Nie,Nie,a,Podstawowy,180
41,3,05.02.2021,5495,403,Tak,Tak,Nie,Nie,d,Rozszerzony,1180
42,3,05.02.2021,11022,1206,Tak,Tak,Nie,Nie,a,Rozszerzony,290
43,3,05.02.2021,8601,714,Tak,Tak,Nie,Nie,d,Podstawowy,4880
44,3,05.02.2021,6246,681,Tak,Tak,Nie,Tak,a,Podstawowy,540
45,3,05.02.2021,5578,386,Tak,Tak,Nie,Nie,d,Podstawowy,9710
46,3,05.02.2021,6398,743,Tak,Tak,Nie,Nie,c,Podstawowy,1200
47,3,05.02.2021,8346,1080,Tak,Tak,Nie,Nie,a,Rozszerzony,270
48,3,05.02.2021,4588,494,Tak,Tak,Nie,Nie,a,Podstawowy,1060
49,3,05.02.2021,7869,526,Tak,Tak,Nie,Nie,d,Rozszerzony,18010
50,3,05.02.2021,4572,340,Tak,Tak,Nie,Nie,d,Podstawowy,6260
1,2,04.02.2021,5540,602,Tak,Tak,Nie,Nie,c,Podstawowy,1270
2,2,04.02.2021,7036,671,Tak,Tak,Nie,Nie,a,Podstawowy,570
3,2,04.02.2021,10084,914,Tak,Tak,Nie,Nie,a,Podstawowy,14130
4,2,04.02.2021,10795,1546,Tak,Tak,Nie,Tak,c,Rozszerzony,620
5,2,04.02.2021,6979,680,Tak,Tak,Nie,Nie,a,Podstawowy,29910
6,2,04.02.2021,6322,673,Tak,Tak,Nie,Nie,a,Podstawowy,310
7,2,04.02.2021,11358,1136,Tak,Tak,Nie,Nie,a,Rozszerzony,24000
8,2,04.02.2021,7493,803,Tak,Tak,Nie,Nie,a,Podstawowy,7520
9,2,04.02.2021,8236,676,Tak,Tak,Nie,Nie,a,Rozszerzony,2030
10,2,04.02.2021,6471,658,Tak,Tak,Nie,Nie,a,Podstawowy,3160
11,2,04.02.2021,10377,1316,Tak,Tak,Nie,Nie,a,Rozszerzony,960
12,2,04.02.2021,10321,1019,Tak,Tak,Nie,Nie,a,Rozszerzony,1070
13,2,04.02.2021,7083,491,Tak,Tak,Nie,Nie,d,Podstawowy,310
14,2,04.02.2021,6832,758,Tak,Tak,Nie,Nie,a,Podstawowy,1300
15,2,04.02.2021,8122,727,Tak,Tak,Nie,Nie,d,Rozszerzony,4110
16,2,04.02.2021,9433,1038,Tak,Tak,Nie,Nie,a,Rozszerzony,3270
17,2,04.02.2021,9030,1017,Tak,Tak,Nie,Nie,a,Podstawowy,50
18,2,04.02.2021,8001,810,Tak,Tak,Nie,Nie,d,Rozszerzony,13840
19,2,04.02.2021,8518,807,Tak,Tak,Nie,Nie,a,Rozszerzony,3240
20,2,04.02.2021,9374,1000,Tak,Tak,Nie,Nie,d,Podstawowy,2340
21,2,04.02.2021,7570,625,Tak,Tak,Nie,Nie,c,Rozszerzony,550
22,2,04.02.2021,5457,559,Tak,Tak,Nie,Nie,a,Podstawowy,1040
23,2,04.02.2021,6959,558,Tak,Tak,Nie,Nie,d,Podstawowy,4060
24,2,04.02.2021,12417,1047,Tak,Tak,Nie,Nie,a,Rozszerzony,4590
25,2,04.02.2021,0,0,Nie,Tak,Nie,Nie,c,Podstawowy,430
26,2,04.02.2021,8248,633,Tak,Tak,Nie,Nie,d,Podstawowy,2300
27,2,04.02.2021,13475,1347,Tak,Tak,Nie,Nie,a,Podstawowy,60
28,2,04.02.2021,7488,764,Tak,Tak,Nie,Tak,a,Podstawowy,1200
29,2,04.02.2021,9181,787,Tak,Tak,Nie,Nie,d,Rozszerzony,2170
30,2,04.02.2021,8131,1105,Tak,Tak,Nie,Nie,a,Podstawowy,40
31,2,04.02.2021,6445,610,Tak,Tak,Nie,Nie,d,Rozszerzony,9800
32,2,04.02.2021,6226,628,Tak,Tak,Nie,Nie,a,Podstawowy,2910
33,2,04.02.2021,10151,907,Tak,Tak,Nie,Nie,a,Rozszerzony,1320
34,2,04.02.2021,9349,1075,Tak,Tak,Nie,Tak,c,Podstawowy,2240
35,2,04.02.2021,11874,844,Tak,Tak,Nie,Nie,d,Rozszerzony,7660
36,2,04.02.2021,9983,1174,Tak,Tak,Nie,Nie,a,Rozszerzony,540
37,2,04.02.2021,7279,774,Tak,Tak,Nie,Tak,c,Podstawowy,4230
38,2,04.02.2021,8417,644,Tak,Tak,Nie,Nie,d,Podstawowy,1090
39,2,04.02.2021,7871,893,Tak,Tak,Nie,Nie,a,Podstawowy,260
40,2,04.02.2021,5864,743,Tak,Tak,Nie,Nie,a,Podstawowy,180
41,2,04.02.2021,6952,458,Tak,Tak,Nie,Nie,d,Rozszerzony,1180
42,2,04.02.2021,12718,1275,Tak,Tak,Nie,Nie,a,Rozszerzony,290
43,2,04.02.2021,9153,727,Tak,Tak,Nie,Nie,d,Podstawowy,4880
44,2,04.02.2021,7044,775,Tak,Tak,Nie,Tak,a,Podstawowy,540
45,2,04.02.2021,5046,369,Tak,Tak,Nie,Nie,d,Podstawowy,9710
46,2,04.02.2021,7064,754,Tak,Tak,Nie,Nie,c,Podstawowy,1200
47,2,04.02.2021,8828,1115,Tak,Tak,Nie,Nie,a,Rozszerzony,270
48,2,04.02.2021,5333,526,Tak,Tak,Nie,Nie,a,Podstawowy,1060
49,2,04.02.2021,7949,562,Tak,Tak,Nie,Nie,d,Rozszerzony,18010
50,2,04.02.2021,5863,414,Tak,Tak,Nie,Nie,d,Podstawowy,6260
1,1,03.02.2021,5839,638,Tak,Tak,Nie,Nie,c,Podstawowy,1270
2,1,03.02.2021,7372,791,Tak,Tak,Nie,Nie,a,Podstawowy,570
3,1,03.02.2021,11861,1030,Tak,Tak,Nie,Nie,a,Podstawowy,14130
4,1,03.02.2021,13634,1825,Tak,Tak,Nie,Tak,c,Rozszerzony,620
5,1,03.02.2021,8696,799,Tak,Tak,Nie,Nie,a,Podstawowy,29910
6,1,03.02.2021,7748,851,Tak,Tak,Nie,Nie,a,Podstawowy,310
7,1,03.02.2021,14237,1257,Tak,Tak,Nie,Nie,a,Rozszerzony,24000
8,1,03.02.2021,8864,898,Tak,Tak,Nie,Nie,a,Podstawowy,7520
9,1,03.02.2021,10646,835,Tak,Tak,Nie,Nie,a,Rozszerzony,2030
10,1,03.02.2021,8758,830,Tak,Tak,Nie,Nie,a,Podstawowy,3160
11,1,03.02.2021,12523,1514,Tak,Tak,Nie,Nie,a,Rozszerzony,960
12,1,03.02.2021,13185,1200,Tak,Tak,Nie,Nie,a,Rozszerzony,1070
13,1,03.02.2021,7558,507,Tak,Tak,Nie,Nie,d,Podstawowy,310
14,1,03.02.2021,9513,926,Tak,Tak,Nie,Nie,a,Podstawowy,1300
15,1,03.02.2021,10465,854,Tak,Tak,Nie,Nie,d,Rozszerzony,4110
16,1,03.02.2021,11306,1115,Tak,Tak,Nie,Nie,a,Rozszerzony,3270
17,1,03.02.2021,11049,1183,Tak,Tak,Nie,Nie,a,Podstawowy,50
18,1,03.02.2021,10056,983,Tak,Tak,Nie,Nie,d,Rozszerzony,13840
19,1,03.02.2021,10275,901,Tak,Tak,Nie,Nie,a,Rozszerzony,3240
20,1,03.02.2021,9728,1006,Tak,Tak,Nie,Nie,d,Podstawowy,2340
21,1,03.02.2021,9399,743,Tak,Tak,Nie,Nie,c,Rozszerzony,550
22,1,03.02.2021,6453,614,Tak,Tak,Nie,Nie,a,Podstawowy,1040
23,1,03.02.2021,9221,694,Tak,Tak,Nie,Nie,d,Podstawowy,4060
24,1,03.02.2021,16140,1265,Tak,Tak,Nie,Nie,a,Rozszerzony,4590
25,1,03.02.2021,0,0,Nie,Tak,Nie,Nie,c,Podstawowy,430
26,1,03.02.2021,11072,813,Tak,Tak,Nie,Nie,d,Podstawowy,2300
27,1,03.02.2021,16395,1514,Tak,Tak,Nie,Nie,a,Podstawowy,60
28,1,03.02.2021,10278,950,Tak,Tak,Nie,Tak,a,Podstawowy,1200
29,1,03.02.2021,14170,1054,Tak,Tak,Nie,Nie,d,Rozszerzony,2170
30,1,03.02.2021,9017,1131,Tak,Tak,Nie,Nie,a,Podstawowy,40
31,1,03.02.2021,8879,755,Tak,Tak,Nie,Nie,d,Rozszerzony,9800
32,1,03.02.2021,5727,616,Tak,Tak,Nie,Nie,a,Podstawowy,2910
33,1,03.02.2021,12431,1088,Tak,Tak,Nie,Nie,a,Rozszerzony,1320
34,1,03.02.2021,12200,1260,Tak,Tak,Nie,Tak,c,Podstawowy,2240
35,1,03.02.2021,16742,1061,Tak,Tak,Nie,Nie,d,Rozszerzony,7660
36,1,03.02.2021,11104,1247,Tak,Tak,Nie,Nie,a,Rozszerzony,540
37,1,03.02.2021,10242,921,Tak,Tak,Nie,Tak,c,Podstawowy,4230
38,1,03.02.2021,10478,772,Tak,Tak,Nie,Nie,d,Podstawowy,1090
39,1,03.02.2021,9719,1070,Tak,Tak,Nie,Nie,a,Podstawowy,260
40,1,03.02.2021,6656,780,Tak,Tak,Nie,Nie,a,Podstawowy,180
41,1,03.02.2021,8211,555,Tak,Tak,Nie,Nie,d,Rozszerzony,1180
42,1,03.02.2021,16525,1501,Tak,Tak,Nie,Nie,a,Rozszerzony,290
43,1,03.02.2021,11210,844,Tak,Tak,Nie,Nie,d,Podstawowy,4880
44,1,03.02.2021,10280,992,Tak,Tak,Nie,Tak,a,Podstawowy,540
45,1,03.02.2021,7347,491,Tak,Tak,Nie,Nie,d,Podstawowy,9710
46,1,03.02.2021,9462,916,Tak,Tak,Nie,Nie,c,Podstawowy,1200
47,1,03.02.2021,11136,1213,Tak,Tak,Nie,Nie,a,Rozszerzony,270
48,1,03.02.2021,5853,613,Tak,Tak,Nie,Nie,a,Podstawowy,1060
49,1,03.02.2021,10070,668,Tak,Tak,Nie,Nie,d,Rozszerzony,18010
50,1,03.02.2021,6327,425,Tak,Tak,Nie,Nie,d,Podstawowy,6260
1,7,02.02.2021,0,0,Nie,Nie,Nie,Nie,c,Podstawowy,1270
2,7,02.02.2021,0,0,Nie,Nie,Nie,Nie,a,Podstawowy,570
3,7,02.02.2021,0,0,Nie,Nie,Nie,Nie,a,Podstawowy,14130
4,7,02.02.2021,0,0,Nie,Nie,Nie,Nie,c,Rozszerzony,620
5,7,02.02.2021,0,0,Nie,Nie,Nie,Nie,a,Podstawowy,29910
6,7,02.02.2021,0,0,Nie,Nie,Nie,Nie,a,Podstawowy,310
7,7,02.02.2021,0,0,Nie,Nie,Nie,Nie,a,Rozszerzony,24000
8,7,02.02.2021,0,0,Nie,Nie,Nie,Nie,a,Podstawowy,7520
9,7,02.02.2021,0,0,Nie,Nie,Nie,Nie,a,Rozszerzony,2030
10,7,02.02.2021,0,0,Nie,Nie,Nie,Nie,a,Podstawowy,3160
11,7,02.02.2021,0,0,Nie,Nie,Nie,Nie,a,Rozszerzony,960
12,7,02.02.2021,0,0,Nie,Nie,Nie,Nie,a,Rozszerzony,1070
13,7,02.02.2021,0,0,Nie,Nie,Nie,Nie,d,Podstawowy,310
14,7,02.02.2021,0,0,Nie,Nie,Nie,Nie,a,Podstawowy,1300
15,7,02.02.2021,0,0,Nie,Nie,Nie,Nie,d,Rozszerzony,4110
16,7,02.02.2021,0,0,Nie,Nie,Nie,Nie,a,Rozszerzony,3270
17,7,02.02.2021,0,0,Nie,Nie,Nie,Nie,a,Podstawowy,50
18,7,02.02.2021,0,0,Nie,Nie,Nie,Nie,d,Rozszerzony,13840
19,7,02.02.2021,0,0,Nie,Nie,Nie,Nie,a,Rozszerzony,3240
20,7,02.02.2021,0,0,Nie,Nie,Nie,Nie,d,Podstawowy,2340
21,7,02.02.2021,0,0,Nie,Nie,Nie,Nie,c,Rozszerzony,550
22,7,02.02.2021,0,0,Nie,Nie,Nie,Nie,a,Podstawowy,1040
23,7,02.02.2021,0,0,Nie,Nie,Nie,Nie,d,Podstawowy,4060
24,7,02.02.2021,0,0,Nie,Nie,Nie,Nie,a,Rozszerzony,4590
25,7,02.02.2021,0,0,Nie,Nie,Nie,Nie,c,Podstawowy,430
26,7,02.02.2021,0,0,Nie,Nie,Nie,Nie,d,Podstawowy,2300
27,7,02.02.2021,0,0,Nie,Nie,Nie,Nie,a,Podstawowy,60
28,7,02.02.2021,0,0,Nie,Nie,Nie,Nie,a,Podstawowy,1200
29,7,02.02.2021,0,0,Nie,Nie,Nie,Nie,d,Rozszerzony,2170
30,7,02.02.2021,0,0,Nie,Nie,Nie,Nie,a,Podstawowy,40
31,7,02.02.2021,0,0,Nie,Nie,Nie,Nie,d,Rozszerzony,9800
32,7,02.02.2021,0,0,Nie,Nie,Nie,Nie,a,Podstawowy,2910
33,7,02.02.2021,0,0,Nie,Nie,Nie,Nie,a,Rozszerzony,1320
34,7,02.02.2021,0,0,Nie,Nie,Nie,Nie,c,Podstawowy,2240
35,7,02.02.2021,0,0,Nie,Nie,Nie,Nie,d,Rozszerzony,7660
36,7,02.02.2021,0,0,Nie,Nie,Nie,Nie,a,Rozszerzony,540
37,7,02.02.2021,0,0,Nie,Nie,Nie,Nie,c,Podstawowy,4230
38,7,02.02.2021,0,0,Nie,Nie,Nie,Nie,d,Podstawowy,1090
39,7,02.02.2021,0,0,Nie,Nie,Nie,Nie,a,Podstawowy,260
40,7,02.02.2021,0,0,Nie,Nie,Nie,Nie,a,Podstawowy,180
41,7,02.02.2021,0,0,Nie,Nie,Nie,Nie,d,Rozszerzony,1180
42,7,02.02.2021,0,0,Nie,Nie,Nie,Nie,a,Rozszerzony,290
43,7,02.02.2021,0,0,Nie,Nie,Nie,Nie,d,Podstawowy,4880
44,7,02.02.2021,0,0,Nie,Nie,Nie,Nie,a,Podstawowy,540
45,7,02.02.2021,0,0,Nie,Nie,Nie,Nie,d,Podstawowy,9710
46,7,02.02.2021,0,0,Nie,Nie,Nie,Nie,c,Podstawowy,1200
47,7,02.02.2021,0,0,Nie,Nie,Nie,Nie,a,Rozszerzony,270
48,7,02.02.2021,0,0,Nie,Nie,Nie,Nie,a,Podstawowy,1060
49,7,02.02.2021,0,0,Nie,Nie,Nie,Nie,d,Rozszerzony,18010
50,7,02.02.2021,0,0,Nie,Nie,Nie,Nie,d,Podstawowy,6260
1,6,01.02.2021,5292,667,Tak,Nie,Nie,Nie,c,Podstawowy,1270
2,6,01.02.2021,2929,353,Tak,Nie,Nie,Nie,a,Podstawowy,570
3,6,01.02.2021,4968,499,Tak,Nie,Nie,Nie,a,Podstawowy,14130
4,6,01.02.2021,12028,1611,Tak,Nie,Nie,Nie,c,Rozszerzony,620
5,6,01.02.2021,2138,236,Tak,Nie,Nie,Nie,a,Podstawowy,29910
6,6,01.02.2021,3316,396,Tak,Nie,Nie,Nie,a,Podstawowy,310
7,6,01.02.2021,6762,629,Tak,Nie,Nie,Nie,a,Rozszerzony,24000
8,6,01.02.2021,2845,342,Tak,Nie,Nie,Nie,a,Podstawowy,7520
9,6,01.02.2021,6584,529,Tak,Nie,Nie,Nie,a,Rozszerzony,2030
10,6,01.02.2021,4453,455,Tak,Nie,Nie,Nie,a,Podstawowy,3160
11,6,01.02.2021,6091,791,Tak,Nie,Nie,Nie,a,Rozszerzony,960
12,6,01.02.2021,5624,694,Tak,Nie,Nie,Nie,a,Rozszerzony,1070
13,6,01.02.2021,4665,353,Tak,Nie,Nie,Nie,d,Podstawowy,310
14,6,01.02.2021,3267,371,Tak,Nie,Nie,Nie,a,Podstawowy,1300
15,6,01.02.2021,6204,636,Tak,Nie,Nie,Nie,d,Rozszerzony,4110
16,6,01.02.2021,5420,587,Tak,Nie,Nie,Nie,a,Rozszerzony,3270
17,6,01.02.2021,2897,381,Tak,Nie,Nie,Nie,a,Podstawowy,50
18,6,01.02.2021,5004,570,Tak,Nie,Nie,Nie,d,Rozszerzony,13840
19,6,01.02.2021,4098,373,Tak,Nie,Nie,Nie,a,Rozszerzony,3240
20,6,01.02.2021,5371,505,Tak,Nie,Nie,Nie,d,Podstawowy,2340
21,6,01.02.2021,5184,570,Tak,Nie,Nie,Nie,c,Rozszerzony,550
22,6,01.02.2021,3968,404,Tak,Nie,Nie,Nie,a,Podstawowy,1040
23,6,01.02.2021,5072,446,Tak,Nie,Nie,Nie,d,Podstawowy,4060
24,6,01.02.2021,8009,671,Tak,Nie,Nie,Nie,a,Rozszerzony,4590
25,6,01.02.2021,0,0,Nie,Nie,Nie,Nie,c,Podstawowy,430
26,6,01.02.2021,6537,565,Tak,Nie,Nie,Nie,d,Podstawowy,2300
27,6,01.02.2021,7629,786,Tak,Nie,Nie,Nie,a,Podstawowy,60
28,6,01.02.2021,2694,314,Tak,Nie,Nie,Nie,a,Podstawowy,1200
29,6,01.02.2021,7251,648,Tak,Nie,Nie,Nie,d,Rozszerzony,2170
30,6,01.02.2021,5333,844,Tak,Nie,Nie,Nie,a,Podstawowy,40
31,6,01.02.2021,6385,619,Tak,Nie,Nie,Nie,d,Rozszerzony,9800
32,6,01.02.2021,2357,298,Tak,Nie,Nie,Nie,a,Podstawowy,2910
33,6,01.02.2021,8964,880,Tak,Nie,Nie,Nie,a,Rozszerzony,1320
34,6,01.02.2021,8263,1031,Tak,Nie,Nie,Nie,c,Podstawowy,2240
35,6,01.02.2021,8047,635,Tak,Nie,Nie,Nie,d,Rozszerzony,7660
36,6,01.02.2021,10463,1134,Tak,Nie,Nie,Nie,a,Rozszerzony,540
37,6,01.02.2021,8940,1099,Tak,Nie,Nie,Nie,c,Podstawowy,4230
38,6,01.02.2021,6261,580,Tak,Nie,Nie,Nie,d,Podstawowy,1090
39,6,01.02.2021,3034,416,Tak,Nie,Nie,Nie,a,Podstawowy,260
40,6,01.02.2021,4755,692,Tak,Nie,Nie,Nie,a,Podstawowy,180
41,6,01.02.2021,4603,379,Tak,Nie,Nie,Nie,d,Rozszerzony,1180
42,6,01.02.2021,8332,887,Tak,Nie,Nie,Nie,a,Rozszerzony,290
43,6,01.02.2021,5102,445,Tak,Nie,Nie,Nie,d,Podstawowy,4880
44,6,01.02.2021,4400,553,Tak,Nie,Nie,Nie,a,Podstawowy,540
45,6,01.02.2021,5561,474,Tak,Nie,Nie,Nie,d,Podstawowy,9710
46,6,01.02.2021,4930,702,Tak,Nie,Nie,Nie,c,Podstawowy,1200
47,6,01.02.2021,5484,704,Tak,Nie,Nie,Nie,a,Rozszerzony,270
48,6,01.02.2021,3148,324,Tak,Nie,Nie,Nie,a,Podstawowy,1060
49,6,01.02.2021,7565,555,Tak,Nie,Nie,Nie,d,Rozszerzony,18010
50,6,01.02.2021,4163,369,Tak,Nie,Nie,Nie,d,Podstawowy,6260
1,5,31.01.2021,4906,589,Tak,Nie,Nie,Nie,c,Podstawowy,1270
2,5,31.01.2021,4608,550,Tak,Nie,Nie,Nie,a,Podstawowy,570
3,5,31.01.2021,8097,812,Tak,Nie,Nie,Nie,a,Podstawowy,14130
4,5,31.01.2021,10468,1438,Tak,Nie,Nie,Nie,c,Rozszerzony,620
5,5,31.01.2021,4982,581,Tak,Nie,Nie,Nie,a,Podstawowy,29910
6,5,31.01.2021,5055,631,Tak,Nie,Nie,Nie,a,Podstawowy,310
7,5,31.01.2021,9454,962,Tak,Nie,Nie,Nie,a,Rozszerzony,24000
8,5,31.01.2021,4380,560,Tak,Nie,Nie,Nie,a,Podstawowy,7520
9,5,31.01.2021,6715,576,Tak,Nie,Nie,Nie,a,Rozszerzony,2030
10,5,31.01.2021,5807,623,Tak,Nie,Nie,Tak,a,Podstawowy,3160
11,5,31.01.2021,8524,1196,Tak,Nie,Nie,Nie,a,Rozszerzony,960
12,5,31.01.2021,6393,805,Tak,Nie,Nie,Nie,a,Rozszerzony,1070
13,5,31.01.2021,6338,459,Tak,Nie,Nie,Nie,d,Podstawowy,310
14,5,31.01.2021,6283,710,Tak,Nie,Nie,Nie,a,Podstawowy,1300
15,5,31.01.2021,7815,761,Tak,Nie,Nie,Nie,d,Rozszerzony,4110
16,5,31.01.2021,7534,903,Tak,Nie,Nie,Nie,a,Rozszerzony,3270
17,5,31.01.2021,6745,855,Tak,Nie,Nie,Nie,a,Podstawowy,50
18,5,31.01.2021,7669,849,Tak,Nie,Nie,Nie,d,Rozszerzony,13840
19,5,31.01.2021,7380,699,Tak,Nie,Nie,Nie,a,Rozszerzony,3240
20,5,31.01.2021,7391,817,Tak,Nie,Nie,Nie,d,Podstawowy,2340
21,5,31.01.2021,4806,458,Tak,Nie,Nie,Nie,c,Rozszerzony,550
22,5,31.01.2021,4496,549,Tak,Nie,Nie,Nie,a,Podstawowy,1040
23,5,31.01.2021,5480,483,Tak,Nie,Nie,Nie,d,Podstawowy,4060
24,5,31.01.2021,10867,928,Tak,Nie,Nie,Nie,a,Rozszerzony,4590
25,5,31.01.2021,0,0,Nie,Nie,Nie,Nie,c,Podstawowy,430
26,5,31.01.2021,6900,571,Tak,Nie,Nie,Nie,d,Podstawowy,2300
27,5,31.01.2021,10225,1205,Tak,Nie,Nie,Nie,a,Podstawowy,60
28,5,31.01.2021,5585,630,Tak,Nie,Nie,Nie,a,Podstawowy,1200
29,5,31.01.2021,6838,631,Tak,Nie,Nie,Nie,d,Rozszerzony,2170
30,5,31.01.2021,5510,802,Tak,Nie,Nie,Nie,a,Podstawowy,40
31,5,31.01.2021,6073,630,Tak,Nie,Nie,Nie,d,Rozszerzony,9800
32,5,31.01.2021,4296,485,Tak,Nie,Nie,Nie,a,Podstawowy,2910
33,5,31.01.2021,9408,900,Tak,Nie,Nie,Nie,a,Rozszerzony,1320
34,5,31.01.2021,8050,1035,Tak,Nie,Nie,Nie,c,Podstawowy,2240
35,5,31.01.2021,9603,723,Tak,Nie,Nie,Nie,d,Rozszerzony,7660
36,5,31.01.2021,9961,1074,Tak,Nie,Nie,Nie,a,Rozszerzony,540
37,5,31.01.2021,7263,882,Tak,Nie,Nie,Nie,c,Podstawowy,4230
38,5,31.01.2021,5478,525,Tak,Nie,Nie,Nie,d,Podstawowy,1090
39,5,31.01.2021,6440,766,Tak,Nie,Nie,Nie,a,Podstawowy,260
40,5,31.01.2021,5357,668,Tak,Nie,Nie,Nie,a,Podstawowy,180
41,5,31.01.2021,5160,400,Tak,Nie,Nie,Nie,d,Rozszerzony,1180
42,5,31.01.2021,10180,1144,Tak,Nie,Nie,Nie,a,Rozszerzony,290
43,5,31.01.2021,7479,710,Tak,Nie,Nie,Nie,d,Podstawowy,4880
44,5,31.01.2021,5187,628,Tak,Nie,Nie,Nie,a,Podstawowy,540
45,5,31.01.2021,5059,410,Tak,Nie,Nie,Nie,d,Podstawowy,9710
46,5,31.01.2021,5311,667,Tak,Nie,Nie,Nie,c,Podstawowy,1200
47,5,31.01.2021,8057,982,Tak,Nie,Nie,Nie,a,Rozszerzony,270
48,5,31.01.2021,4162,438,Tak,Nie,Nie,Nie,a,Podstawowy,1060
49,5,31.01.2021,6533,494,Tak,Nie,Nie,Nie,d,Rozszerzony,18010
50,5,31.01.2021,3544,323,Tak,Nie,Nie,Nie,d,Podstawowy,6260
1,4,30.01.2021,4549,543,Tak,Nie,Nie,Nie,c,Podstawowy,1270
2,4,30.01.2021,4214,493,Tak,Nie,Nie,Nie,a,Podstawowy,570
3,4,30.01.2021,5219,658,Tak,Nie,Nie,Nie,a,Podstawowy,14130
4,4,30.01.2021,7860,1111,Tak,Nie,Nie,Nie,c,Rozszerzony,620
5,4,30.01.2021,3802,485,Tak,Nie,Nie,Nie,a,Podstawowy,29910
6,4,30.01.2021,4398,534,Tak,Nie,Nie,Nie,a,Podstawowy,310
7,4,30.01.2021,6498,757,Tak,Nie,Nie,Nie,a,Rozszerzony,24000
8,4,30.01.2021,5550,762,Tak,Nie,Nie,Nie,a,Podstawowy,7520
9,4,30.01.2021,4651,469,Tak,Nie,Nie,Nie,a,Rozszerzony,2030
10,4,30.01.2021,4752,588,Tak,Nie,Nie,Tak,a,Podstawowy,3160
11,4,30.01.2021,6419,965,Tak,Nie,Nie,Nie,a,Rozszerzony,960
12,4,30.01.2021,5101,704,Tak,Nie,Nie,Nie,a,Rozszerzony,1070
13,4,30.01.2021,4337,336,Tak,Nie,Nie,Nie,d,Podstawowy,310
14,4,30.01.2021,4251,572,Tak,Nie,Nie,Nie,a,Podstawowy,1300
15,4,30.01.2021,6130,651,Tak,Nie,Nie,Nie,d,Rozszerzony,4110
16,4,30.01.2021,6579,825,Tak,Nie,Nie,Nie,a,Rozszerzony,3270
17,4,30.01.2021,4948,681,Tak,Nie,Nie,Nie,a,Podstawowy,50
18,4,30.01.2021,4868,619,Tak,Nie,Nie,Nie,d,Rozszerzony,13840
19,4,30.01.2021,5857,623,Tak,Nie,Nie,Nie,a,Rozszerzony,3240
20,4,30.01.2021,7263,893,Tak,Nie,Nie,Nie,d,Podstawowy,2340
21,4,30.01.2021,3521,378,Tak,Nie,Nie,Nie,c,Rozszerzony,550
22,4,30.01.2021,3993,475,Tak,Nie,Nie,Nie,a,Podstawowy,1040
23,4,30.01.2021,3935,400,Tak,Nie,Nie,Nie,d,Podstawowy,4060
24,4,30.01.2021,7348,689,Tak,Nie,Nie,Nie,a,Rozszerzony,4590
25,4,30.01.2021,0,0,Nie,Nie,Nie,Nie,c,Podstawowy,430
26,4,30.01.2021,4656,452,Tak,Nie,Nie,Nie,d,Podstawowy,2300
27,4,30.01.2021,7519,941,Tak,Nie,Nie,Nie,a,Podstawowy,60
28,4,30.01.2021,5063,587,Tak,Nie,Nie,Nie,a,Podstawowy,1200
29,4,30.01.2021,4747,483,Tak,Nie,Nie,Nie,d,Rozszerzony,2170
30,4,30.01.2021,5287,858,Tak,Nie,Nie,Nie,a,Podstawowy,40
31,4,30.01.2021,4748,523,Tak,Nie,Nie,Nie,d,Rozszerzony,9800
32,4,30.01.2021,4089,490,Tak,Nie,Nie,Nie,a,Podstawowy,2910
33,4,30.01.2021,7350,735,Tak,Nie,Nie,Nie,a,Rozszerzony,1320
34,4,30.01.2021,6924,910,Tak,Nie,Nie,Nie,c,Podstawowy,2240
35,4,30.01.2021,7451,628,Tak,Nie,Nie,Nie,d,Rozszerzony,7660
36,4,30.01.2021,8023,940,Tak,Nie,Nie,Nie,a,Rozszerzony,540
37,4,30.01.2021,5841,721,Tak,Nie,Nie,Nie,c,Podstawowy,4230
38,4,30.01.2021,3698,373,Tak,Nie,Nie,Nie,d,Podstawowy,1090
39,4,30.01.2021,4097,559,Tak,Nie,Nie,Nie,a,Podstawowy,260
40,4,30.01.2021,4578,625,Tak,Nie,Nie,Nie,a,Podstawowy,180
41,4,30.01.2021,4449,317,Tak,Nie,Nie,Nie,d,Rozszerzony,1180
42,4,30.01.2021,7862,945,Tak,Nie,Nie,Nie,a,Rozszerzony,290
43,4,30.01.2021,5592,548,Tak,Nie,Nie,Nie,d,Podstawowy,4880
44,4,30.01.2021,4434,589,Tak,Nie,Nie,Nie,a,Podstawowy,540
45,4,30.01.2021,4438,373,Tak,Nie,Nie,Nie,d,Podstawowy,9710
46,4,30.01.2021,3490,516,Tak,Nie,Nie,Nie,c,Podstawowy,1200
47,4,30.01.2021,5854,818,Tak,Nie,Nie,Nie,a,Rozszerzony,270
48,4,30.01.2021,3759,405,Tak,Nie,Nie,Nie,a,Podstawowy,1060
49,4,30.01.2021,5103,409,Tak,Nie,Nie,Nie,d,Rozszerzony,18010
50,4,30.01.2021,3438,298,Tak,Nie,Nie,Nie,d,Podstawowy,6260
1,3,29.01.2021,3789,491,Tak,Nie,Nie,Nie,c,Podstawowy,1270
2,3,29.01.2021,4292,567,Tak,Nie,Nie,Nie,a,Podstawowy,570
3,3,29.01.2021,4887,628,Tak,Nie,Nie,Nie,a,Podstawowy,14130
4,3,29.01.2021,7996,1120,Tak,Nie,Nie,Nie,c,Rozszerzony,620
5,3,29.01.2021,4409,558,Tak,Nie,Nie,Nie,a,Podstawowy,29910
6,3,29.01.2021,4178,509,Tak,Nie,Nie,Nie,a,Podstawowy,310
7,3,29.01.2021,5954,682,Tak,Nie,Nie,Nie,a,Rozszerzony,24000
8,3,29.01.2021,3977,515,Tak,Nie,Nie,Nie,a,Podstawowy,7520
9,3,29.01.2021,4571,453,Tak,Nie,Nie,Nie,a,Rozszerzony,2030
10,3,29.01.2021,4330,469,Tak,Nie,Nie,Nie,a,Podstawowy,3160
11,3,29.01.2021,7147,1035,Tak,Nie,Nie,Nie,a,Rozszerzony,960
12,3,29.01.2021,5398,713,Tak,Nie,Nie,Nie,a,Rozszerzony,1070
13,3,29.01.2021,3665,291,Tak,Nie,Nie,Nie,d,Podstawowy,310
14,3,29.01.2021,4598,568,Tak,Nie,Nie,Nie,a,Podstawowy,1300
15,3,29.01.2021,4730,496,Tak,Nie,Nie,Nie,d,Rozszerzony,4110
16,3,29.01.2021,6145,773,Tak,Nie,Nie,Nie,a,Rozszerzony,3270
17,3,29.01.2021,4243,577,Tak,Nie,Nie,Nie,a,Podstawowy,50
18,3,29.01.2021,5574,647,Tak,Nie,Nie,Nie,d,Rozszerzony,13840
19,3,29.01.2021,5377,608,Tak,Nie,Nie,Nie,a,Rozszerzony,3240
20,3,29.01.2021,7007,790,Tak,Nie,Nie,Nie,d,Podstawowy,2340
21,3,29.01.2021,3272,368,Tak,Nie,Nie,Nie,c,Rozszerzony,550
22,3,29.01.2021,3148,396,Tak,Nie,Nie,Nie,a,Podstawowy,1040
23,3,29.01.2021,4062,367,Tak,Nie,Nie,Nie,d,Podstawowy,4060
24,3,29.01.2021,6748,684,Tak,Nie,Nie,Nie,a,Rozszerzony,4590
25,3,29.01.2021,0,0,Nie,Nie,Nie,Nie,c,Podstawowy,430
26,3,29.01.2021,3538,344,Tak,Nie,Nie,Nie,d,Podstawowy,2300
27,3,29.01.2021,5786,753,Tak,Nie,Nie,Nie,a,Podstawowy,60
28,3,29.01.2021,4389,485,Tak,Nie,Nie,Nie,a,Podstawowy,1200
29,3,29.01.2021,4984,513,Tak,Nie,Nie,Nie,d,Rozszerzony,2170
30,3,29.01.2021,4312,702,Tak,Nie,Nie,Nie,a,Podstawowy,40
31,3,29.01.2021,4275,474,Tak,Nie,Nie,Nie,d,Rozszerzony,9800
32,3,29.01.2021,3274,440,Tak,Nie,Nie,Nie,a,Podstawowy,2910
33,3,29.01.2021,6142,692,Tak,Nie,Nie,Nie,a,Rozszerzony,1320
34,3,29.01.2021,5947,786,Tak,Nie,Nie,Nie,c,Podstawowy,2240
35,3,29.01.2021,6521,543,Tak,Nie,Nie,Nie,d,Rozszerzony,7660
36,3,29.01.2021,7875,957,Tak,Nie,Nie,Nie,a,Rozszerzony,540
37,3,29.01.2021,4661,539,Tak,Nie,Nie,Nie,c,Podstawowy,4230
38,3,29.01.2021,3597,351,Tak,Nie,Nie,Nie,d,Podstawowy,1090
39,3,29.01.2021,4354,596,Tak,Nie,Nie,Nie,a,Podstawowy,260
40,3,29.01.2021,3755,528,Tak,Nie,Nie,Nie,a,Podstawowy,180
41,3,29.01.2021,4182,308,Tak,Nie,Nie,Nie,d,Rozszerzony,1180
42,3,29.01.2021,9180,1098,Tak,Nie,Nie,Nie,a,Rozszerzony,290
43,3,29.01.2021,5438,550,Tak,Nie,Nie,Nie,d,Podstawowy,4880
44,3,29.01.2021,4170,544,Tak,Nie,Nie,Nie,a,Podstawowy,540
45,3,29.01.2021,3523,295,Tak,Nie,Nie,Nie,d,Podstawowy,9710
46,3,29.01.2021,3449,495,Tak,Nie,Nie,Nie,c,Podstawowy,1200
47,3,29.01.2021,5228,794,Tak,Nie,Nie,Nie,a,Rozszerzony,270
48,3,29.01.2021,3861,431,Tak,Nie,Nie,Nie,a,Podstawowy,1060
49,3,29.01.2021,5410,413,Tak,Nie,Nie,Nie,d,Rozszerzony,18010
50,3,29.01.2021,2777,244,Tak,Nie,Nie,Nie,d,Podstawowy,6260
1,2,28.01.2021,3581,453,Tak,Nie,Nie,Nie,c,Podstawowy,1270
2,2,28.01.2021,3677,497,Tak,Nie,Nie,Nie,a,Podstawowy,570
3,2,28.01.2021,4816,630,Tak,Nie,Nie,Nie,a,Podstawowy,14130
4,2,28.01.2021,7268,1115,Tak,Nie,Nie,Nie,c,Rozszerzony,620
5,2,28.01.2021,3508,464,Tak,Nie,Nie,Nie,a,Podstawowy,29910
6,2,28.01.2021,4094,539,Tak,Nie,Nie,Nie,a,Podstawowy,310
7,2,28.01.2021,6728,839,Tak,Nie,Nie,Nie,a,Rozszerzony,24000
8,2,28.01.2021,4137,592,Tak,Nie,Nie,Nie,a,Podstawowy,7520
9,2,28.01.2021,4651,487,Tak,Nie,Nie,Nie,a,Rozszerzony,2030
10,2,28.01.2021,4415,551,Tak,Nie,Nie,Nie,a,Podstawowy,3160
11,2,28.01.2021,6332,1017,Tak,Nie,Nie,Nie,a,Rozszerzony,960
12,2,28.01.2021,5847,785,Tak,Nie,Nie,Nie,a,Rozszerzony,1070
13,2,28.01.2021,3641,300,Tak,Nie,Nie,Nie,d,Podstawowy,310
14,2,28.01.2021,4923,626,Tak,Nie,Nie,Nie,a,Podstawowy,1300
15,2,28.01.2021,4761,528,Tak,Nie,Nie,Nie,d,Rozszerzony,4110
16,2,28.01.2021,6864,865,Tak,Nie,Nie,Nie,a,Rozszerzony,3270
17,2,28.01.2021,4666,685,Tak,Nie,Nie,Nie,a,Podstawowy,50
18,2,28.01.2021,4531,580,Tak,Nie,Nie,Nie,d,Rozszerzony,13840
19,2,28.01.2021,4895,588,Tak,Nie,Nie,Nie,a,Rozszerzony,3240
20,2,28.01.2021,7454,871,Tak,Nie,Nie,Nie,d,Podstawowy,2340
21,2,28.01.2021,3377,395,Tak,Nie,Nie,Nie,c,Rozszerzony,550
22,2,28.01.2021,3357,461,Tak,Nie,Nie,Nie,a,Podstawowy,1040
23,2,28.01.2021,2894,306,Tak,Nie,Nie,Nie,d,Podstawowy,4060
24,2,28.01.2021,6246,673,Tak,Nie,Nie,Nie,a,Rozszerzony,4590
25,2,28.01.2021,0,0,Nie,Nie,Nie,Nie,c,Podstawowy,430
26,2,28.01.2021,4209,394,Tak,Nie,Nie,Nie,d,Podstawowy,2300
27,2,28.01.2021,6905,917,Tak,Nie,Nie,Nie,a,Podstawowy,60
28,2,28.01.2021,4311,533,Tak,Nie,Nie,Nie,a,Podstawowy,1200
29,2,28.01.2021,5005,500,Tak,Nie,Nie,Nie,d,Rozszerzony,2170
30,2,28.01.2021,4897,811,Tak,Nie,Nie,Nie,a,Podstawowy,40
31,2,28.01.2021,4663,491,Tak,Nie,Nie,Nie,d,Rozszerzony,9800
32,2,28.01.2021,3493,475,Tak,Nie,Nie,Nie,a,Podstawowy,2910
33,2,28.01.2021,6204,700,Tak,Nie,Nie,Nie,a,Rozszerzony,1320
34,2,28.01.2021,6314,850,Tak,Nie,Nie,Nie,c,Podstawowy,2240
35,2,28.01.2021,5931,570,Tak,Nie,Nie,Nie,d,Rozszerzony,7660
36,2,28.01.2021,8126,972,Tak,Nie,Nie,Nie,a,Rozszerzony,540
37,2,28.01.2021,4574,539,Tak,Nie,Nie,Nie,c,Podstawowy,4230
38,2,28.01.2021,3756,367,Tak,Nie,Nie,Nie,d,Podstawowy,1090
39,2,28.01.2021,3981,548,Tak,Nie,Nie,Nie,a,Podstawowy,260
40,2,28.01.2021,3801,607,Tak,Nie,Nie,Nie,a,Podstawowy,180
41,2,28.01.2021,3488,283,Tak,Nie,Nie,Nie,d,Rozszerzony,1180
42,2,28.01.2021,8120,1011,Tak,Nie,Nie,Nie,a,Rozszerzony,290
43,2,28.01.2021,5735,552,Tak,Nie,Nie,Nie,d,Podstawowy,4880
44,2,28.01.2021,4280,601,Tak,Nie,Nie,Nie,a,Podstawowy,540
45,2,28.01.2021,3624,303,Tak,Nie,Nie,Nie,d,Podstawowy,9710
46,2,28.01.2021,3322,491,Tak,Nie,Nie,Nie,c,Podstawowy,1200
47,2,28.01.2021,5354,809,Tak,Nie,Nie,Nie,a,Rozszerzony,270
48,2,28.01.2021,3197,392,Tak,Nie,Nie,Nie,a,Podstawowy,1060
49,2,28.01.2021,4592,386,Tak,Nie,Nie,Nie,d,Rozszerzony,18010
50,2,28.01.2021,2476,239,Tak,Nie,Nie,Nie,d,Podstawowy,6260
1,1,27.01.2021,3601,517,Tak,Nie,Nie,Nie,c,Podstawowy,1270
2,1,27.01.2021,3708,507,Tak,Nie,Nie,Nie,a,Podstawowy,570
3,1,27.01.2021,4602,633,Tak,Nie,Nie,Nie,a,Podstawowy,14130
4,1,27.01.2021,7800,1166,Tak,Nie,Nie,Nie,c,Rozszerzony,620
5,1,27.01.2021,3412,453,Tak,Nie,Nie,Nie,a,Podstawowy,29910
6,1,27.01.2021,4048,505,Tak,Nie,Nie,Nie,a,Podstawowy,310
7,1,27.01.2021,6153,684,Tak,Nie,Nie,Nie,a,Rozszerzony,24000
8,1,27.01.2021,4360,629,Tak,Nie,Nie,Nie,a,Podstawowy,7520
9,1,27.01.2021,5095,501,Tak,Nie,Nie,Nie,a,Rozszerzony,2030
10,1,27.01.2021,4543,548,Tak,Nie,Nie,Nie,a,Podstawowy,3160
11,1,27.01.2021,5894,1006,Tak,Nie,Nie,Nie,a,Rozszerzony,960
12,1,27.01.2021,5444,711,Tak,Nie,Nie,Nie,a,Rozszerzony,1070
13,1,27.01.2021,2946,265,Tak,Nie,Nie,Nie,d,Podstawowy,310
14,1,27.01.2021,5033,689,Tak,Nie,Nie,Nie,a,Podstawowy,1300
15,1,27.01.2021,4374,536,Tak,Nie,Nie,Nie,d,Rozszerzony,4110
16,1,27.01.2021,6732,879,Tak,Nie,Nie,Nie,a,Rozszerzony,3270
17,1,27.01.2021,4319,611,Tak,Nie,Nie,Nie,a,Podstawowy,50
18,1,27.01.2021,5056,635,Tak,Nie,Nie,Nie,d,Rozszerzony,13840
19,1,27.01.2021,5227,611,Tak,Nie,Nie,Nie,a,Rozszerzony,3240
20,1,27.01.2021,6883,870,Tak,Nie,Nie,Nie,d,Podstawowy,2340
21,1,27.01.2021,3421,400,Tak,Nie,Nie,Nie,c,Rozszerzony,550
22,1,27.01.2021,3220,415,Tak,Nie,Nie,Nie,a,Podstawowy,1040
23,1,27.01.2021,3540,361,Tak,Nie,Nie,Nie,d,Podstawowy,4060
24,1,27.01.2021,7402,767,Tak,Nie,Nie,Nie,a,Rozszerzony,4590
25,1,27.01.2021,0,0,Nie,Nie,Nie,Nie,c,Podstawowy,430
26,1,27.01.2021,3978,394,Tak,Nie,Nie,Nie,d,Podstawowy,2300
27,1,27.01.2021,6262,849,Tak,Nie,Nie,Nie,a,Podstawowy,60
28,1,27.01.2021,4048,501,Tak,Nie,Nie,Nie,a,Podstawowy,1200
29,1,27.01.2021,4927,539,Tak,Nie,Nie,Nie,d,Rozszerzony,2170
30,1,27.01.2021,3938,724,Tak,Nie,Nie,Nie,a,Podstawowy,40
31,1,27.01.2021,4305,501,Tak,Nie,Nie,Nie,d,Rozszerzony,9800
32,1,27.01.2021,3375,461,Tak,Nie,Nie,Nie,a,Podstawowy,2910
33,1,27.01.2021,6235,769,Tak,Nie,Nie,Nie,a,Rozszerzony,1320
34,1,27.01.2021,5965,836,Tak,Nie,Nie,Nie,c,Podstawowy,2240
35,1,27.01.2021,6555,576,Tak,Nie,Nie,Nie,d,Rozszerzony,7660
36,1,27.01.2021,8036,970,Tak,Nie,Nie,Nie,a,Rozszerzony,540
37,1,27.01.2021,3573,463,Tak,Nie,Nie,Nie,c,Podstawowy,4230
38,1,27.01.2021,3701,383,Tak,Nie,Nie,Nie,d,Podstawowy,1090
39,1,27.01.2021,3416,505,Tak,Nie,Nie,Nie,a,Podstawowy,260
40,1,27.01.2021,3655,554,Tak,Nie,Nie,Nie,a,Podstawowy,180
41,1,27.01.2021,3911,307,Tak,Nie,Nie,Nie,d,Rozszerzony,1180
42,1,27.01.2021,8096,1013,Tak,Nie,Nie,Nie,a,Rozszerzony,290
43,1,27.01.2021,5632,542,Tak,Nie,Nie,Nie,d,Podstawowy,4880
44,1,27.01.2021,4110,520,Tak,Nie,Nie,Nie,a,Podstawowy,540
45,1,27.01.2021,3602,311,Tak,Nie,Nie,Nie,d,Podstawowy,9710
46,1,27.01.2021,3117,497,Tak,Nie,Nie,Nie,c,Podstawowy,1200
47,1,27.01.2021,5873,814,Tak,Nie,Nie,Nie,a,Rozszerzony,270
48,1,27.01.2021,3889,444,Tak,Nie,Nie,Nie,a,Podstawowy,1060
49,1,27.01.2021,4797,410,Tak,Nie,Nie,Nie,d,Rozszerzony,18010
50,1,27.01.2021,2710,272,Tak,Nie,Nie,Nie,d,Podstawowy,6260
1,7,26.01.2021,0,0,Nie,Nie,Nie,Nie,c,Podstawowy,1270
2,7,26.01.2021,0,0,Nie,Nie,Nie,Nie,a,Podstawowy,570
3,7,26.01.2021,0,0,Nie,Nie,Nie,Nie,a,Podstawowy,14130
4,7,26.01.2021,0,0,Nie,Nie,Nie,Nie,c,Rozszerzony,620
5,7,26.01.2021,0,0,Nie,Nie,Nie,Nie,a,Podstawowy,29910
6,7,26.01.2021,0,0,Nie,Nie,Nie,Nie,a,Podstawowy,310
7,7,26.01.2021,0,0,Nie,Nie,Nie,Nie,a,Rozszerzony,24000
8,7,26.01.2021,0,0,Nie,Nie,Nie,Nie,a,Podstawowy,7520
9,7,26.01.2021,0,0,Nie,Nie,Nie,Nie,a,Rozszerzony,2030
10,7,26.01.2021,0,0,Nie,Nie,Nie,Nie,a,Podstawowy,3160
11,7,26.01.2021,0,0,Nie,Nie,Nie,Nie,a,Rozszerzony,960
12,7,26.01.2021,0,0,Nie,Nie,Nie,Nie,a,Rozszerzony,1070
13,7,26.01.2021,0,0,Nie,Nie,Nie,Nie,d,Podstawowy,310
14,7,26.01.2021,0,0,Nie,Nie,Nie,Nie,a,Podstawowy,1300
15,7,26.01.2021,0,0,Nie,Nie,Nie,Nie,d,Rozszerzony,4110
16,7,26.01.2021,0,0,Nie,Nie,Nie,Nie,a,Rozszerzony,3270
17,7,26.01.2021,0,0,Nie,Nie,Nie,Nie,a,Podstawowy,50
18,7,26.01.2021,0,0,Nie,Nie,Nie,Nie,d,Rozszerzony,13840
19,7,26.01.2021,0,0,Nie,Nie,Nie,Nie,a,Rozszerzony,3240
20,7,26.01.2021,0,0,Nie,Nie,Nie,Nie,d,Podstawowy,2340
21,7,26.01.2021,0,0,Nie,Nie,Nie,Nie,c,Rozszerzony,550
22,7,26.01.2021,0,0,Nie,Nie,Nie,Nie,a,Podstawowy,1040
23,7,26.01.2021,0,0,Nie,Nie,Nie,Nie,d,Podstawowy,4060
24,7,26.01.2021,0,0,Nie,Nie,Nie,Nie,a,Rozszerzony,4590
25,7,26.01.2021,0,0,Nie,Nie,Nie,Nie,c,Podstawowy,430
26,7,26.01.2021,0,0,Nie,Nie,Nie,Nie,d,Podstawowy,2300
27,7,26.01.2021,0,0,Nie,Nie,Nie,Nie,a,Podstawowy,60
28,7,26.01.2021,0,0,Nie,Nie,Nie,Nie,a,Podstawowy,1200
29,7,26.01.2021,0,0,Nie,Nie,Nie,Nie,d,Rozszerzony,2170
30,7,26.01.2021,0,0,Nie,Nie,Nie,Nie,a,Podstawowy,40
31,7,26.01.2021,0,0,Nie,Nie,Nie,Nie,d,Rozszerzony,9800
32,7,26.01.2021,0,0,Nie,Nie,Nie,Nie,a,Podstawowy,2910
33,7,26.01.2021,0,0,Nie,Nie,Nie,Nie,a,Rozszerzony,1320
34,7,26.01.2021,0,0,Nie,Nie,Nie,Nie,c,Podstawowy,2240
35,7,26.01.2021,0,0,Nie,Nie,Nie,Nie,d,Rozszerzony,7660
36,7,26.01.2021,0,0,Nie,Nie,Nie,Nie,a,Rozszerzony,540
37,7,26.01.2021,0,0,Nie,Nie,Nie,Nie,c,Podstawowy,4230
38,7,26.01.2021,0,0,Nie,Nie,Nie,Nie,d,Podstawowy,1090
39,7,26.01.2021,0,0,Nie,Nie,Nie,Nie,a,Podstawowy,260
40,7,26.01.2021,0,0,Nie,Nie,Nie,Nie,a,Podstawowy,180
41,7,26.01.2021,0,0,Nie,Nie,Nie,Nie,d,Rozszerzony,1180
42,7,26.01.2021,0,0,Nie,Nie,Nie,Nie,a,Rozszerzony,290
43,7,26.01.2021,0,0,Nie,Nie,Nie,Nie,d,Podstawowy,4880
44,7,26.01.2021,0,0,Nie,Nie,Nie,Nie,a,Podstawowy,540
45,7,26.01.2021,0,0,Nie,Nie,Nie,Nie,d,Podstawowy,9710
46,7,26.01.2021,0,0,Nie,Nie,Nie,Nie,c,Podstawowy,1200
47,7,26.01.2021,0,0,Nie,Nie,Nie,Nie,a,Rozszerzony,270
48,7,26.01.2021,0,0,Nie,Nie,Nie,Nie,a,Podstawowy,1060
49,7,26.01.2021,0,0,Nie,Nie,Nie,Nie,d,Rozszerzony,18010
50,7,26.01.2021,0,0,Nie,Nie,Nie,Nie,d,Podstawowy,6260
1,6,25.01.2021,4546,561,Tak,Nie,Nie,Nie,c,Podstawowy,1270
2,6,25.01.2021,2274,290,Tak,Nie,Nie,Nie,a,Podstawowy,570
3,6,25.01.2021,3416,440,Tak,Nie,Nie,Nie,a,Podstawowy,14130
4,6,25.01.2021,9756,1369,Tak,Nie,Nie,Nie,c,Rozszerzony,620
5,6,25.01.2021,1662,188,Tak,Nie,Nie,Nie,a,Podstawowy,29910
6,6,25.01.2021,2721,312,Tak,Nie,Nie,Nie,a,Podstawowy,310
7,6,25.01.2021,4817,512,Tak,Nie,Nie,Nie,a,Rozszerzony,24000
8,6,25.01.2021,2424,317,Tak,Nie,Nie,Nie,a,Podstawowy,7520
9,6,25.01.2021,6031,554,Tak,Nie,Nie,Nie,a,Rozszerzony,2030
10,6,25.01.2021,4702,463,Tak,Nie,Nie,Nie,a,Podstawowy,3160
11,6,25.01.2021,5709,806,Tak,Nie,Nie,Nie,a,Rozszerzony,960
12,6,25.01.2021,5512,695,Tak,Nie,Nie,Nie,a,Rozszerzony,1070
13,6,25.01.2021,4095,357,Tak,Nie,Nie,Nie,d,Podstawowy,310
14,6,25.01.2021,3438,397,Tak,Nie,Nie,Nie,a,Podstawowy,1300
15,6,25.01.2021,5394,560,Tak,Nie,Nie,Nie,d,Rozszerzony,4110
16,6,25.01.2021,5005,557,Tak,Nie,Nie,Nie,a,Rozszerzony,3270
17,6,25.01.2021,2188,304,Tak,Nie,Nie,Nie,a,Podstawowy,50
18,6,25.01.2021,3446,440,Tak,Nie,Nie,Nie,d,Rozszerzony,13840
19,6,25.01.2021,3912,368,Tak,Nie,Nie,Nie,a,Rozszerzony,3240
20,6,25.01.2021,5573,515,Tak,Nie,Nie,Nie,d,Podstawowy,2340
21,6,25.01.2021,4959,512,Tak,Nie,Nie,Nie,c,Rozszerzony,550
22,6,25.01.2021,2728,340,Tak,Nie,Nie,Nie,a,Podstawowy,1040
23,6,25.01.2021,4217,441,Tak,Nie,Nie,Nie,d,Podstawowy,4060
24,6,25.01.2021,6853,679,Tak,Nie,Nie,Nie,a,Rozszerzony,4590
25,6,25.01.2021,0,0,Nie,Nie,Nie,Nie,c,Podstawowy,430
26,6,25.01.2021,4981,490,Tak,Nie,Nie,Nie,d,Podstawowy,2300
27,6,25.01.2021,7029,832,Tak,Nie,Nie,Nie,a,Podstawowy,60
28,6,25.01.2021,1986,225,Tak,Nie,Nie,Nie,a,Podstawowy,1200
29,6,25.01.2021,6596,612,Tak,Nie,Nie,Nie,d,Rozszerzony,2170
30,6,25.01.2021,5250,890,Tak,Nie,Nie,Nie,a,Podstawowy,40
31,6,25.01.2021,4969,531,Tak,Nie,Nie,Nie,d,Rozszerzony,9800
32,6,25.01.2021,2055,272,Tak,Nie,Nie,Nie,a,Podstawowy,2910
33,6,25.01.2021,8060,852,Tak,Nie,Nie,Nie,a,Rozszerzony,1320
34,6,25.01.2021,7044,899,Tak,Nie,Nie,Nie,c,Podstawowy,2240
35,6,25.01.2021,7131,587,Tak,Nie,Nie,Nie,d,Rozszerzony,7660
36,6,25.01.2021,9604,1070,Tak,Nie,Nie,Nie,a,Rozszerzony,540
37,6,25.01.2021,7525,939,Tak,Nie,Nie,Nie,c,Podstawowy,4230
38,6,25.01.2021,6299,613,Tak,Nie,Nie,Nie,d,Podstawowy,1090
39,6,25.01.2021,2459,426,Tak,Nie,Nie,Nie,a,Podstawowy,260
40,6,25.01.2021,5478,769,Tak,Nie,Nie,Nie,a,Podstawowy,180
41,6,25.01.2021,5456,417,Tak,Nie,Nie,Nie,d,Rozszerzony,1180
42,6,25.01.2021,7949,933,Tak,Nie,Nie,Nie,a,Rozszerzony,290
43,6,25.01.2021,4939,427,Tak,Nie,Nie,Nie,d,Podstawowy,4880
44,6,25.01.2021,3436,454,Tak,Nie,Nie,Nie,a,Podstawowy,540
45,6,25.01.2021,5086,421,Tak,Nie,Nie,Nie,d,Podstawowy,9710
46,6,25.01.2021,4376,624,Tak,Nie,Nie,Nie,c,Podstawowy,1200
47,6,25.01.2021,4735,713,Tak,Nie,Nie,Nie,a,Rozszerzony,270
48,6,25.01.2021,2728,296,Tak,Nie,Nie,Nie,a,Podstawowy,1060
49,6,25.01.2021,6555,536,Tak,Nie,Nie,Nie,d,Rozszerzony,18010
50,6,25.01.2021,3955,373,Tak,Nie,Nie,Nie,d,Podstawowy,6260
1,5,24.01.2021,5098,587,Tak,Tak,Nie,Nie,c,Podstawowy,1270
2,5,24.01.2021,4701,531,Tak,Tak,Nie,Nie,a,Podstawowy,570
3,5,24.01.2021,6981,748,Tak,Tak,Nie,Nie,a,Podstawowy,14130
4,5,24.01.2021,9154,1278,Tak,Tak,Nie,Nie,c,Rozszerzony,620
5,5,24.01.2021,4752,531,Tak,Tak,Nie,Nie,a,Podstawowy,29910
6,5,24.01.2021,5716,700,Tak,Tak,Nie,Nie,a,Podstawowy,310
7,5,24.01.2021,8387,877,Tak,Tak,Nie,Nie,a,Rozszerzony,24000
8,5,24.01.2021,4992,620,Tak,Tak,Nie,Nie,a,Podstawowy,7520
9,5,24.01.2021,6769,574,Tak,Tak,Nie,Nie,a,Rozszerzony,2030
10,5,24.01.2021,5474,596,Tak,Tak,Nie,Nie,a,Podstawowy,3160
11,5,24.01.2021,7278,1050,Tak,Tak,Nie,Nie,a,Rozszerzony,960
12,5,24.01.2021,7802,836,Tak,Tak,Nie,Nie,a,Rozszerzony,1070
13,5,24.01.2021,6357,469,Tak,Tak,Nie,Nie,d,Podstawowy,310
14,5,24.01.2021,6334,690,Tak,Tak,Nie,Nie,a,Podstawowy,1300
15,5,24.01.2021,6884,666,Tak,Tak,Nie,Nie,d,Rozszerzony,4110
16,5,24.01.2021,7429,814,Tak,Tak,Nie,Nie,a,Rozszerzony,3270
17,5,24.01.2021,5822,730,Tak,Tak,Nie,Nie,a,Podstawowy,50
18,5,24.01.2021,6763,790,Tak,Tak,Nie,Nie,d,Rozszerzony,13840
19,5,24.01.2021,6968,678,Tak,Tak,Nie,Nie,a,Rozszerzony,3240
20,5,24.01.2021,6528,750,Tak,Tak,Nie,Nie,d,Podstawowy,2340
21,5,24.01.2021,6532,592,Tak,Tak,Nie,Nie,c,Rozszerzony,550
22,5,24.01.2021,4977,558,Tak,Tak,Nie,Nie,a,Podstawowy,1040
23,5,24.01.2021,5966,546,Tak,Tak,Nie,Nie,d,Podstawowy,4060
24,5,24.01.2021,9760,905,Tak,Tak,Nie,Nie,a,Rozszerzony,4590
25,5,24.01.2021,0,0,Nie,Tak,Nie,Nie,c,Podstawowy,430
26,5,24.01.2021,6465,566,Tak,Tak,Nie,Nie,d,Podstawowy,2300
27,5,24.01.2021,9075,1038,Tak,Tak,Nie,Nie,a,Podstawowy,60
28,5,24.01.2021,4695,516,Tak,Tak,Nie,Nie,a,Podstawowy,1200
29,5,24.01.2021,6939,635,Tak,Tak,Nie,Nie,d,Rozszerzony,2170
30,5,24.01.2021,5144,763,Tak,Tak,Nie,Nie,a,Podstawowy,40
31,5,24.01.2021,6113,571,Tak,Tak,Nie,Nie,d,Rozszerzony,9800
32,5,24.01.2021,4496,502,Tak,Tak,Nie,Nie,a,Podstawowy,2910
33,5,24.01.2021,8151,852,Tak,Tak,Nie,Nie,a,Rozszerzony,1320
34,5,24.01.2021,7519,921,Tak,Tak,Nie,Nie,c,Podstawowy,2240
35,5,24.01.2021,9636,732,Tak,Tak,Nie,Nie,d,Rozszerzony,7660
36,5,24.01.2021,9026,1056,Tak,Tak,Nie,Nie,a,Rozszerzony,540
37,5,24.01.2021,7573,791,Tak,Tak,Nie,Nie,c,Podstawowy,4230
38,5,24.01.2021,5599,565,Tak,Tak,Nie,Nie,d,Podstawowy,1090
39,5,24.01.2021,4758,635,Tak,Tak,Nie,Nie,a,Podstawowy,260
40,5,24.01.2021,4853,619,Tak,Tak,Nie,Nie,a,Podstawowy,180
41,5,24.01.2021,5414,422,Tak,Tak,Nie,Nie,d,Rozszerzony,1180
42,5,24.01.2021,10401,1102,Tak,Tak,Nie,Nie,a,Rozszerzony,290
43,5,24.01.2021,7382,641,Tak,Tak,Nie,Nie,d,Podstawowy,4880
44,5,24.01.2021,6399,739,Tak,Tak,Nie,Nie,a,Podstawowy,540
45,5,24.01.2021,6388,464,Tak,Tak,Nie,Nie,d,Podstawowy,9710
46,5,24.01.2021,5869,719,Tak,Tak,Nie,Nie,c,Podstawowy,1200
47,5,24.01.2021,6279,792,Tak,Tak,Nie,Nie,a,Rozszerzony,270
48,5,24.01.2021,4250,474,Tak,Tak,Nie,Nie,a,Podstawowy,1060
49,5,24.01.2021,7327,551,Tak,Tak,Nie,Nie,d,Rozszerzony,18010
50,5,24.01.2021,4870,400,Tak,Tak,Nie,Nie,d,Podstawowy,6260
1,4,23.01.2021,4597,525,Tak,Tak,Nie,Nie,c,Podstawowy,1270
2,4,23.01.2021,5010,531,Tak,Tak,Nie,Nie,a,Podstawowy,570
3,4,23.01.2021,7857,799,Tak,Tak,Nie,Nie,a,Podstawowy,14130
4,4,23.01.2021,9580,1274,Tak,Tak,Nie,Nie,c,Rozszerzony,620
5,4,23.01.2021,4647,521,Tak,Tak,Nie,Nie,a,Podstawowy,29910
6,4,23.01.2021,4755,571,Tak,Tak,Nie,Nie,a,Podstawowy,310
7,4,23.01.2021,8137,843,Tak,Tak,Nie,Nie,a,Rozszerzony,24000
8,4,23.01.2021,6666,734,Tak,Tak,Nie,Nie,a,Podstawowy,7520
9,4,23.01.2021,5800,520,Tak,Tak,Nie,Nie,a,Rozszerzony,2030
10,4,23.01.2021,5593,563,Tak,Tak,Nie,Nie,a,Podstawowy,3160
11,4,23.01.2021,6781,1020,Tak,Tak,Nie,Nie,a,Rozszerzony,960
12,4,23.01.2021,7814,879,Tak,Tak,Nie,Nie,a,Rozszerzony,1070
13,4,23.01.2021,5574,434,Tak,Tak,Nie,Nie,d,Podstawowy,310
14,4,23.01.2021,5861,677,Tak,Tak,Nie,Nie,a,Podstawowy,1300
15,4,23.01.2021,7020,650,Tak,Tak,Nie,Nie,d,Rozszerzony,4110
16,4,23.01.2021,7893,896,Tak,Tak,Nie,Nie,a,Rozszerzony,3270
17,4,23.01.2021,6149,753,Tak,Tak,Nie,Nie,a,Podstawowy,50
18,4,23.01.2021,6476,692,Tak,Tak,Nie,Nie,d,Rozszerzony,13840
19,4,23.01.2021,6055,603,Tak,Tak,Nie,Nie,a,Rozszerzony,3240
20,4,23.01.2021,8586,1096,Tak,Tak,Nie,Nie,d,Podstawowy,2340
21,4,23.01.2021,6717,555,Tak,Tak,Nie,Nie,c,Rozszerzony,550
22,4,23.01.2021,5045,539,Tak,Tak,Nie,Nie,a,Podstawowy,1040
23,4,23.01.2021,6139,512,Tak,Tak,Nie,Nie,d,Podstawowy,4060
24,4,23.01.2021,8434,783,Tak,Tak,Nie,Nie,a,Rozszerzony,4590
25,4,23.01.2021,0,0,Nie,Tak,Nie,Nie,c,Podstawowy,430
26,4,23.01.2021,6806,548,Tak,Tak,Nie,Nie,d,Podstawowy,2300
27,4,23.01.2021,10011,1055,Tak,Tak,Nie,Nie,a,Podstawowy,60
28,4,23.01.2021,5434,584,Tak,Tak,Nie,Nie,a,Podstawowy,1200
29,4,23.01.2021,6192,597,Tak,Tak,Nie,Nie,d,Rozszerzony,2170
30,4,23.01.2021,5806,898,Tak,Tak,Nie,Nie,a,Podstawowy,40
31,4,23.01.2021,5478,532,Tak,Tak,Nie,Nie,d,Rozszerzony,9800
32,4,23.01.2021,4104,491,Tak,Tak,Nie,Nie,a,Podstawowy,2910
33,4,23.01.2021,7801,767,Tak,Tak,Nie,Nie,a,Rozszerzony,1320
34,4,23.01.2021,7625,917,Tak,Tak,Nie,Nie,c,Podstawowy,2240
35,4,23.01.2021,10901,767,Tak,Tak,Nie,Nie,d,Rozszerzony,7660
36,4,23.01.2021,8697,1075,Tak,Tak,Nie,Nie,a,Rozszerzony,540
37,4,23.01.2021,7340,753,Tak,Tak,Nie,Nie,c,Podstawowy,4230
38,4,23.01.2021,5752,494,Tak,Tak,Nie,Nie,d,Podstawowy,1090
39,4,23.01.2021,4565,561,Tak,Tak,Nie,Nie,a,Podstawowy,260
40,4,23.01.2021,4901,658,Tak,Tak,Nie,Nie,a,Podstawowy,180
41,4,23.01.2021,5460,426,Tak,Tak,Nie,Nie,d,Rozszerzony,1180
42,4,23.01.2021,9946,1074,Tak,Tak,Nie,Nie,a,Rozszerzony,290
43,4,23.01.2021,8016,661,Tak,Tak,Nie,Nie,d,Podstawowy,4880
44,4,23.01.2021,6176,711,Tak,Tak,Nie,Nie,a,Podstawowy,540
45,4,23.01.2021,5816,444,Tak,Tak,Nie,Nie,d,Podstawowy,9710
46,4,23.01.2021,5321,682,Tak,Tak,Nie,Nie,c,Podstawowy,1200
47,4,23.01.2021,6574,803,Tak,Tak,Nie,Nie,a,Rozszerzony,270
48,4,23.01.2021,3472,399,Tak,Tak,Nie,Nie,a,Podstawowy,1060
49,4,23.01.2021,5994,464,Tak,Tak,Nie,Nie,d,Rozszerzony,18010
50,4,23.01.2021,4626,383,Tak,Tak,Nie,Nie,d,Podstawowy,6260
1,3,22.01.2021,4562,549,Tak,Tak,Nie,Nie,c,Podstawowy,1270
2,3,22.01.2021,5451,680,Tak,Tak,Nie,Nie,a,Podstawowy,570
3,3,22.01.2021,9642,1006,Tak,Tak,Nie,Nie,a,Podstawowy,14130
4,3,22.01.2021,8898,1237,Tak,Tak,Nie,Nie,c,Rozszerzony,620
5,3,22.01.2021,5042,584,Tak,Tak,Nie,Nie,a,Podstawowy,29910
6,3,22.01.2021,5416,609,Tak,Tak,Nie,Nie,a,Podstawowy,310
7,3,22.01.2021,8118,822,Tak,Tak,Nie,Nie,a,Rozszerzony,24000
8,3,22.01.2021,5726,638,Tak,Tak,Nie,Nie,a,Podstawowy,7520
9,3,22.01.2021,6256,560,Tak,Tak,Nie,Nie,a,Rozszerzony,2030
10,3,22.01.2021,5560,572,Tak,Tak,Nie,Nie,a,Podstawowy,3160
11,3,22.01.2021,8189,1159,Tak,Tak,Nie,Nie,a,Rozszerzony,960
12,3,22.01.2021,8774,924,Tak,Tak,Nie,Nie,a,Rozszerzony,1070
13,3,22.01.2021,6668,456,Tak,Tak,Nie,Nie,d,Podstawowy,310
14,3,22.01.2021,6269,681,Tak,Tak,Nie,Nie,a,Podstawowy,1300
15,3,22.01.2021,7085,626,Tak,Tak,Nie,Nie,d,Rozszerzony,4110
16,3,22.01.2021,8373,888,Tak,Tak,Nie,Nie,a,Rozszerzony,3270
17,3,22.01.2021,7381,834,Tak,Tak,Nie,Nie,a,Podstawowy,50
18,3,22.01.2021,6355,716,Tak,Tak,Nie,Nie,d,Rozszerzony,13840
19,3,22.01.2021,6895,679,Tak,Tak,Nie,Nie,a,Rozszerzony,3240
20,3,22.01.2021,8681,962,Tak,Tak,Nie,Nie,d,Podstawowy,2340
21,3,22.01.2021,6644,562,Tak,Tak,Nie,Nie,c,Rozszerzony,550
22,3,22.01.2021,4846,510,Tak,Tak,Nie,Nie,a,Podstawowy,1040
23,3,22.01.2021,5808,482,Tak,Tak,Nie,Nie,d,Podstawowy,4060
24,3,22.01.2021,10486,938,Tak,Tak,Nie,Nie,a,Rozszerzony,4590
25,3,22.01.2021,0,0,Nie,Tak,Nie,Nie,c,Podstawowy,430
26,3,22.01.2021,5869,472,Tak,Tak,Nie,Nie,d,Podstawowy,2300
27,3,22.01.2021,10287,1069,Tak,Tak,Nie,Nie,a,Podstawowy,60
28,3,22.01.2021,4883,523,Tak,Tak,Nie,Nie,a,Podstawowy,1200
29,3,22.01.2021,7986,674,Tak,Tak,Nie,Nie,d,Rozszerzony,2170
30,3,22.01.2021,6191,905,Tak,Tak,Nie,Nie,a,Podstawowy,40
31,3,22.01.2021,5818,539,Tak,Tak,Nie,Nie,d,Rozszerzony,9800
32,3,22.01.2021,5879,598,Tak,Tak,Nie,Nie,a,Podstawowy,2910
33,3,22.01.2021,8741,832,Tak,Tak,Nie,Nie,a,Rozszerzony,1320
34,3,22.01.2021,8289,962,Tak,Tak,Nie,Nie,c,Podstawowy,2240
35,3,22.01.2021,9872,710,Tak,Tak,Nie,Nie,d,Rozszerzony,7660
36,3,22.01.2021,8099,1018,Tak,Tak,Nie,Nie,a,Rozszerzony,540
37,3,22.01.2021,5969,599,Tak,Tak,Nie,Nie,c,Podstawowy,4230
38,3,22.01.2021,6486,526,Tak,Tak,Nie,Nie,d,Podstawowy,1090
39,3,22.01.2021,6040,774,Tak,Tak,Nie,Nie,a,Podstawowy,260
40,3,22.01.2021,5197,684,Tak,Tak,Nie,Nie,a,Podstawowy,180
41,3,22.01.2021,5507,385,Tak,Tak,Nie,Nie,d,Rozszerzony,1180
42,3,22.01.2021,12077,1283,Tak,Tak,Nie,Nie,a,Rozszerzony,290
43,3,22.01.2021,8452,698,Tak,Tak,Nie,Nie,d,Podstawowy,4880
44,3,22.01.2021,6587,700,Tak,Tak,Nie,Nie,a,Podstawowy,540
45,3,22.01.2021,4844,335,Tak,Tak,Nie,Nie,d,Podstawowy,9710
46,3,22.01.2021,6079,694,Tak,Tak,Nie,Nie,c,Podstawowy,1200
47,3,22.01.2021,8034,1009,Tak,Tak,Nie,Nie,a,Rozszerzony,270
48,3,22.01.2021,4217,435,Tak,Tak,Nie,Nie,a,Podstawowy,1060
49,3,22.01.2021,7415,528,Tak,Tak,Nie,Nie,d,Rozszerzony,18010
50,3,22.01.2021,4758,361,Tak,Tak,Nie,Nie,d,Podstawowy,6260
1,2,21.01.2021,5151,551,Tak,Tak,Nie,Nie,c,Podstawowy,1270
2,2,21.01.2021,6564,691,Tak,Tak,Nie,Nie,a,Podstawowy,570
3,2,21.01.2021,9246,850,Tak,Tak,Nie,Nie,a,Podstawowy,14130
4,2,21.01.2021,9456,1307,Tak,Tak,Nie,Nie,c,Rozszerzony,620
5,2,21.01.2021,5371,568,Tak,Tak,Nie,Nie,a,Podstawowy,29910
6,2,21.01.2021,5838,638,Tak,Tak,Nie,Nie,a,Podstawowy,310
7,2,21.01.2021,9105,923,Tak,Tak,Nie,Nie,a,Rozszerzony,24000
8,2,21.01.2021,6390,709,Tak,Tak,Nie,Nie,a,Podstawowy,7520
9,2,21.01.2021,7391,603,Tak,Tak,Nie,Nie,a,Rozszerzony,2030
10,2,21.01.2021,6444,632,Tak,Tak,Nie,Nie,a,Podstawowy,3160
11,2,21.01.2021,7950,1091,Tak,Tak,Nie,Nie,a,Rozszerzony,960
12,2,21.01.2021,8593,882,Tak,Tak,Nie,Nie,a,Rozszerzony,1070
13,2,21.01.2021,7046,475,Tak,Tak,Nie,Nie,d,Podstawowy,310
14,2,21.01.2021,6376,704,Tak,Tak,Nie,Nie,a,Podstawowy,1300
15,2,21.01.2021,6586,598,Tak,Tak,Nie,Nie,d,Rozszerzony,4110
16,2,21.01.2021,10302,1027,Tak,Tak,Nie,Nie,a,Rozszerzony,3270
17,2,21.01.2021,7942,927,Tak,Tak,Nie,Nie,a,Podstawowy,50
18,2,21.01.2021,7182,717,Tak,Tak,Nie,Nie,d,Rozszerzony,13840
19,2,21.01.2021,7071,712,Tak,Tak,Nie,Nie,a,Rozszerzony,3240
20,2,21.01.2021,7639,818,Tak,Tak,Nie,Nie,d,Podstawowy,2340
21,2,21.01.2021,8005,608,Tak,Tak,Nie,Nie,c,Rozszerzony,550
22,2,21.01.2021,5131,510,Tak,Tak,Nie,Nie,a,Podstawowy,1040
23,2,21.01.2021,6222,474,Tak,Tak,Nie,Nie,d,Podstawowy,4060
24,2,21.01.2021,10586,882,Tak,Tak,Nie,Nie,a,Rozszerzony,4590
25,2,21.01.2021,0,0,Nie,Tak,Nie,Nie,c,Podstawowy,430
26,2,21.01.2021,7330,557,Tak,Tak,Nie,Nie,d,Podstawowy,2300
27,2,21.01.2021,11751,1188,Tak,Tak,Nie,Nie,a,Podstawowy,60
28,2,21.01.2021,6191,651,Tak,Tak,Nie,Nie,a,Podstawowy,1200
29,2,21.01.2021,8531,753,Tak,Tak,Nie,Nie,d,Rozszerzony,2170
30,2,21.01.2021,7610,1075,Tak,Tak,Nie,Nie,a,Podstawowy,40
31,2,21.01.2021,6762,568,Tak,Tak,Nie,Nie,d,Rozszerzony,9800
32,2,21.01.2021,5124,518,Tak,Tak,Nie,Nie,a,Podstawowy,2910
33,2,21.01.2021,9901,922,Tak,Tak,Nie,Nie,a,Rozszerzony,1320
34,2,21.01.2021,8326,942,Tak,Tak,Nie,Nie,c,Podstawowy,2240
35,2,21.01.2021,10839,793,Tak,Tak,Nie,Nie,d,Rozszerzony,7660
36,2,21.01.2021,8143,1033,Tak,Tak,Nie,Nie,a,Rozszerzony,540
37,2,21.01.2021,4978,455,Tak,Tak,Nie,Nie,c,Podstawowy,4230
38,2,21.01.2021,6620,548,Tak,Tak,Nie,Nie,d,Podstawowy,1090
39,2,21.01.2021,6236,732,Tak,Tak,Nie,Nie,a,Podstawowy,260
40,2,21.01.2021,5903,740,Tak,Tak,Nie,Nie,a,Podstawowy,180
41,2,21.01.2021,5185,378,Tak,Tak,Nie,Nie,d,Rozszerzony,1180
42,2,21.01.2021,11594,1186,Tak,Tak,Nie,Nie,a,Rozszerzony,290
43,2,21.01.2021,8109,679,Tak,Tak,Nie,Nie,d,Podstawowy,4880
44,2,21.01.2021,6665,683,Tak,Tak,Nie,Nie,a,Podstawowy,540
45,2,21.01.2021,6144,418,Tak,Tak,Nie,Nie,d,Podstawowy,9710
46,2,21.01.2021,6495,748,Tak,Tak,Nie,Nie,c,Podstawowy,1200
47,2,21.01.2021,6757,899,Tak,Tak,Nie,Nie,a,Rozszerzony,270
48,2,21.01.2021,4361,459,Tak,Tak,Nie,Nie,a,Podstawowy,1060
49,2,21.01.2021,7284,518,Tak,Tak,Nie,Nie,d,Rozszerzony,18010
50,2,21.01.2021,5108,378,Tak,Tak,Nie,Nie,d,Podstawowy,6260
1,1,20.01.2021,6148,653,Tak,Tak,Nie,Nie,c,Podstawowy,1270
2,1,20.01.2021,7082,739,Tak,Tak,Nie,Nie,a,Podstawowy,570
3,1,20.01.2021,10251,943,Tak,Tak,Nie,Nie,a,Podstawowy,14130
4,1,20.01.2021,10734,1378,Tak,Tak,Nie,Nie,c,Rozszerzony,620
5,1,20.01.2021,7716,705,Tak,Tak,Nie,Nie,a,Podstawowy,29910
6,1,20.01.2021,6655,705,Tak,Tak,Nie,Nie,a,Podstawowy,310
7,1,20.01.2021,11706,1106,Tak,Tak,Nie,Nie,a,Rozszerzony,24000
8,1,20.01.2021,8293,873,Tak,Tak,Nie,Nie,a,Podstawowy,7520
9,1,20.01.2021,10173,766,Tak,Tak,Nie,Nie,a,Rozszerzony,2030
10,1,20.01.2021,7962,779,Tak,Tak,Nie,Nie,a,Podstawowy,3160
11,1,20.01.2021,9001,1223,Tak,Tak,Nie,Nie,a,Rozszerzony,960
12,1,20.01.2021,12042,1159,Tak,Tak,Nie,Nie,a,Rozszerzony,1070
13,1,20.01.2021,9066,546,Tak,Tak,Nie,Nie,d,Podstawowy,310
14,1,20.01.2021,7623,793,Tak,Tak,Nie,Nie,a,Podstawowy,1300
15,1,20.01.2021,8828,789,Tak,Tak,Nie,Nie,d,Rozszerzony,4110
16,1,20.01.2021,10887,1090,Tak,Tak,Nie,Nie,a,Rozszerzony,3270
17,1,20.01.2021,10780,1086,Tak,Tak,Nie,Nie,a,Podstawowy,50
18,1,20.01.2021,9169,874,Tak,Tak,Nie,Nie,d,Rozszerzony,13840
19,1,20.01.2021,9454,812,Tak,Tak,Nie,Nie,a,Rozszerzony,3240
20,1,20.01.2021,9652,1046,Tak,Tak,Nie,Nie,d,Podstawowy,2340
21,1,20.01.2021,9516,735,Tak,Tak,Nie,Nie,c,Rozszerzony,550
22,1,20.01.2021,6752,628,Tak,Tak,Nie,Nie,a,Podstawowy,1040
23,1,20.01.2021,9334,655,Tak,Tak,Nie,Nie,d,Podstawowy,4060
24,1,20.01.2021,13643,1034,Tak,Tak,Nie,Nie,a,Rozszerzony,4590
25,1,20.01.2021,0,0,Nie,Tak,Nie,Nie,c,Podstawowy,430
26,1,20.01.2021,9813,699,Tak,Tak,Nie,Nie,d,Podstawowy,2300
27,1,20.01.2021,14150,1331,Tak,Tak,Nie,Nie,a,Podstawowy,60
28,1,20.01.2021,8757,820,Tak,Tak,Nie,Nie,a,Podstawowy,1200
29,1,20.01.2021,12932,1021,Tak,Tak,Nie,Nie,d,Rozszerzony,2170
30,1,20.01.2021,8227,1078,Tak,Tak,Nie,Nie,a,Podstawowy,40
31,1,20.01.2021,6719,619,Tak,Tak,Nie,Nie,d,Rozszerzony,9800
32,1,20.01.2021,6468,700,Tak,Tak,Nie,Nie,a,Podstawowy,2910
33,1,20.01.2021,11210,1032,Tak,Tak,Nie,Nie,a,Rozszerzony,1320
34,1,20.01.2021,7626,890,Tak,Tak,Nie,Nie,c,Podstawowy,2240
35,1,20.01.2021,15239,963,Tak,Tak,Nie,Nie,d,Rozszerzony,7660
36,1,20.01.2021,9710,1185,Tak,Tak,Nie,Nie,a,Rozszerzony,540
37,1,20.01.2021,8974,791,Tak,Tak,Nie,Nie,c,Podstawowy,4230
38,1,20.01.2021,10019,758,Tak,Tak,Nie,Nie,d,Podstawowy,1090
39,1,20.01.2021,8610,932,Tak,Tak,Nie,Nie,a,Podstawowy,260
40,1,20.01.2021,5387,657,Tak,Tak,Nie,Nie,a,Podstawowy,180
41,1,20.01.2021,7917,523,Tak,Tak,Nie,Nie,d,Rozszerzony,1180
42,1,20.01.2021,13500,1290,Tak,Tak,Nie,Nie,a,Rozszerzony,290
43,1,20.01.2021,11331,827,Tak,Tak,Nie,Nie,d,Podstawowy,4880
44,1,20.01.2021,5420,502,Tak,Tak,Nie,Nie,a,Podstawowy,540
45,1,20.01.2021,7330,484,Tak,Tak,Nie,Nie,d,Podstawowy,9710
46,1,20.01.2021,8793,882,Tak,Tak,Nie,Nie,c,Podstawowy,1200
47,1,20.01.2021,8688,1048,Tak,Tak,Nie,Nie,a,Rozszerzony,270
48,1,20.01.2021,5266,546,Tak,Tak,Nie,Nie,a,Podstawowy,1060
49,1,20.01.2021,10451,641,Tak,Tak,Nie,Nie,d,Rozszerzony,18010
50,1,20.01.2021,6585,473,Tak,Tak,Nie,Nie,d,Podstawowy,6260
1,7,19.01.2021,0,0,Nie,Nie,Nie,Nie,c,Podstawowy,1270
2,7,19.01.2021,0,0,Nie,Nie,Nie,Nie,a,Podstawowy,570
3,7,19.01.2021,0,0,Nie,Nie,Nie,Nie,a,Podstawowy,14130
4,7,19.01.2021,0,0,Nie,Nie,Nie,Nie,c,Rozszerzony,620
5,7,19.01.2021,0,0,Nie,Nie,Nie,Nie,a,Podstawowy,29910
6,7,19.01.2021,0,0,Nie,Nie,Nie,Nie,a,Podstawowy,310
7,7,19.01.2021,0,0,Nie,Nie,Nie,Nie,a,Rozszerzony,24000
8,7,19.01.2021,0,0,Nie,Nie,Nie,Nie,a,Podstawowy,7520
9,7,19.01.2021,0,0,Nie,Nie,Nie,Nie,a,Rozszerzony,2030
10,7,19.01.2021,0,0,Nie,Nie,Nie,Nie,a,Podstawowy,3160
11,7,19.01.2021,0,0,Nie,Nie,Nie,Nie,a,Rozszerzony,960
12,7,19.01.2021,0,0,Nie,Nie,Nie,Nie,a,Rozszerzony,1070
13,7,19.01.2021,0,0,Nie,Nie,Nie,Nie,d,Podstawowy,310
14,7,19.01.2021,0,0,Nie,Nie,Nie,Nie,a,Podstawowy,1300
15,7,19.01.2021,0,0,Nie,Nie,Nie,Nie,d,Rozszerzony,4110
16,7,19.01.2021,0,0,Nie,Nie,Nie,Nie,a,Rozszerzony,3270
17,7,19.01.2021,0,0,Nie,Nie,Nie,Nie,a,Podstawowy,50
18,7,19.01.2021,0,0,Nie,Nie,Nie,Nie,d,Rozszerzony,13840
19,7,19.01.2021,0,0,Nie,Nie,Nie,Nie,a,Rozszerzony,3240
20,7,19.01.2021,0,0,Nie,Nie,Nie,Nie,d,Podstawowy,2340
21,7,19.01.2021,0,0,Nie,Nie,Nie,Nie,c,Rozszerzony,550
22,7,19.01.2021,0,0,Nie,Nie,Nie,Nie,a,Podstawowy,1040
23,7,19.01.2021,0,0,Nie,Nie,Nie,Nie,d,Podstawowy,4060
24,7,19.01.2021,0,0,Nie,Nie,Nie,Nie,a,Rozszerzony,4590
25,7,19.01.2021,0,0,Nie,Nie,Nie,Nie,c,Podstawowy,430
26,7,19.01.2021,0,0,Nie,Nie,Nie,Nie,d,Podstawowy,2300
27,7,19.01.2021,0,0,Nie,Nie,Nie,Nie,a,Podstawowy,60
28,7,19.01.2021,0,0,Nie,Nie,Nie,Nie,a,Podstawowy,1200
29,7,19.01.2021,0,0,Nie,Nie,Nie,Nie,d,Rozszerzony,2170
30,7,19.01.2021,0,0,Nie,Nie,Nie,Nie,a,Podstawowy,40
31,7,19.01.2021,0,0,Nie,Nie,Nie,Nie,d,Rozszerzony,9800
32,7,19.01.2021,0,0,Nie,Nie,Nie,Nie,a,Podstawowy,2910
33,7,19.01.2021,0,0,Nie,Nie,Nie,Nie,a,Rozszerzony,1320
34,7,19.01.2021,0,0,Nie,Nie,Nie,Nie,c,Podstawowy,2240
35,7,19.01.2021,0,0,Nie,Nie,Nie,Nie,d,Rozszerzony,7660
36,7,19.01.2021,0,0,Nie,Nie,Nie,Nie,a,Rozszerzony,540
37,7,19.01.2021,0,0,Nie,Nie,Nie,Nie,c,Podstawowy,4230
38,7,19.01.2021,0,0,Nie,Nie,Nie,Nie,d,Podstawowy,1090
39,7,19.01.2021,0,0,Nie,Nie,Nie,Nie,a,Podstawowy,260
40,7,19.01.2021,0,0,Nie,Nie,Nie,Nie,a,Podstawowy,180
41,7,19.01.2021,0,0,Nie,Nie,Nie,Nie,d,Rozszerzony,1180
42,7,19.01.2021,0,0,Nie,Nie,Nie,Nie,a,Rozszerzony,290
43,7,19.01.2021,0,0,Nie,Nie,Nie,Nie,d,Podstawowy,4880
44,7,19.01.2021,0,0,Nie,Nie,Nie,Nie,a,Podstawowy,540
45,7,19.01.2021,0,0,Nie,Nie,Nie,Nie,d,Podstawowy,9710
46,7,19.01.2021,0,0,Nie,Nie,Nie,Nie,c,Podstawowy,1200
47,7,19.01.2021,0,0,Nie,Nie,Nie,Nie,a,Rozszerzony,270
48,7,19.01.2021,0,0,Nie,Nie,Nie,Nie,a,Podstawowy,1060
49,7,19.01.2021,0,0,Nie,Nie,Nie,Nie,d,Rozszerzony,18010
50,7,19.01.2021,0,0,Nie,Nie,Nie,Nie,d,Podstawowy,6260
1,6,18.01.2021,5128,630,Tak,Nie,Nie,Nie,c,Podstawowy,1270
2,6,18.01.2021,2497,322,Tak,Nie,Nie,Nie,a,Podstawowy,570
3,6,18.01.2021,4232,449,Tak,Nie,Nie,Nie,a,Podstawowy,14130
4,6,18.01.2021,9451,1345,Tak,Nie,Nie,Nie,c,Rozszerzony,620
5,6,18.01.2021,1940,222,Tak,Nie,Nie,Nie,a,Podstawowy,29910
6,6,18.01.2021,3141,384,Tak,Nie,Nie,Nie,a,Podstawowy,310
7,6,18.01.2021,4786,537,Tak,Nie,Nie,Nie,a,Rozszerzony,24000
8,6,18.01.2021,2089,292,Tak,Nie,Nie,Nie,a,Podstawowy,7520
9,6,18.01.2021,6118,542,Tak,Nie,Nie,Nie,a,Rozszerzony,2030
10,6,18.01.2021,4788,502,Tak,Nie,Nie,Nie,a,Podstawowy,3160
11,6,18.01.2021,5853,859,Tak,Nie,Nie,Nie,a,Rozszerzony,960
12,6,18.01.2021,6249,802,Tak,Nie,Nie,Nie,a,Rozszerzony,1070
13,6,18.01.2021,4397,372,Tak,Nie,Nie,Nie,d,Podstawowy,310
14,6,18.01.2021,3319,387,Tak,Nie,Nie,Nie,a,Podstawowy,1300
15,6,18.01.2021,5945,635,Tak,Nie,Nie,Nie,d,Rozszerzony,4110
16,6,18.01.2021,5102,564,Tak,Nie,Nie,Nie,a,Rozszerzony,3270
17,6,18.01.2021,2333,338,Tak,Nie,Nie,Nie,a,Podstawowy,50
18,6,18.01.2021,4417,498,Tak,Nie,Nie,Nie,d,Rozszerzony,13840
19,6,18.01.2021,3702,395,Tak,Nie,Nie,Nie,a,Rozszerzony,3240
20,6,18.01.2021,4811,504,Tak,Nie,Nie,Nie,d,Podstawowy,2340
21,6,18.01.2021,4712,516,Tak,Nie,Nie,Nie,c,Rozszerzony,550
22,6,18.01.2021,3266,372,Tak,Nie,Nie,Nie,a,Podstawowy,1040
23,6,18.01.2021,4696,439,Tak,Nie,Nie,Nie,d,Podstawowy,4060
24,6,18.01.2021,7519,745,Tak,Nie,Nie,Nie,a,Rozszerzony,4590
25,6,18.01.2021,0,0,Nie,Nie,Nie,Nie,c,Podstawowy,430
26,6,18.01.2021,4869,500,Tak,Nie,Nie,Nie,d,Podstawowy,2300
27,6,18.01.2021,7261,907,Tak,Nie,Nie,Nie,a,Podstawowy,60
28,6,18.01.2021,2456,278,Tak,Nie,Nie,Nie,a,Podstawowy,1200
29,6,18.01.2021,6271,592,Tak,Nie,Nie,Nie,d,Rozszerzony,2170
30,6,18.01.2021,5149,841,Tak,Nie,Nie,Nie,a,Podstawowy,40
31,6,18.01.2021,5107,566,Tak,Nie,Nie,Nie,d,Rozszerzony,9800
32,6,18.01.2021,2260,291,Tak,Nie,Nie,Nie,a,Podstawowy,2910
33,6,18.01.2021,8063,857,Tak,Nie,Nie,Nie,a,Rozszerzony,1320
34,6,18.01.2021,6577,900,Tak,Nie,Nie,Nie,c,Podstawowy,2240
35,6,18.01.2021,6852,609,Tak,Nie,Nie,Nie,d,Rozszerzony,7660
36,6,18.01.2021,9093,1048,Tak,Nie,Nie,Nie,a,Rozszerzony,540
37,6,18.01.2021,8303,1033,Tak,Nie,Nie,Nie,c,Podstawowy,4230
38,6,18.01.2021,5912,588,Tak,Nie,Nie,Nie,d,Podstawowy,1090
39,6,18.01.2021,2857,419,Tak,Nie,Nie,Nie,a,Podstawowy,260
40,6,18.01.2021,5546,790,Tak,Nie,Nie,Nie,a,Podstawowy,180
41,6,18.01.2021,4820,358,Tak,Nie,Nie,Nie,d,Rozszerzony,1180
42,6,18.01.2021,8496,1013,Tak,Nie,Nie,Nie,a,Rozszerzony,290
43,6,18.01.2021,4858,456,Tak,Nie,Nie,Nie,d,Podstawowy,4880
44,6,18.01.2021,3627,477,Tak,Nie,Nie,Nie,a,Podstawowy,540
45,6,18.01.2021,5333,417,Tak,Nie,Nie,Nie,d,Podstawowy,9710
46,6,18.01.2021,5068,693,Tak,Nie,Nie,Nie,c,Podstawowy,1200
47,6,18.01.2021,4982,754,Tak,Nie,Nie,Nie,a,Rozszerzony,270
48,6,18.01.2021,3156,340,Tak,Nie,Nie,Nie,a,Podstawowy,1060
49,6,18.01.2021,6951,535,Tak,Nie,Nie,Nie,d,Rozszerzony,18010
50,6,18.01.2021,4381,404,Tak,Nie,Nie,Nie,d,Podstawowy,6260
1,5,17.01.2021,3803,479,Tak,Nie,Nie,Nie,c,Podstawowy,1270
2,5,17.01.2021,3868,480,Tak,Nie,Nie,Nie,a,Podstawowy,570
3,5,17.01.2021,5115,660,Tak,Nie,Nie,Nie,a,Podstawowy,14130
4,5,17.01.2021,7654,1117,Tak,Nie,Nie,Nie,c,Rozszerzony,620
5,5,17.01.2021,4169,520,Tak,Nie,Nie,Nie,a,Podstawowy,29910
6,5,17.01.2021,4563,567,Tak,Nie,Nie,Nie,a,Podstawowy,310
7,5,17.01.2021,7980,947,Tak,Nie,Nie,Nie,a,Rozszerzony,24000
8,5,17.01.2021,3984,495,Tak,Nie,Nie,Nie,a,Podstawowy,7520
9,5,17.01.2021,5936,536,Tak,Nie,Nie,Nie,a,Rozszerzony,2030
10,5,17.01.2021,4634,528,Tak,Nie,Nie,Nie,a,Podstawowy,3160
11,5,17.01.2021,6485,1070,Tak,Nie,Nie,Nie,a,Rozszerzony,960
12,5,17.01.2021,5810,779,Tak,Nie,Nie,Nie,a,Rozszerzony,1070
13,5,17.01.2021,3012,269,Tak,Nie,Nie,Nie,d,Podstawowy,310
14,5,17.01.2021,4586,592,Tak,Nie,Nie,Nie,a,Podstawowy,1300
15,5,17.01.2021,5568,641,Tak,Nie,Nie,Nie,d,Rozszerzony,4110
16,5,17.01.2021,6823,819,Tak,Nie,Nie,Nie,a,Rozszerzony,3270
17,5,17.01.2021,4373,691,Tak,Nie,Nie,Nie,a,Podstawowy,50
18,5,17.01.2021,6036,727,Tak,Nie,Nie,Nie,d,Rozszerzony,13840
19,5,17.01.2021,5661,598,Tak,Nie,Nie,Nie,a,Rozszerzony,3240
20,5,17.01.2021,5293,662,Tak,Nie,Nie,Nie,d,Podstawowy,2340
21,5,17.01.2021,4137,434,Tak,Nie,Nie,Nie,c,Rozszerzony,550
22,5,17.01.2021,4108,454,Tak,Nie,Nie,Nie,a,Podstawowy,1040
23,5,17.01.2021,4903,468,Tak,Nie,Nie,Nie,d,Podstawowy,4060
24,5,17.01.2021,8057,792,Tak,Nie,Nie,Nie,a,Rozszerzony,4590
25,5,17.01.2021,0,0,Nie,Nie,Nie,Nie,c,Podstawowy,430
26,5,17.01.2021,5964,568,Tak,Nie,Nie,Nie,d,Podstawowy,2300
27,5,17.01.2021,7278,1012,Tak,Nie,Nie,Nie,a,Podstawowy,60
28,5,17.01.2021,4874,609,Tak,Nie,Nie,Nie,a,Podstawowy,1200
29,5,17.01.2021,5219,532,Tak,Nie,Nie,Nie,d,Rozszerzony,2170
30,5,17.01.2021,4605,740,Tak,Nie,Nie,Nie,a,Podstawowy,40
31,5,17.01.2021,5302,563,Tak,Nie,Nie,Nie,d,Rozszerzony,9800
32,5,17.01.2021,3349,432,Tak,Nie,Nie,Nie,a,Podstawowy,2910
33,5,17.01.2021,6048,712,Tak,Nie,Nie,Nie,a,Rozszerzony,1320
34,5,17.01.2021,6909,929,Tak,Nie,Nie,Nie,c,Podstawowy,2240
35,5,17.01.2021,7431,666,Tak,Nie,Nie,Nie,d,Rozszerzony,7660
36,5,17.01.2021,7233,917,Tak,Nie,Nie,Nie,a,Rozszerzony,540
37,5,17.01.2021,5840,744,Tak,Nie,Nie,Nie,c,Podstawowy,4230
38,5,17.01.2021,4206,431,Tak,Nie,Nie,Nie,d,Podstawowy,1090
39,5,17.01.2021,3348,504,Tak,Nie,Nie,Nie,a,Podstawowy,260
40,5,17.01.2021,3587,533,Tak,Nie,Nie,Nie,a,Podstawowy,180
41,5,17.01.2021,5256,356,Tak,Nie,Nie,Nie,d,Rozszerzony,1180
42,5,17.01.2021,7564,946,Tak,Nie,Nie,Nie,a,Rozszerzony,290
43,5,17.01.2021,5705,568,Tak,Nie,Nie,Nie,d,Podstawowy,4880
44,5,17.01.2021,5006,631,Tak,Nie,Nie,Nie,a,Podstawowy,540
45,5,17.01.2021,3654,330,Tak,Nie,Nie,Nie,d,Podstawowy,9710
46,5,17.01.2021,3994,600,Tak,Nie,Nie,Nie,c,Podstawowy,1200
47,5,17.01.2021,5426,798,Tak,Nie,Nie,Nie,a,Rozszerzony,270
48,5,17.01.2021,3793,451,Tak,Nie,Nie,Nie,a,Podstawowy,1060
49,5,17.01.2021,5805,450,Tak,Nie,Nie,Nie,d,Rozszerzony,18010
50,5,17.01.2021,3270,303,Tak,Nie,Nie,Nie,d,Podstawowy,6260
1,4,16.01.2021,3632,477,Tak,Nie,Nie,Nie,c,Podstawowy,1270
2,4,16.01.2021,3998,507,Tak,Nie,Nie,Nie,a,Podstawowy,570
3,4,16.01.2021,5395,681,Tak,Nie,Nie,Nie,a,Podstawowy,14130
4,4,16.01.2021,6927,1064,Tak,Nie,Nie,Nie,c,Rozszerzony,620
5,4,16.01.2021,3411,464,Tak,Nie,Nie,Nie,a,Podstawowy,29910
6,4,16.01.2021,4220,560,Tak,Nie,Nie,Nie,a,Podstawowy,310
7,4,16.01.2021,5681,641,Tak,Nie,Nie,Nie,a,Rozszerzony,24000
8,4,16.01.2021,4352,655,Tak,Nie,Nie,Nie,a,Podstawowy,7520
9,4,16.01.2021,4868,496,Tak,Nie,Nie,Nie,a,Rozszerzony,2030
10,4,16.01.2021,4279,509,Tak,Nie,Nie,Nie,a,Podstawowy,3160
11,4,16.01.2021,6491,1042,Tak,Nie,Nie,Nie,a,Rozszerzony,960
12,4,16.01.2021,4874,702,Tak,Nie,Nie,Nie,a,Rozszerzony,1070
13,4,16.01.2021,3292,302,Tak,Nie,Nie,Nie,d,Podstawowy,310
14,4,16.01.2021,4054,544,Tak,Nie,Nie,Nie,a,Podstawowy,1300
15,4,16.01.2021,4737,549,Tak,Nie,Nie,Nie,d,Rozszerzony,4110
16,4,16.01.2021,6635,832,Tak,Nie,Nie,Nie,a,Rozszerzony,3270
17,4,16.01.2021,5037,715,Tak,Nie,Nie,Nie,a,Podstawowy,50
18,4,16.01.2021,4863,612,Tak,Nie,Nie,Nie,d,Rozszerzony,13840
19,4,16.01.2021,5313,577,Tak,Nie,Nie,Nie,a,Rozszerzony,3240
20,4,16.01.2021,7362,982,Tak,Nie,Nie,Nie,d,Podstawowy,2340
21,4,16.01.2021,3774,394,Tak,Nie,Nie,Nie,c,Rozszerzony,550
22,4,16.01.2021,3844,491,Tak,Nie,Nie,Nie,a,Podstawowy,1040
23,4,16.01.2021,3829,371,Tak,Nie,Nie,Nie,d,Podstawowy,4060
24,4,16.01.2021,6792,706,Tak,Nie,Nie,Nie,a,Rozszerzony,4590
25,4,16.01.2021,0,0,Nie,Nie,Nie,Nie,c,Podstawowy,430
26,4,16.01.2021,4446,458,Tak,Nie,Nie,Nie,d,Podstawowy,2300
27,4,16.01.2021,6404,869,Tak,Nie,Nie,Nie,a,Podstawowy,60
28,4,16.01.2021,3918,505,Tak,Nie,Nie,Nie,a,Podstawowy,1200
29,4,16.01.2021,5137,509,Tak,Nie,Nie,Nie,d,Rozszerzony,2170
30,4,16.01.2021,4610,780,Tak,Nie,Nie,Nie,a,Podstawowy,40
31,4,16.01.2021,4826,508,Tak,Nie,Nie,Nie,d,Rozszerzony,9800
32,4,16.01.2021,3033,419,Tak,Nie,Nie,Nie,a,Podstawowy,2910
33,4,16.01.2021,6115,662,Tak,Nie,Nie,Nie,a,Rozszerzony,1320
34,4,16.01.2021,5922,825,Tak,Nie,Nie,Nie,c,Podstawowy,2240
35,4,16.01.2021,6934,560,Tak,Nie,Nie,Nie,d,Rozszerzony,7660
36,4,16.01.2021,7135,925,Tak,Nie,Nie,Nie,a,Rozszerzony,540
37,4,16.01.2021,4924,617,Tak,Nie,Nie,Nie,c,Podstawowy,4230
38,4,16.01.2021,3604,356,Tak,Nie,Nie,Nie,d,Podstawowy,1090
39,4,16.01.2021,3473,470,Tak,Nie,Nie,Nie,a,Podstawowy,260
40,4,16.01.2021,3477,571,Tak,Nie,Nie,Nie,a,Podstawowy,180
41,4,16.01.2021,4122,335,Tak,Nie,Nie,Nie,d,Rozszerzony,1180
42,4,16.01.2021,7757,916,Tak,Nie,Nie,Nie,a,Rozszerzony,290
43,4,16.01.2021,4922,536,Tak,Nie,Nie,Nie,d,Podstawowy,4880
44,4,16.01.2021,3869,515,Tak,Nie,Nie,Nie,a,Podstawowy,540
45,4,16.01.2021,4041,317,Tak,Nie,Nie,Nie,d,Podstawowy,9710
46,4,16.01.2021,3287,513,Tak,Nie,Nie,Nie,c,Podstawowy,1200
47,4,16.01.2021,5174,751,Tak,Nie,Nie,Nie,a,Rozszerzony,270
48,4,16.01.2021,3131,384,Tak,Nie,Nie,Nie,a,Podstawowy,1060
49,4,16.01.2021,5228,441,Tak,Nie,Nie,Nie,d,Rozszerzony,18010
50,4,16.01.2021,2813,265,Tak,Nie,Nie,Nie,d,Podstawowy,6260
1,3,15.01.2021,3776,486,Tak,Nie,Nie,Nie,c,Podstawowy,1270
2,3,15.01.2021,4919,673,Tak,Nie,Nie,Nie,a,Podstawowy,570
3,3,15.01.2021,5163,665,Tak,Nie,Nie,Nie,a,Podstawowy,14130
4,3,15.01.2021,6571,1053,Tak,Nie,Nie,Nie,c,Rozszerzony,620
5,3,15.01.2021,3837,538,Tak,Nie,Nie,Nie,a,Podstawowy,29910
6,3,15.01.2021,4008,515,Tak,Nie,Nie,Nie,a,Podstawowy,310
7,3,15.01.2021,6360,732,Tak,Nie,Nie,Nie,a,Rozszerzony,24000
8,3,15.01.2021,3594,496,Tak,Nie,Nie,Nie,a,Podstawowy,7520
9,3,15.01.2021,4830,473,Tak,Nie,Nie,Nie,a,Rozszerzony,2030
10,3,15.01.2021,3959,485,Tak,Nie,Nie,Nie,a,Podstawowy,3160
11,3,15.01.2021,6500,1073,Tak,Nie,Nie,Nie,a,Rozszerzony,960
12,3,15.01.2021,5824,766,Tak,Nie,Nie,Nie,a,Rozszerzony,1070
13,3,15.01.2021,3171,272,Tak,Nie,Nie,Nie,d,Podstawowy,310
14,3,15.01.2021,4609,576,Tak,Nie,Nie,Nie,a,Podstawowy,1300
15,3,15.01.2021,4837,572,Tak,Nie,Nie,Nie,d,Rozszerzony,4110
16,3,15.01.2021,6697,846,Tak,Nie,Nie,Nie,a,Rozszerzony,3270
17,3,15.01.2021,5403,772,Tak,Nie,Nie,Nie,a,Podstawowy,50
18,3,15.01.2021,5299,673,Tak,Nie,Nie,Nie,d,Rozszerzony,13840
19,3,15.01.2021,4565,544,Tak,Nie,Nie,Nie,a,Rozszerzony,3240
20,3,15.01.2021,7466,906,Tak,Nie,Nie,Nie,d,Podstawowy,2340
21,3,15.01.2021,3634,382,Tak,Nie,Nie,Nie,c,Rozszerzony,550
22,3,15.01.2021,3437,459,Tak,Nie,Nie,Nie,a,Podstawowy,1040
23,3,15.01.2021,3651,362,Tak,Nie,Nie,Nie,d,Podstawowy,4060
24,3,15.01.2021,6949,720,Tak,Nie,Nie,Nie,a,Rozszerzony,4590
25,3,15.01.2021,0,0,Nie,Nie,Nie,Nie,c,Podstawowy,430
26,3,15.01.2021,4598,420,Tak,Nie,Nie,Nie,d,Podstawowy,2300
27,3,15.01.2021,7074,898,Tak,Nie,Nie,Nie,a,Podstawowy,60
28,3,15.01.2021,4120,514,Tak,Nie,Nie,Nie,a,Podstawowy,1200
29,3,15.01.2021,4936,515,Tak,Nie,Nie,Nie,d,Rozszerzony,2170
30,3,15.01.2021,4214,685,Tak,Nie,Nie,Nie,a,Podstawowy,40
31,3,15.01.2021,4438,490,Tak,Nie,Nie,Nie,d,Rozszerzony,9800
32,3,15.01.2021,3981,534,Tak,Nie,Nie,Nie,a,Podstawowy,2910
33,3,15.01.2021,6426,703,Tak,Nie,Nie,Nie,a,Rozszerzony,1320
34,3,15.01.2021,6026,861,Tak,Nie,Nie,Nie,c,Podstawowy,2240
35,3,15.01.2021,7161,623,Tak,Nie,Nie,Nie,d,Rozszerzony,7660
36,3,15.01.2021,7497,962,Tak,Nie,Nie,Nie,a,Rozszerzony,540
37,3,15.01.2021,4409,537,Tak,Nie,Nie,Nie,c,Podstawowy,4230
38,3,15.01.2021,3475,351,Tak,Nie,Nie,Nie,d,Podstawowy,1090
39,3,15.01.2021,3747,565,Tak,Nie,Nie,Nie,a,Podstawowy,260
40,3,15.01.2021,3082,504,Tak,Nie,Nie,Nie,a,Podstawowy,180
41,3,15.01.2021,4244,326,Tak,Nie,Nie,Nie,d,Rozszerzony,1180
42,3,15.01.2021,8613,1066,Tak,Nie,Nie,Nie,a,Rozszerzony,290
43,3,15.01.2021,4971,523,Tak,Nie,Nie,Nie,d,Podstawowy,4880
44,3,15.01.2021,4267,568,Tak,Nie,Nie,Nie,a,Podstawowy,540
45,3,15.01.2021,3728,288,Tak,Nie,Nie,Nie,d,Podstawowy,9710
46,3,15.01.2021,3815,531,Tak,Nie,Nie,Nie,c,Podstawowy,1200
47,3,15.01.2021,5491,845,Tak,Nie,Nie,Nie,a,Rozszerzony,270
48,3,15.01.2021,3586,420,Tak,Nie,Nie,Nie,a,Podstawowy,1060
49,3,15.01.2021,5236,410,Tak,Nie,Nie,Nie,d,Rozszerzony,18010
50,3,15.01.2021,2481,238,Tak,Nie,Nie,Nie,d,Podstawowy,6260
1,2,14.01.2021,3621,464,Tak,Nie,Nie,Nie,c,Podstawowy,1270
2,2,14.01.2021,4195,497,Tak,Nie,Nie,Nie,a,Podstawowy,570
3,2,14.01.2021,4934,648,Tak,Nie,Nie,Nie,a,Podstawowy,14130
4,2,14.01.2021,7465,1075,Tak,Nie,Nie,Nie,c,Rozszerzony,620
5,2,14.01.2021,3473,463,Tak,Nie,Nie,Nie,a,Podstawowy,29910
6,2,14.01.2021,3820,509,Tak,Nie,Nie,Nie,a,Podstawowy,310
7,2,14.01.2021,7525,956,Tak,Nie,Nie,Nie,a,Rozszerzony,24000
8,2,14.01.2021,3929,558,Tak,Nie,Nie,Nie,a,Podstawowy,7520
9,2,14.01.2021,5218,505,Tak,Nie,Nie,Nie,a,Rozszerzony,2030
10,2,14.01.2021,4612,560,Tak,Nie,Nie,Nie,a,Podstawowy,3160
11,2,14.01.2021,6662,1096,Tak,Nie,Nie,Nie,a,Rozszerzony,960
12,2,14.01.2021,5511,815,Tak,Nie,Nie,Nie,a,Rozszerzony,1070
13,2,14.01.2021,2893,238,Tak,Nie,Nie,Nie,d,Podstawowy,310
14,2,14.01.2021,4859,653,Tak,Nie,Nie,Nie,a,Podstawowy,1300
15,2,14.01.2021,4946,567,Tak,Nie,Nie,Nie,d,Rozszerzony,4110
16,2,14.01.2021,6876,828,Tak,Nie,Nie,Nie,a,Rozszerzony,3270
17,2,14.01.2021,5009,763,Tak,Nie,Nie,Nie,a,Podstawowy,50
18,2,14.01.2021,4923,619,Tak,Nie,Nie,Nie,d,Rozszerzony,13840
19,2,14.01.2021,5244,603,Tak,Nie,Nie,Nie,a,Rozszerzony,3240
20,2,14.01.2021,6053,743,Tak,Nie,Nie,Nie,d,Podstawowy,2340
21,2,14.01.2021,3308,356,Tak,Nie,Nie,Nie,c,Rozszerzony,550
22,2,14.01.2021,3478,439,Tak,Nie,Nie,Nie,a,Podstawowy,1040
23,2,14.01.2021,3610,346,Tak,Nie,Nie,Nie,d,Podstawowy,4060
24,2,14.01.2021,6743,705,Tak,Nie,Nie,Nie,a,Rozszerzony,4590
25,2,14.01.2021,1410,237,Tak,Nie,Nie,Nie,c,Podstawowy,430
26,2,14.01.2021,3765,373,Tak,Nie,Nie,Nie,d,Podstawowy,2300
27,2,14.01.2021,7591,988,Tak,Nie,Nie,Nie,a,Podstawowy,60
28,2,14.01.2021,4551,581,Tak,Nie,Nie,Nie,a,Podstawowy,1200
29,2,14.01.2021,5033,507,Tak,Nie,Nie,Nie,d,Rozszerzony,2170
30,2,14.01.2021,4697,819,Tak,Nie,Nie,Nie,a,Podstawowy,40
31,2,14.01.2021,4215,474,Tak,Nie,Nie,Nie,d,Rozszerzony,9800
32,2,14.01.2021,2936,400,Tak,Nie,Nie,Nie,a,Podstawowy,2910
33,2,14.01.2021,6108,748,Tak,Nie,Nie,Nie,a,Rozszerzony,1320
34,2,14.01.2021,6652,925,Tak,Nie,Nie,Nie,c,Podstawowy,2240
35,2,14.01.2021,6407,592,Tak,Nie,Nie,Nie,d,Rozszerzony,7660
36,2,14.01.2021,6230,829,Tak,Nie,Nie,Nie,a,Rozszerzony,540
37,2,14.01.2021,4022,511,Tak,Nie,Nie,Nie,c,Podstawowy,4230
38,2,14.01.2021,3226,351,Tak,Nie,Nie,Nie,d,Podstawowy,1090
39,2,14.01.2021,3593,526,Tak,Nie,Nie,Nie,a,Podstawowy,260
40,2,14.01.2021,3949,619,Tak,Nie,Nie,Nie,a,Podstawowy,180
41,2,14.01.2021,3784,316,Tak,Nie,Nie,Nie,d,Rozszerzony,1180
42,2,14.01.2021,8083,1015,Tak,Nie,Nie,Nie,a,Rozszerzony,290
43,2,14.01.2021,5964,614,Tak,Nie,Nie,Nie,d,Podstawowy,4880
44,2,14.01.2021,4885,582,Tak,Nie,Nie,Nie,a,Podstawowy,540
45,2,14.01.2021,3693,303,Tak,Nie,Nie,Nie,d,Podstawowy,9710
46,2,14.01.2021,3234,477,Tak,Nie,Nie,Nie,c,Podstawowy,1200
47,2,14.01.2021,5585,874,Tak,Nie,Nie,Nie,a,Rozszerzony,270
48,2,14.01.2021,3573,468,Tak,Nie,Nie,Nie,a,Podstawowy,1060
49,2,14.01.2021,5299,451,Tak,Nie,Nie,Nie,d,Rozszerzony,18010
50,2,14.01.2021,2773,260,Tak,Nie,Nie,Nie,d,Podstawowy,6260
1,1,13.01.2021,3994,545,Tak,Nie,Nie,Nie,c,Podstawowy,1270
2,1,13.01.2021,4290,552,Tak,Nie,Nie,Nie,a,Podstawowy,570
3,1,13.01.2021,5420,682,Tak,Nie,Nie,Nie,a,Podstawowy,14130
4,1,13.01.2021,7838,1217,Tak,Nie,Nie,Nie,c,Rozszerzony,620
5,1,13.01.2021,3652,511,Tak,Nie,Nie,Nie,a,Podstawowy,29910
6,1,13.01.2021,4574,601,Tak,Nie,Nie,Nie,a,Podstawowy,310
7,1,13.01.2021,7353,826,Tak,Nie,Nie,Nie,a,Rozszerzony,24000
8,1,13.01.2021,4129,602,Tak,Nie,Nie,Nie,a,Podstawowy,7520
9,1,13.01.2021,6004,573,Tak,Nie,Nie,Nie,a,Rozszerzony,2030
10,1,13.01.2021,5164,582,Tak,Nie,Nie,Nie,a,Podstawowy,3160
11,1,13.01.2021,5808,988,Tak,Nie,Nie,Nie,a,Rozszerzony,960
12,1,13.01.2021,5048,700,Tak,Nie,Nie,Nie,a,Rozszerzony,1070
13,1,13.01.2021,3376,299,Tak,Nie,Nie,Nie,d,Podstawowy,310
14,1,13.01.2021,5123,679,Tak,Nie,Nie,Nie,a,Podstawowy,1300
15,1,13.01.2021,4739,569,Tak,Nie,Nie,Nie,d,Rozszerzony,4110
16,1,13.01.2021,6886,851,Tak,Nie,Nie,Nie,a,Rozszerzony,3270
17,1,13.01.2021,5140,758,Tak,Nie,Nie,Nie,a,Podstawowy,50
18,1,13.01.2021,5218,687,Tak,Nie,Nie,Nie,d,Rozszerzony,13840
19,1,13.01.2021,5561,609,Tak,Nie,Nie,Nie,a,Rozszerzony,3240
20,1,13.01.2021,7454,960,Tak,Nie,Nie,Nie,d,Podstawowy,2340
21,1,13.01.2021,3598,372,Tak,Nie,Nie,Nie,c,Rozszerzony,550
22,1,13.01.2021,3833,491,Tak,Nie,Nie,Nie,a,Podstawowy,1040
23,1,13.01.2021,4027,386,Tak,Nie,Nie,Nie,d,Podstawowy,4060
24,1,13.01.2021,6739,730,Tak,Nie,Nie,Nie,a,Rozszerzony,4590
25,1,13.01.2021,3192,540,Tak,Nie,Nie,Nie,c,Podstawowy,430
26,1,13.01.2021,4619,438,Tak,Nie,Nie,Nie,d,Podstawowy,2300
27,1,13.01.2021,6805,951,Tak,Nie,Nie,Nie,a,Podstawowy,60
28,1,13.01.2021,4608,596,Tak,Nie,Nie,Nie,a,Podstawowy,1200
29,1,13.01.2021,5212,539,Tak,Nie,Nie,Nie,d,Rozszerzony,2170
30,1,13.01.2021,4463,745,Tak,Nie,Nie,Nie,a,Podstawowy,40
31,1,13.01.2021,4595,507,Tak,Nie,Nie,Nie,d,Rozszerzony,9800
32,1,13.01.2021,3787,542,Tak,Nie,Nie,Nie,a,Podstawowy,2910
33,1,13.01.2021,6563,771,Tak,Nie,Nie,Nie,a,Rozszerzony,1320
34,1,13.01.2021,6927,928,Tak,Nie,Nie,Nie,c,Podstawowy,2240
35,1,13.01.2021,7237,640,Tak,Nie,Nie,Nie,d,Rozszerzony,7660
36,1,13.01.2021,7529,981,Tak,Nie,Nie,Nie,a,Rozszerzony,540
37,1,13.01.2021,4446,560,Tak,Nie,Nie,Nie,c,Podstawowy,4230
38,1,13.01.2021,3881,409,Tak,Nie,Nie,Nie,d,Podstawowy,1090
39,1,13.01.2021,3348,549,Tak,Nie,Nie,Nie,a,Podstawowy,260
40,1,13.01.2021,3631,507,Tak,Nie,Nie,Nie,a,Podstawowy,180
41,1,13.01.2021,4598,406,Tak,Nie,Nie,Nie,d,Rozszerzony,1180
42,1,13.01.2021,8313,981,Tak,Nie,Nie,Nie,a,Rozszerzony,290
43,1,13.01.2021,5561,570,Tak,Nie,Nie,Nie,d,Podstawowy,4880
44,1,13.01.2021,4782,614,Tak,Nie,Nie,Nie,a,Podstawowy,540
45,1,13.01.2021,3333,306,Tak,Nie,Nie,Nie,d,Podstawowy,9710
46,1,13.01.2021,3662,546,Tak,Nie,Nie,Nie,c,Podstawowy,1200
47,1,13.01.2021,5114,782,Tak,Nie,Nie,Nie,a,Rozszerzony,270
48,1,13.01.2021,3620,439,Tak,Nie,Nie,Nie,a,Podstawowy,1060
49,1,13.01.2021,4751,434,Tak,Nie,Nie,Nie,d,Rozszerzony,18010
50,1,13.01.2021,2462,220,Tak,Nie,Nie,Nie,d,Podstawowy,6260
1,7,12.01.2021,0,0,Nie,Nie,Nie,Nie,c,Podstawowy,1270
2,7,12.01.2021,0,0,Nie,Nie,Nie,Nie,a,Podstawowy,570
3,7,12.01.2021,0,0,Nie,Nie,Nie,Nie,a,Podstawowy,14130
4,7,12.01.2021,0,0,Nie,Nie,Nie,Nie,c,Rozszerzony,620
5,7,12.01.2021,0,0,Nie,Nie,Nie,Nie,a,Podstawowy,29910
6,7,12.01.2021,0,0,Nie,Nie,Nie,Nie,a,Podstawowy,310
7,7,12.01.2021,0,0,Nie,Nie,Nie,Nie,a,Rozszerzony,24000
8,7,12.01.2021,0,0,Nie,Nie,Nie,Nie,a,Podstawowy,7520
9,7,12.01.2021,0,0,Nie,Nie,Nie,Nie,a,Rozszerzony,2030
10,7,12.01.2021,0,0,Nie,Nie,Nie,Nie,a,Podstawowy,3160
11,7,12.01.2021,0,0,Nie,Nie,Nie,Nie,a,Rozszerzony,960
12,7,12.01.2021,0,0,Nie,Nie,Nie,Nie,a,Rozszerzony,1070
13,7,12.01.2021,0,0,Nie,Nie,Nie,Nie,d,Podstawowy,310
14,7,12.01.2021,0,0,Nie,Nie,Nie,Nie,a,Podstawowy,1300
15,7,12.01.2021,0,0,Nie,Nie,Nie,Nie,d,Rozszerzony,4110
16,7,12.01.2021,0,0,Nie,Nie,Nie,Nie,a,Rozszerzony,3270
17,7,12.01.2021,0,0,Nie,Nie,Nie,Nie,a,Podstawowy,50
18,7,12.01.2021,0,0,Nie,Nie,Nie,Nie,d,Rozszerzony,13840
19,7,12.01.2021,0,0,Nie,Nie,Nie,Nie,a,Rozszerzony,3240
20,7,12.01.2021,0,0,Nie,Nie,Nie,Nie,d,Podstawowy,2340
21,7,12.01.2021,0,0,Nie,Nie,Nie,Nie,c,Rozszerzony,550
22,7,12.01.2021,0,0,Nie,Nie,Nie,Nie,a,Podstawowy,1040
23,7,12.01.2021,0,0,Nie,Nie,Nie,Nie,d,Podstawowy,4060
24,7,12.01.2021,0,0,Nie,Nie,Nie,Nie,a,Rozszerzony,4590
25,7,12.01.2021,0,0,Nie,Nie,Nie,Nie,c,Podstawowy,430
26,7,12.01.2021,0,0,Nie,Nie,Nie,Nie,d,Podstawowy,2300
27,7,12.01.2021,0,0,Nie,Nie,Nie,Nie,a,Podstawowy,60
28,7,12.01.2021,0,0,Nie,Nie,Nie,Nie,a,Podstawowy,1200
29,7,12.01.2021,0,0,Nie,Nie,Nie,Nie,d,Rozszerzony,2170
30,7,12.01.2021,0,0,Nie,Nie,Nie,Nie,a,Podstawowy,40
31,7,12.01.2021,0,0,Nie,Nie,Nie,Nie,d,Rozszerzony,9800
32,7,12.01.2021,0,0,Nie,Nie,Nie,Nie,a,Podstawowy,2910
33,7,12.01.2021,0,0,Nie,Nie,Nie,Nie,a,Rozszerzony,1320
34,7,12.01.2021,0,0,Nie,Nie,Nie,Nie,c,Podstawowy,2240
35,7,12.01.2021,0,0,Nie,Nie,Nie,Nie,d,Rozszerzony,7660
36,7,12.01.2021,0,0,Nie,Nie,Nie,Nie,a,Rozszerzony,540
37,7,12.01.2021,0,0,Nie,Nie,Nie,Nie,c,Podstawowy,4230
38,7,12.01.2021,0,0,Nie,Nie,Nie,Nie,d,Podstawowy,1090
39,7,12.01.2021,0,0,Nie,Nie,Nie,Nie,a,Podstawowy,260
40,7,12.01.2021,0,0,Nie,Nie,Nie,Nie,a,Podstawowy,180
41,7,12.01.2021,0,0,Nie,Nie,Nie,Nie,d,Rozszerzony,1180
42,7,12.01.2021,0,0,Nie,Nie,Nie,Nie,a,Rozszerzony,290
43,7,12.01.2021,0,0,Nie,Nie,Nie,Nie,d,Podstawowy,4880
44,7,12.01.2021,0,0,Nie,Nie,Nie,Nie,a,Podstawowy,540
45,7,12.01.2021,0,0,Nie,Nie,Nie,Nie,d,Podstawowy,9710
46,7,12.01.2021,0,0,Nie,Nie,Nie,Nie,c,Podstawowy,1200
47,7,12.01.2021,0,0,Nie,Nie,Nie,Nie,a,Rozszerzony,270
48,7,12.01.2021,0,0,Nie,Nie,Nie,Nie,a,Podstawowy,1060
49,7,12.01.2021,0,0,Nie,Nie,Nie,Nie,d,Rozszerzony,18010
50,7,12.01.2021,0,0,Nie,Nie,Nie,Nie,d,Podstawowy,6260
1,6,11.01.2021,4454,569,Tak,Nie,Nie,Nie,c,Podstawowy,1270
2,6,11.01.2021,2872,358,Tak,Nie,Nie,Nie,a,Podstawowy,570
3,6,11.01.2021,4397,482,Tak,Nie,Nie,Nie,a,Podstawowy,14130
4,6,11.01.2021,9203,1355,Tak,Nie,Nie,Nie,c,Rozszerzony,620
5,6,11.01.2021,2035,240,Tak,Nie,Nie,Nie,a,Podstawowy,29910
6,6,11.01.2021,2964,386,Tak,Nie,Nie,Nie,a,Podstawowy,310
7,6,11.01.2021,4971,535,Tak,Nie,Nie,Nie,a,Rozszerzony,24000
8,6,11.01.2021,2563,299,Tak,Nie,Nie,Nie,a,Podstawowy,7520
9,6,11.01.2021,5903,510,Tak,Nie,Nie,Nie,a,Rozszerzony,2030
10,6,11.01.2021,4504,480,Tak,Nie,Nie,Nie,a,Podstawowy,3160
11,6,11.01.2021,4984,689,Tak,Nie,Nie,Nie,a,Rozszerzony,960
12,6,11.01.2021,6084,734,Tak,Nie,Nie,Nie,a,Rozszerzony,1070
13,6,11.01.2021,5223,418,Tak,Nie,Nie,Nie,d,Podstawowy,310
14,6,11.01.2021,3355,410,Tak,Nie,Nie,Nie,a,Podstawowy,1300
15,6,11.01.2021,5382,585,Tak,Nie,Nie,Nie,d,Rozszerzony,4110
16,6,11.01.2021,4637,539,Tak,Nie,Nie,Nie,a,Rozszerzony,3270
17,6,11.01.2021,2884,380,Tak,Nie,Nie,Nie,a,Podstawowy,50
18,6,11.01.2021,4308,486,Tak,Nie,Nie,Nie,d,Rozszerzony,13840
19,6,11.01.2021,3617,341,Tak,Nie,Nie,Nie,a,Rozszerzony,3240
20,6,11.01.2021,5058,510,Tak,Nie,Nie,Nie,d,Podstawowy,2340
21,6,11.01.2021,5016,563,Tak,Nie,Nie,Nie,c,Rozszerzony,550
22,6,11.01.2021,3347,400,Tak,Nie,Nie,Nie,a,Podstawowy,1040
23,6,11.01.2021,4836,410,Tak,Nie,Nie,Nie,d,Podstawowy,4060
24,6,11.01.2021,7296,703,Tak,Nie,Nie,Nie,a,Rozszerzony,4590
25,6,11.01.2021,4306,596,Tak,Nie,Nie,Nie,c,Podstawowy,430
26,6,11.01.2021,5798,532,Tak,Nie,Nie,Nie,d,Podstawowy,2300
27,6,11.01.2021,7712,909,Tak,Nie,Nie,Nie,a,Podstawowy,60
28,6,11.01.2021,2638,316,Tak,Nie,Nie,Nie,a,Podstawowy,1200
29,6,11.01.2021,6313,610,Tak,Nie,Nie,Nie,d,Rozszerzony,2170
30,6,11.01.2021,4919,856,Tak,Nie,Nie,Nie,a,Podstawowy,40
31,6,11.01.2021,5226,568,Tak,Nie,Nie,Nie,d,Rozszerzony,9800
32,6,11.01.2021,2299,294,Tak,Nie,Nie,Nie,a,Podstawowy,2910
33,6,11.01.2021,8274,850,Tak,Nie,Nie,Nie,a,Rozszerzony,1320
34,6,11.01.2021,7086,1020,Tak,Nie,Nie,Nie,c,Podstawowy,2240
35,6,11.01.2021,7349,598,Tak,Nie,Nie,Nie,d,Rozszerzony,7660
36,6,11.01.2021,8296,1000,Tak,Nie,Nie,Nie,a,Rozszerzony,540
37,6,11.01.2021,9169,1081,Tak,Nie,Nie,Nie,c,Podstawowy,4230
38,6,11.01.2021,6024,599,Tak,Nie,Nie,Nie,d,Podstawowy,1090
39,6,11.01.2021,2728,451,Tak,Nie,Nie,Nie,a,Podstawowy,260
40,6,11.01.2021,4817,726,Tak,Nie,Nie,Nie,a,Podstawowy,180
41,6,11.01.2021,5894,427,Tak,Nie,Nie,Nie,d,Rozszerzony,1180
42,6,11.01.2021,7882,911,Tak,Nie,Nie,Nie,a,Rozszerzony,290
43,6,11.01.2021,4903,421,Tak,Nie,Nie,Nie,d,Podstawowy,4880
44,6,11.01.2021,4396,549,Tak,Nie,Nie,Nie,a,Podstawowy,540
45,6,11.01.2021,4816,412,Tak,Nie,Nie,Nie,d,Podstawowy,9710
46,6,11.01.2021,4827,670,Tak,Nie,Nie,Nie,c,Podstawowy,1200
47,6,11.01.2021,5599,767,Tak,Nie,Nie,Nie,a,Rozszerzony,270
48,6,11.01.2021,2586,298,Tak,Nie,Nie,Nie,a,Podstawowy,1060
49,6,11.01.2021,7509,555,Tak,Nie,Nie,Nie,d,Rozszerzony,18010
50,6,11.01.2021,4207,368,Tak,Nie,Nie,Nie,d,Podstawowy,6260
1,5,10.01.2021,4486,559,Tak,Tak,Nie,Tak,c,Podstawowy,1270
2,5,10.01.2021,5146,628,Tak,Tak,Nie,Nie,a,Podstawowy,570
3,5,10.01.2021,9242,902,Tak,Tak,Nie,Nie,a,Podstawowy,14130
4,5,10.01.2021,9154,1356,Tak,Tak,Nie,Nie,c,Rozszerzony,620
5,5,10.01.2021,5008,582,Tak,Tak,Nie,Nie,a,Podstawowy,29910
6,5,10.01.2021,6125,668,Tak,Tak,Nie,Nie,a,Podstawowy,310
7,5,10.01.2021,8530,897,Tak,Tak,Nie,Nie,a,Rozszerzony,24000
8,5,10.01.2021,5481,636,Tak,Tak,Nie,Nie,a,Podstawowy,7520
9,5,10.01.2021,6710,601,Tak,Tak,Nie,Nie,a,Rozszerzony,2030
10,5,10.01.2021,5939,644,Tak,Tak,Nie,Nie,a,Podstawowy,3160
11,5,10.01.2021,7081,1076,Tak,Tak,Nie,Nie,a,Rozszerzony,960
12,5,10.01.2021,8412,909,Tak,Tak,Nie,Nie,a,Rozszerzony,1070
13,5,10.01.2021,6565,479,Tak,Tak,Nie,Nie,d,Podstawowy,310
14,5,10.01.2021,6296,736,Tak,Tak,Nie,Nie,a,Podstawowy,1300
15,5,10.01.2021,8900,779,Tak,Tak,Nie,Nie,d,Rozszerzony,4110
16,5,10.01.2021,8169,908,Tak,Tak,Nie,Nie,a,Rozszerzony,3270
17,5,10.01.2021,7580,912,Tak,Tak,Nie,Nie,a,Podstawowy,50
18,5,10.01.2021,7173,866,Tak,Tak,Nie,Nie,d,Rozszerzony,13840
19,5,10.01.2021,6678,676,Tak,Tak,Nie,Nie,a,Rozszerzony,3240
20,5,10.01.2021,7854,834,Tak,Tak,Nie,Nie,d,Podstawowy,2340
21,5,10.01.2021,7064,647,Tak,Tak,Nie,Nie,c,Rozszerzony,550
22,5,10.01.2021,5872,650,Tak,Tak,Nie,Nie,a,Podstawowy,1040
23,5,10.01.2021,6540,550,Tak,Tak,Nie,Nie,d,Podstawowy,4060
24,5,10.01.2021,10844,958,Tak,Tak,Nie,Nie,a,Rozszerzony,4590
25,5,10.01.2021,7742,992,Tak,Tak,Nie,Nie,c,Podstawowy,430
26,5,10.01.2021,7569,602,Tak,Tak,Nie,Nie,d,Podstawowy,2300
27,5,10.01.2021,11040,1217,Tak,Tak,Nie,Nie,a,Podstawowy,60
28,5,10.01.2021,6802,743,Tak,Tak,Nie,Nie,a,Podstawowy,1200
29,5,10.01.2021,7777,730,Tak,Tak,Nie,Nie,d,Rozszerzony,2170
30,5,10.01.2021,6196,871,Tak,Tak,Nie,Nie,a,Podstawowy,40
31,5,10.01.2021,6153,599,Tak,Tak,Nie,Nie,d,Rozszerzony,9800
32,5,10.01.2021,4709,553,Tak,Tak,Nie,Nie,a,Podstawowy,2910
33,5,10.01.2021,8469,856,Tak,Tak,Nie,Nie,a,Rozszerzony,1320
34,5,10.01.2021,8507,997,Tak,Tak,Nie,Nie,c,Podstawowy,2240
35,5,10.01.2021,11153,829,Tak,Tak,Nie,Nie,d,Rozszerzony,7660
36,5,10.01.2021,8861,1111,Tak,Tak,Nie,Nie,a,Rozszerzony,540
37,5,10.01.2021,7893,879,Tak,Tak,Nie,Nie,c,Podstawowy,4230
38,5,10.01.2021,6846,609,Tak,Tak,Nie,Nie,d,Podstawowy,1090
39,5,10.01.2021,5028,651,Tak,Tak,Nie,Nie,a,Podstawowy,260
40,5,10.01.2021,5102,676,Tak,Tak,Nie,Nie,a,Podstawowy,180
41,5,10.01.2021,6845,489,Tak,Tak,Nie,Nie,d,Rozszerzony,1180
42,5,10.01.2021,11569,1164,Tak,Tak,Nie,Nie,a,Rozszerzony,290
43,5,10.01.2021,8428,756,Tak,Tak,Nie,Nie,d,Podstawowy,4880
44,5,10.01.2021,6651,790,Tak,Tak,Nie,Nie,a,Podstawowy,540
45,5,10.01.2021,5540,412,Tak,Tak,Nie,Nie,d,Podstawowy,9710
46,5,10.01.2021,6641,744,Tak,Tak,Nie,Nie,c,Podstawowy,1200
47,5,10.01.2021,7189,905,Tak,Tak,Nie,Nie,a,Rozszerzony,270
48,5,10.01.2021,4308,489,Tak,Tak,Nie,Nie,a,Podstawowy,1060
49,5,10.01.2021,7305,574,Tak,Tak,Nie,Nie,d,Rozszerzony,18010
50,5,10.01.2021,4560,373,Tak,Tak,Nie,Nie,d,Podstawowy,6260
1,4,09.01.2021,4396,539,Tak,Tak,Nie,Tak,c,Podstawowy,1270
2,4,09.01.2021,6081,643,Tak,Tak,Nie,Nie,a,Podstawowy,570
3,4,09.01.2021,7081,743,Tak,Tak,Nie,Nie,a,Podstawowy,14130
4,4,09.01.2021,9489,1297,Tak,Tak,Nie,Nie,c,Rozszerzony,620
5,4,09.01.2021,4753,545,Tak,Tak,Nie,Nie,a,Podstawowy,29910
6,4,09.01.2021,5018,619,Tak,Tak,Nie,Nie,a,Podstawowy,310
7,4,09.01.2021,8171,842,Tak,Tak,Nie,Nie,a,Rozszerzony,24000
8,4,09.01.2021,6011,739,Tak,Tak,Nie,Nie,a,Podstawowy,7520
9,4,09.01.2021,5415,498,Tak,Tak,Nie,Nie,a,Rozszerzony,2030
10,4,09.01.2021,5109,561,Tak,Tak,Nie,Nie,a,Podstawowy,3160
11,4,09.01.2021,6945,944,Tak,Tak,Nie,Nie,a,Rozszerzony,960
12,4,09.01.2021,7959,890,Tak,Tak,Nie,Nie,a,Rozszerzony,1070
13,4,09.01.2021,6236,453,Tak,Tak,Nie,Nie,d,Podstawowy,310
14,4,09.01.2021,5321,604,Tak,Tak,Nie,Nie,a,Podstawowy,1300
15,4,09.01.2021,7628,675,Tak,Tak,Nie,Nie,d,Rozszerzony,4110
16,4,09.01.2021,9102,977,Tak,Tak,Nie,Nie,a,Rozszerzony,3270
17,4,09.01.2021,7263,881,Tak,Tak,Nie,Nie,a,Podstawowy,50
18,4,09.01.2021,6959,739,Tak,Tak,Nie,Nie,d,Rozszerzony,13840
19,4,09.01.2021,6092,616,Tak,Tak,Nie,Nie,a,Rozszerzony,3240
20,4,09.01.2021,9810,1124,Tak,Tak,Nie,Nie,d,Podstawowy,2340
21,4,09.01.2021,6848,593,Tak,Tak,Nie,Nie,c,Rozszerzony,550
22,4,09.01.2021,5344,563,Tak,Tak,Nie,Nie,a,Podstawowy,1040
23,4,09.01.2021,5760,499,Tak,Tak,Nie,Nie,d,Podstawowy,4060
24,4,09.01.2021,8530,759,Tak,Tak,Nie,Nie,a,Rozszerzony,4590
25,4,09.01.2021,10944,1388,Tak,Tak,Nie,Nie,c,Podstawowy,430
26,4,09.01.2021,6480,580,Tak,Tak,Nie,Nie,d,Podstawowy,2300
27,4,09.01.2021,9249,1027,Tak,Tak,Nie,Nie,a,Podstawowy,60
28,4,09.01.2021,7096,770,Tak,Tak,Nie,Nie,a,Podstawowy,1200
29,4,09.01.2021,6878,619,Tak,Tak,Nie,Nie,d,Rozszerzony,2170
30,4,09.01.2021,5754,903,Tak,Tak,Nie,Nie,a,Podstawowy,40
31,4,09.01.2021,6009,554,Tak,Tak,Nie,Nie,d,Rozszerzony,9800
32,4,09.01.2021,5285,586,Tak,Tak,Nie,Nie,a,Podstawowy,2910
33,4,09.01.2021,7669,790,Tak,Tak,Nie,Nie,a,Rozszerzony,1320
34,4,09.01.2021,8186,1041,Tak,Tak,Nie,Nie,c,Podstawowy,2240
35,4,09.01.2021,9848,720,Tak,Tak,Nie,Nie,d,Rozszerzony,7660
36,4,09.01.2021,8675,1091,Tak,Tak,Nie,Nie,a,Rozszerzony,540
37,4,09.01.2021,8046,895,Tak,Tak,Nie,Nie,c,Podstawowy,4230
38,4,09.01.2021,6287,524,Tak,Tak,Nie,Nie,d,Podstawowy,1090
39,4,09.01.2021,4829,646,Tak,Tak,Nie,Nie,a,Podstawowy,260
40,4,09.01.2021,4290,651,Tak,Tak,Nie,Nie,a,Podstawowy,180
41,4,09.01.2021,6012,431,Tak,Tak,Nie,Nie,d,Rozszerzony,1180
42,4,09.01.2021,9685,1047,Tak,Tak,Nie,Nie,a,Rozszerzony,290
43,4,09.01.2021,8170,670,Tak,Tak,Nie,Nie,d,Podstawowy,4880
44,4,09.01.2021,6276,700,Tak,Tak,Nie,Nie,a,Podstawowy,540
45,4,09.01.2021,6162,465,Tak,Tak,Nie,Nie,d,Podstawowy,9710
46,4,09.01.2021,6599,766,Tak,Tak,Nie,Nie,c,Podstawowy,1200
47,4,09.01.2021,7052,882,Tak,Tak,Nie,Nie,a,Rozszerzony,270
48,4,09.01.2021,4318,449,Tak,Tak,Nie,Nie,a,Podstawowy,1060
49,4,09.01.2021,7834,576,Tak,Tak,Nie,Nie,d,Rozszerzony,18010
50,4,09.01.2021,4347,347,Tak,Tak,Nie,Nie,d,Podstawowy,6260
1,3,08.01.2021,4931,589,Tak,Tak,Nie,Tak,c,Podstawowy,1270
2,3,08.01.2021,6597,796,Tak,Tak,Nie,Nie,a,Podstawowy,570
3,3,08.01.2021,8242,794,Tak,Tak,Nie,Nie,a,Podstawowy,14130
4,3,08.01.2021,9271,1220,Tak,Tak,Nie,Nie,c,Rozszerzony,620
5,3,08.01.2021,5966,732,Tak,Tak,Nie,Nie,a,Podstawowy,29910
6,3,08.01.2021,5894,664,Tak,Tak,Nie,Nie,a,Podstawowy,310
7,3,08.01.2021,7957,846,Tak,Tak,Nie,Nie,a,Rozszerzony,24000
8,3,08.01.2021,5677,630,Tak,Tak,Nie,Nie,a,Podstawowy,7520
9,3,08.01.2021,6620,585,Tak,Tak,Nie,Nie,a,Rozszerzony,2030
10,3,08.01.2021,5650,615,Tak,Tak,Nie,Nie,a,Podstawowy,3160
11,3,08.01.2021,8397,1152,Tak,Tak,Nie,Nie,a,Rozszerzony,960
12,3,08.01.2021,8280,913,Tak,Tak,Nie,Nie,a,Rozszerzony,1070
13,3,08.01.2021,7361,502,Tak,Tak,Nie,Nie,d,Podstawowy,310
14,3,08.01.2021,6525,691,Tak,Tak,Nie,Nie,a,Podstawowy,1300
15,3,08.01.2021,7786,670,Tak,Tak,Nie,Nie,d,Rozszerzony,4110
16,3,08.01.2021,9766,1031,Tak,Tak,Nie,Nie,a,Rozszerzony,3270
17,3,08.01.2021,7377,902,Tak,Tak,Nie,Nie,a,Podstawowy,50
18,3,08.01.2021,7698,808,Tak,Tak,Nie,Nie,d,Rozszerzony,13840
19,3,08.01.2021,6545,669,Tak,Tak,Nie,Nie,a,Rozszerzony,3240
20,3,08.01.2021,9752,1048,Tak,Tak,Nie,Nie,d,Podstawowy,2340
21,3,08.01.2021,7197,591,Tak,Tak,Nie,Nie,c,Rozszerzony,550
22,3,08.01.2021,5333,533,Tak,Tak,Nie,Nie,a,Podstawowy,1040
23,3,08.01.2021,5832,500,Tak,Tak,Nie,Nie,d,Podstawowy,4060
24,3,08.01.2021,10744,952,Tak,Tak,Nie,Nie,a,Rozszerzony,4590
25,3,08.01.2021,15608,1651,Tak,Tak,Nie,Nie,c,Podstawowy,430
26,3,08.01.2021,7011,546,Tak,Tak,Nie,Nie,d,Podstawowy,2300
27,3,08.01.2021,10527,1123,Tak,Tak,Nie,Nie,a,Podstawowy,60
28,3,08.01.2021,7620,767,Tak,Tak,Nie,Nie,a,Podstawowy,1200
29,3,08.01.2021,7845,657,Tak,Tak,Nie,Nie,d,Rozszerzony,2170
30,3,08.01.2021,5760,831,Tak,Tak,Nie,Nie,a,Podstawowy,40
31,3,08.01.2021,6316,590,Tak,Tak,Nie,Nie,d,Rozszerzony,9800
32,3,08.01.2021,6083,690,Tak,Tak,Nie,Nie,a,Podstawowy,2910
33,3,08.01.2021,8916,845,Tak,Tak,Nie,Nie,a,Rozszerzony,1320
34,3,08.01.2021,8657,1094,Tak,Tak,Nie,Nie,c,Podstawowy,2240
35,3,08.01.2021,10515,756,Tak,Tak,Nie,Nie,d,Rozszerzony,7660
36,3,08.01.2021,9790,1144,Tak,Tak,Nie,Nie,a,Rozszerzony,540
37,3,08.01.2021,8219,803,Tak,Tak,Nie,Nie,c,Podstawowy,4230
38,3,08.01.2021,6643,585,Tak,Tak,Nie,Nie,d,Podstawowy,1090
39,3,08.01.2021,5598,715,Tak,Tak,Nie,Nie,a,Podstawowy,260
40,3,08.01.2021,5462,667,Tak,Tak,Nie,Nie,a,Podstawowy,180
41,3,08.01.2021,6713,480,Tak,Tak,Nie,Nie,d,Rozszerzony,1180
42,3,08.01.2021,12345,1253,Tak,Tak,Nie,Nie,a,Rozszerzony,290
43,3,08.01.2021,8081,656,Tak,Tak,Nie,Nie,d,Podstawowy,4880
44,3,08.01.2021,6024,694,Tak,Tak,Nie,Nie,a,Podstawowy,540
45,3,08.01.2021,5230,410,Tak,Tak,Nie,Nie,d,Podstawowy,9710
46,3,08.01.2021,6745,772,Tak,Tak,Nie,Nie,c,Podstawowy,1200
47,3,08.01.2021,7976,991,Tak,Tak,Nie,Nie,a,Rozszerzony,270
48,3,08.01.2021,4577,484,Tak,Tak,Nie,Nie,a,Podstawowy,1060
49,3,08.01.2021,8554,549,Tak,Tak,Nie,Nie,d,Rozszerzony,18010
50,3,08.01.2021,4328,357,Tak,Tak,Nie,Nie,d,Podstawowy,6260
1,2,07.01.2021,5539,607,Tak,Tak,Nie,Tak,c,Podstawowy,1270
2,2,07.01.2021,6567,727,Tak,Tak,Nie,Nie,a,Podstawowy,570
3,2,07.01.2021,11215,990,Tak,Tak,Nie,Tak,a,Podstawowy,14130
4,2,07.01.2021,10338,1390,Tak,Tak,Nie,Nie,c,Rozszerzony,620
5,2,07.01.2021,6280,660,Tak,Tak,Nie,Nie,a,Podstawowy,29910
6,2,07.01.2021,6196,697,Tak,Tak,Nie,Nie,a,Podstawowy,310
7,2,07.01.2021,11096,1121,Tak,Tak,Nie,Nie,a,Rozszerzony,24000
8,2,07.01.2021,6468,765,Tak,Tak,Nie,Nie,a,Podstawowy,7520
9,2,07.01.2021,7671,684,Tak,Tak,Nie,Tak,a,Rozszerzony,2030
10,2,07.01.2021,6470,617,Tak,Tak,Nie,Nie,a,Podstawowy,3160
11,2,07.01.2021,9699,1295,Tak,Tak,Nie,Nie,a,Rozszerzony,960
12,2,07.01.2021,10470,1083,Tak,Tak,Nie,Nie,a,Rozszerzony,1070
13,2,07.01.2021,8986,623,Tak,Tak,Nie,Nie,d,Podstawowy,310
14,2,07.01.2021,7410,775,Tak,Tak,Nie,Tak,a,Podstawowy,1300
15,2,07.01.2021,8709,760,Tak,Tak,Nie,Nie,d,Rozszerzony,4110
16,2,07.01.2021,13133,1279,Tak,Tak,Nie,Nie,a,Rozszerzony,3270
17,2,07.01.2021,9532,1087,Tak,Tak,Nie,Nie,a,Podstawowy,50
18,2,07.01.2021,7064,753,Tak,Tak,Nie,Nie,d,Rozszerzony,13840
19,2,07.01.2021,8576,749,Tak,Tak,Nie,Tak,a,Rozszerzony,3240
20,2,07.01.2021,12170,1214,Tak,Tak,Nie,Nie,d,Podstawowy,2340
21,2,07.01.2021,10300,823,Tak,Tak,Nie,Nie,c,Rozszerzony,550
22,2,07.01.2021,7440,701,Tak,Tak,Nie,Nie,a,Podstawowy,1040
23,2,07.01.2021,6322,528,Tak,Tak,Nie,Tak,d,Podstawowy,4060
24,2,07.01.2021,12197,1022,Tak,Tak,Nie,Tak,a,Rozszerzony,4590
25,2,07.01.2021,24314,2109,Tak,Tak,Nie,Tak,c,Podstawowy,430
26,2,07.01.2021,7809,622,Tak,Tak,Nie,Nie,d,Podstawowy,2300
27,2,07.01.2021,15092,1457,Tak,Tak,Nie,Tak,a,Podstawowy,60
28,2,07.01.2021,12486,1188,Tak,Tak,Nie,Nie,a,Podstawowy,1200
29,2,07.01.2021,8520,745,Tak,Tak,Nie,Tak,d,Rozszerzony,2170
30,2,07.01.2021,7861,1113,Tak,Tak,Nie,Tak,a,Podstawowy,40
31,2,07.01.2021,6595,610,Tak,Tak,Nie,Nie,d,Rozszerzony,9800
32,2,07.01.2021,7514,827,Tak,Tak,Nie,Nie,a,Podstawowy,2910
33,2,07.01.2021,10452,962,Tak,Tak,Nie,Tak,a,Rozszerzony,1320
34,2,07.01.2021,9330,1113,Tak,Tak,Nie,Nie,c,Podstawowy,2240
35,2,07.01.2021,13983,924,Tak,Tak,Nie,Tak,d,Rozszerzony,7660
36,2,07.01.2021,10976,1336,Tak,Tak,Nie,Nie,a,Rozszerzony,540
37,2,07.01.2021,11178,1024,Tak,Tak,Nie,Nie,c,Podstawowy,4230
38,2,07.01.2021,7172,606,Tak,Tak,Nie,Tak,d,Podstawowy,1090
39,2,07.01.2021,6602,806,Tak,Tak,Nie,Tak,a,Podstawowy,260
40,2,07.01.2021,7169,883,Tak,Tak,Nie,Tak,a,Podstawowy,180
41,2,07.01.2021,8878,609,Tak,Tak,Nie,Nie,d,Rozszerzony,1180
42,2,07.01.2021,13917,1397,Tak,Tak,Nie,Tak,a,Rozszerzony,290
43,2,07.01.2021,9253,763,Tak,Tak,Nie,Tak,d,Podstawowy,4880
44,2,07.01.2021,6939,800,Tak,Tak,Nie,Nie,a,Podstawowy,540
45,2,07.01.2021,5114,373,Tak,Tak,Nie,Tak,d,Podstawowy,9710
46,2,07.01.2021,10052,1035,Tak,Tak,Nie,Nie,c,Podstawowy,1200
47,2,07.01.2021,9008,1129,Tak,Tak,Nie,Nie,a,Rozszerzony,270
48,2,07.01.2021,5264,542,Tak,Tak,Nie,Nie,a,Podstawowy,1060
49,2,07.01.2021,11915,776,Tak,Tak,Nie,Nie,d,Rozszerzony,18010
50,2,07.01.2021,5059,396,Tak,Tak,Nie,Tak,d,Podstawowy,6260
1,1,06.01.2021,6194,649,Tak,Tak,Nie,Tak,c,Podstawowy,1270
2,1,06.01.2021,8317,823,Tak,Tak,Nie,Nie,a,Podstawowy,570
3,1,06.01.2021,11326,946,Tak,Tak,Nie,Tak,a,Podstawowy,14130
4,1,06.01.2021,13086,1606,Tak,Tak,Nie,Nie,c,Rozszerzony,620
5,1,06.01.2021,8310,811,Tak,Tak,Nie,Nie,a,Podstawowy,29910
6,1,06.01.2021,7703,806,Tak,Tak,Nie,Nie,a,Podstawowy,310
7,1,06.01.2021,12065,1114,Tak,Tak,Nie,Tak,a,Rozszerzony,24000
8,1,06.01.2021,8611,856,Tak,Tak,Nie,Tak,a,Podstawowy,7520
9,1,06.01.2021,9920,798,Tak,Tak,Nie,Tak,a,Rozszerzony,2030
10,1,06.01.2021,8325,776,Tak,Tak,Nie,Nie,a,Podstawowy,3160
11,1,06.01.2021,9130,1163,Tak,Tak,Nie,Tak,a,Rozszerzony,960
12,1,06.01.2021,12198,1136,Tak,Tak,Nie,Tak,a,Rozszerzony,1070
13,1,06.01.2021,0,0,Nie,Tak,Narodowe,Nie,d,Podstawowy,310
14,1,06.01.2021,8575,834,Tak,Tak,Nie,Tak,a,Podstawowy,1300
15,1,06.01.2021,9260,807,Tak,Tak,Nie,Tak,d,Rozszerzony,4110
16,1,06.01.2021,0,0,Nie,Tak,Narodowe,Nie,a,Rozszerzony,3270
17,1,06.01.2021,11719,1204,Tak,Tak,Nie,Nie,a,Podstawowy,50
18,1,06.01.2021,10031,1016,Tak,Tak,Nie,Nie,d,Rozszerzony,13840
19,1,06.01.2021,10177,862,Tak,Tak,Nie,Tak,a,Rozszerzony,3240
20,1,06.01.2021,0,0,Nie,Tak,Narodowe,Nie,d,Podstawowy,2340
21,1,06.01.2021,0,0,Nie,Tak,Narodowe,Nie,c,Rozszerzony,550
22,1,06.01.2021,0,0,Nie,Tak,Narodowe,Nie,a,Podstawowy,1040
23,1,06.01.2021,9675,683,Tak,Tak,Nie,Tak,d,Podstawowy,4060
24,1,06.01.2021,14860,1155,Tak,Tak,Nie,Tak,a,Rozszerzony,4590
25,1,06.01.2021,24833,2111,Tak,Tak,Nie,Tak,c,Podstawowy,430
26,1,06.01.2021,11722,831,Tak,Tak,Nie,Nie,d,Podstawowy,2300
27,1,06.01.2021,15650,1449,Tak,Tak,Nie,Tak,a,Podstawowy,60
28,1,06.01.2021,0,0,Nie,Tak,Narodowe,Nie,a,Podstawowy,1200
29,1,06.01.2021,13020,1008,Tak,Tak,Nie,Tak,d,Rozszerzony,2170
30,1,06.01.2021,8438,1080,Tak,Tak,Nie,Tak,a,Podstawowy,40
31,1,06.01.2021,9025,785,Tak,Tak,Nie,Tak,d,Rozszerzony,9800
32,1,06.01.2021,0,0,Nie,Tak,Narodowe,Nie,a,Podstawowy,2910
33,1,06.01.2021,10453,997,Tak,Tak,Nie,Tak,a,Rozszerzony,1320
34,1,06.01.2021,10616,1214,Tak,Tak,Nie,Nie,c,Podstawowy,2240
35,1,06.01.2021,16510,1001,Tak,Tak,Nie,Tak,d,Rozszerzony,7660
36,1,06.01.2021,0,0,Nie,Tak,Narodowe,Nie,a,Rozszerzony,540
37,1,06.01.2021,0,0,Nie,Tak,Narodowe,Nie,c,Podstawowy,4230
38,1,06.01.2021,10469,784,Tak,Tak,Nie,Tak,d,Podstawowy,1090
39,1,06.01.2021,9236,986,Tak,Tak,Nie,Tak,a,Podstawowy,260
40,1,06.01.2021,6438,812,Tak,Tak,Nie,Tak,a,Podstawowy,180
41,1,06.01.2021,0,0,Nie,Tak,Narodowe,Nie,d,Rozszerzony,1180
42,1,06.01.2021,15086,1423,Tak,Tak,Nie,Tak,a,Rozszerzony,290
43,1,06.01.2021,10890,814,Tak,Tak,Nie,Tak,d,Podstawowy,4880
44,1,06.01.2021,8828,893,Tak,Tak,Nie,Nie,a,Podstawowy,540
45,1,06.01.2021,7181,508,Tak,Tak,Nie,Tak,d,Podstawowy,9710
46,1,06.01.2021,0,0,Nie,Tak,Narodowe,Nie,c,Podstawowy,1200
47,1,06.01.2021,9013,1069,Tak,Tak,Nie,Nie,a,Rozszerzony,270
48,1,06.01.2021,5785,548,Tak,Tak,Nie,Nie,a,Podstawowy,1060
49,1,06.01.2021,0,0,Nie,Tak,Narodowe,Nie,d,Rozszerzony,18010
50,1,06.01.2021,5967,438,Tak,Tak,Nie,Tak,d,Podstawowy,6260
1,7,05.01.2021,0,0,Nie,Nie,Nie,Tak,c,Podstawowy,1270
2,7,05.01.2021,0,0,Nie,Nie,Nie,Nie,a,Podstawowy,570
3,7,05.01.2021,0,0,Nie,Nie,Nie,Nie,a,Podstawowy,14130
4,7,05.01.2021,0,0,Nie,Nie,Nie,Nie,c,Rozszerzony,620
5,7,05.01.2021,0,0,Nie,Nie,Nie,Nie,a,Podstawowy,29910
6,7,05.01.2021,0,0,Nie,Nie,Nie,Nie,a,Podstawowy,310
7,7,05.01.2021,0,0,Nie,Nie,Nie,Nie,a,Rozszerzony,24000
8,7,05.01.2021,0,0,Nie,Nie,Nie,Nie,a,Podstawowy,7520
9,7,05.01.2021,0,0,Nie,Nie,Nie,Nie,a,Rozszerzony,2030
10,7,05.01.2021,0,0,Nie,Nie,Nie,Nie,a,Podstawowy,3160
11,7,05.01.2021,0,0,Nie,Nie,Nie,Nie,a,Rozszerzony,960
12,7,05.01.2021,0,0,Nie,Nie,Nie,Nie,a,Rozszerzony,1070
13,7,05.01.2021,0,0,Nie,Nie,Nie,Nie,d,Podstawowy,310
14,7,05.01.2021,0,0,Nie,Nie,Nie,Nie,a,Podstawowy,1300
15,7,05.01.2021,0,0,Nie,Nie,Nie,Nie,d,Rozszerzony,4110
16,7,05.01.2021,0,0,Nie,Nie,Nie,Nie,a,Rozszerzony,3270
17,7,05.01.2021,0,0,Nie,Nie,Nie,Nie,a,Podstawowy,50
18,7,05.01.2021,0,0,Nie,Nie,Nie,Nie,d,Rozszerzony,13840
19,7,05.01.2021,0,0,Nie,Nie,Nie,Nie,a,Rozszerzony,3240
20,7,05.01.2021,0,0,Nie,Nie,Nie,Nie,d,Podstawowy,2340
21,7,05.01.2021,0,0,Nie,Nie,Nie,Nie,c,Rozszerzony,550
22,7,05.01.2021,0,0,Nie,Nie,Nie,Nie,a,Podstawowy,1040
23,7,05.01.2021,0,0,Nie,Nie,Nie,Nie,d,Podstawowy,4060
24,7,05.01.2021,0,0,Nie,Nie,Nie,Nie,a,Rozszerzony,4590
25,7,05.01.2021,0,0,Nie,Nie,Nie,Nie,c,Podstawowy,430
26,7,05.01.2021,0,0,Nie,Nie,Nie,Nie,d,Podstawowy,2300
27,7,05.01.2021,0,0,Nie,Nie,Nie,Nie,a,Podstawowy,60
28,7,05.01.2021,0,0,Nie,Nie,Nie,Nie,a,Podstawowy,1200
29,7,05.01.2021,0,0,Nie,Nie,Nie,Nie,d,Rozszerzony,2170
30,7,05.01.2021,0,0,Nie,Nie,Nie,Nie,a,Podstawowy,40
31,7,05.01.2021,0,0,Nie,Nie,Nie,Nie,d,Rozszerzony,9800
32,7,05.01.2021,0,0,Nie,Nie,Nie,Nie,a,Podstawowy,2910
33,7,05.01.2021,0,0,Nie,Nie,Nie,Nie,a,Rozszerzony,1320
34,7,05.01.2021,0,0,Nie,Nie,Nie,Nie,c,Podstawowy,2240
35,7,05.01.2021,0,0,Nie,Nie,Nie,Nie,d,Rozszerzony,7660
36,7,05.01.2021,0,0,Nie,Nie,Nie,Nie,a,Rozszerzony,540
37,7,05.01.2021,0,0,Nie,Nie,Nie,Nie,c,Podstawowy,4230
38,7,05.01.2021,0,0,Nie,Nie,Nie,Nie,d,Podstawowy,1090
39,7,05.01.2021,0,0,Nie,Nie,Nie,Nie,a,Podstawowy,260
40,7,05.01.2021,0,0,Nie,Nie,Nie,Nie,a,Podstawowy,180
41,7,05.01.2021,0,0,Nie,Nie,Nie,Nie,d,Rozszerzony,1180
42,7,05.01.2021,0,0,Nie,Nie,Nie,Nie,a,Rozszerzony,290
43,7,05.01.2021,0,0,Nie,Nie,Nie,Nie,d,Podstawowy,4880
44,7,05.01.2021,0,0,Nie,Nie,Nie,Nie,a,Podstawowy,540
45,7,05.01.2021,0,0,Nie,Nie,Nie,Nie,d,Podstawowy,9710
46,7,05.01.2021,0,0,Nie,Nie,Nie,Nie,c,Podstawowy,1200
47,7,05.01.2021,0,0,Nie,Nie,Nie,Nie,a,Rozszerzony,270
48,7,05.01.2021,0,0,Nie,Nie,Nie,Nie,a,Podstawowy,1060
49,7,05.01.2021,0,0,Nie,Nie,Nie,Nie,d,Rozszerzony,18010
50,7,05.01.2021,0,0,Nie,Nie,Nie,Nie,d,Podstawowy,6260
1,6,04.01.2021,5173,660,Tak,Nie,Nie,Tak,c,Podstawowy,1270
2,6,04.01.2021,2760,321,Tak,Nie,Nie,Nie,a,Podstawowy,570
3,6,04.01.2021,4727,537,Tak,Nie,Nie,Nie,a,Podstawowy,14130
4,6,04.01.2021,10569,1507,Tak,Nie,Nie,Nie,c,Rozszerzony,620
5,6,04.01.2021,1711,196,Tak,Nie,Nie,Nie,a,Podstawowy,29910
6,6,04.01.2021,3031,389,Tak,Nie,Nie,Nie,a,Podstawowy,310
7,6,04.01.2021,6103,632,Tak,Nie,Nie,Nie,a,Rozszerzony,24000
8,6,04.01.2021,2368,330,Tak,Nie,Nie,Nie,a,Podstawowy,7520
9,6,04.01.2021,6695,552,Tak,Nie,Nie,Nie,a,Rozszerzony,2030
10,6,04.01.2021,4928,531,Tak,Nie,Nie,Nie,a,Podstawowy,3160
11,6,04.01.2021,5671,857,Tak,Nie,Nie,Nie,a,Rozszerzony,960
12,6,04.01.2021,6718,861,Tak,Nie,Nie,Nie,a,Rozszerzony,1070
13,6,04.01.2021,4681,378,Tak,Nie,Nie,Nie,d,Podstawowy,310
14,6,04.01.2021,3214,386,Tak,Nie,Nie,Nie,a,Podstawowy,1300
15,6,04.01.2021,5427,591,Tak,Nie,Nie,Nie,d,Rozszerzony,4110
16,6,04.01.2021,5100,540,Tak,Nie,Nie,Nie,a,Rozszerzony,3270
17,6,04.01.2021,2670,354,Tak,Nie,Nie,Nie,a,Podstawowy,50
18,6,04.01.2021,4545,520,Tak,Nie,Nie,Nie,d,Rozszerzony,13840
19,6,04.01.2021,3654,367,Tak,Nie,Nie,Nie,a,Rozszerzony,3240
20,6,04.01.2021,4374,477,Tak,Nie,Nie,Nie,d,Podstawowy,2340
21,6,04.01.2021,5901,609,Tak,Nie,Nie,Nie,c,Rozszerzony,550
22,6,04.01.2021,3460,394,Tak,Nie,Nie,Nie,a,Podstawowy,1040
23,6,04.01.2021,3843,370,Tak,Nie,Nie,Nie,d,Podstawowy,4060
24,6,04.01.2021,7436,700,Tak,Nie,Nie,Nie,a,Rozszerzony,4590
25,6,04.01.2021,7425,1187,Tak,Nie,Nie,Nie,c,Podstawowy,430
26,6,04.01.2021,5463,479,Tak,Nie,Nie,Nie,d,Podstawowy,2300
27,6,04.01.2021,7413,913,Tak,Nie,Nie,Nie,a,Podstawowy,60
28,6,04.01.2021,2868,351,Tak,Nie,Nie,Nie,a,Podstawowy,1200
29,6,04.01.2021,7344,641,Tak,Nie,Nie,Nie,d,Rozszerzony,2170
30,6,04.01.2021,4994,835,Tak,Nie,Nie,Nie,a,Podstawowy,40
31,6,04.01.2021,5125,586,Tak,Nie,Nie,Nie,d,Rozszerzony,9800
32,6,04.01.2021,2012,262,Tak,Nie,Nie,Nie,a,Podstawowy,2910
33,6,04.01.2021,8369,860,Tak,Nie,Nie,Nie,a,Rozszerzony,1320
34,6,04.01.2021,7772,989,Tak,Nie,Nie,Nie,c,Podstawowy,2240
35,6,04.01.2021,7541,625,Tak,Nie,Nie,Nie,d,Rozszerzony,7660
36,6,04.01.2021,8970,1015,Tak,Nie,Nie,Nie,a,Rozszerzony,540
37,6,04.01.2021,8346,1069,Tak,Nie,Nie,Nie,c,Podstawowy,4230
38,6,04.01.2021,5660,528,Tak,Nie,Nie,Nie,d,Podstawowy,1090
39,6,04.01.2021,2919,445,Tak,Nie,Nie,Nie,a,Podstawowy,260
40,6,04.01.2021,5508,733,Tak,Nie,Nie,Nie,a,Podstawowy,180
41,6,04.01.2021,6012,478,Tak,Nie,Nie,Nie,d,Rozszerzony,1180
42,6,04.01.2021,8230,924,Tak,Nie,Nie,Nie,a,Rozszerzony,290
43,6,04.01.2021,4422,425,Tak,Nie,Nie,Nie,d,Podstawowy,4880
44,6,04.01.2021,3746,521,Tak,Nie,Nie,Nie,a,Podstawowy,540
45,6,04.01.2021,5066,423,Tak,Nie,Nie,Nie,d,Podstawowy,9710
46,6,04.01.2021,5105,703,Tak,Nie,Nie,Nie,c,Podstawowy,1200
47,6,04.01.2021,5523,825,Tak,Nie,Nie,Nie,a,Rozszerzony,270
48,6,04.01.2021,2984,314,Tak,Nie,Nie,Nie,a,Podstawowy,1060
49,6,04.01.2021,6753,546,Tak,Nie,Nie,Nie,d,Rozszerzony,18010
50,6,04.01.2021,3475,326,Tak,Nie,Nie,Nie,d,Podstawowy,6260
1,5,03.01.2021,4190,552,Tak,Nie,Nie,Tak,c,Podstawowy,1270
2,5,03.01.2021,4802,560,Tak,Nie,Nie,Tak,a,Podstawowy,570
3,5,03.01.2021,6821,766,Tak,Nie,Nie,Tak,a,Podstawowy,14130
4,5,03.01.2021,9299,1359,Tak,Nie,Nie,Tak,c,Rozszerzony,620
5,5,03.01.2021,4414,557,Tak,Nie,Nie,Tak,a,Podstawowy,29910
6,5,03.01.2021,4842,613,Tak,Nie,Nie,Tak,a,Podstawowy,310
7,5,03.01.2021,8389,987,Tak,Nie,Nie,Tak,a,Rozszerzony,24000
8,5,03.01.2021,4095,512,Tak,Nie,Nie,Tak,a,Podstawowy,7520
9,5,03.01.2021,6054,545,Tak,Nie,Nie,Tak,a,Rozszerzony,2030
10,5,03.01.2021,5012,517,Tak,Nie,Nie,Tak,a,Podstawowy,3160
11,5,03.01.2021,7563,1095,Tak,Nie,Nie,Tak,a,Rozszerzony,960
12,5,03.01.2021,6714,897,Tak,Nie,Nie,Tak,a,Rozszerzony,1070
13,5,03.01.2021,3629,310,Tak,Nie,Nie,Tak,d,Podstawowy,310
14,5,03.01.2021,5555,638,Tak,Nie,Nie,Tak,a,Podstawowy,1300
15,5,03.01.2021,5551,563,Tak,Nie,Nie,Tak,d,Rozszerzony,4110
16,5,03.01.2021,7066,773,Tak,Nie,Nie,Tak,a,Rozszerzony,3270
17,5,03.01.2021,6029,839,Tak,Nie,Nie,Tak,a,Podstawowy,50
18,5,03.01.2021,5798,732,Tak,Nie,Nie,Tak,d,Rozszerzony,13840
19,5,03.01.2021,5493,550,Tak,Nie,Nie,Tak,a,Rozszerzony,3240
20,5,03.01.2021,5990,711,Tak,Nie,Nie,Tak,d,Podstawowy,2340
21,5,03.01.2021,4048,442,Tak,Nie,Nie,Tak,c,Rozszerzony,550
22,5,03.01.2021,4127,505,Tak,Nie,Nie,Tak,a,Podstawowy,1040
23,5,03.01.2021,5625,491,Tak,Nie,Nie,Tak,d,Podstawowy,4060
24,5,03.01.2021,8797,821,Tak,Nie,Nie,Tak,a,Rozszerzony,4590
25,5,03.01.2021,8774,1358,Tak,Nie,Nie,Tak,c,Podstawowy,430
26,5,03.01.2021,6344,582,Tak,Nie,Nie,Tak,d,Podstawowy,2300
27,5,03.01.2021,8297,1093,Tak,Nie,Nie,Tak,a,Podstawowy,60
28,5,03.01.2021,5146,629,Tak,Nie,Nie,Tak,a,Podstawowy,1200
29,5,03.01.2021,6099,577,Tak,Nie,Nie,Tak,d,Rozszerzony,2170
30,5,03.01.2021,5305,832,Tak,Nie,Nie,Tak,a,Podstawowy,40
31,5,03.01.2021,5514,591,Tak,Nie,Nie,Tak,d,Rozszerzony,9800
32,5,03.01.2021,3378,432,Tak,Nie,Nie,Tak,a,Podstawowy,2910
33,5,03.01.2021,7185,790,Tak,Nie,Nie,Tak,a,Rozszerzony,1320
34,5,03.01.2021,7387,986,Tak,Nie,Nie,Tak,c,Podstawowy,2240
35,5,03.01.2021,8096,683,Tak,Nie,Nie,Tak,d,Rozszerzony,7660
36,5,03.01.2021,8243,919,Tak,Nie,Nie,Tak,a,Rozszerzony,540
37,5,03.01.2021,7446,918,Tak,Nie,Nie,Tak,c,Podstawowy,4230
38,5,03.01.2021,4157,444,Tak,Nie,Nie,Tak,d,Podstawowy,1090
39,5,03.01.2021,4198,587,Tak,Nie,Nie,Tak,a,Podstawowy,260
40,5,03.01.2021,4419,644,Tak,Nie,Nie,Tak,a,Podstawowy,180
41,5,03.01.2021,6788,465,Tak,Nie,Nie,Tak,d,Rozszerzony,1180
42,5,03.01.2021,9219,1054,Tak,Nie,Nie,Tak,a,Rozszerzony,290
43,5,03.01.2021,5978,561,Tak,Nie,Nie,Tak,d,Podstawowy,4880
44,5,03.01.2021,4816,626,Tak,Nie,Nie,Tak,a,Podstawowy,540
45,5,03.01.2021,4085,352,Tak,Nie,Nie,Tak,d,Podstawowy,9710
46,5,03.01.2021,4300,576,Tak,Nie,Nie,Tak,c,Podstawowy,1200
47,5,03.01.2021,5305,776,Tak,Nie,Nie,Tak,a,Rozszerzony,270
48,5,03.01.2021,3825,451,Tak,Nie,Nie,Tak,a,Podstawowy,1060
49,5,03.01.2021,5744,450,Tak,Nie,Nie,Tak,d,Rozszerzony,18010
50,5,03.01.2021,3246,304,Tak,Nie,Nie,Tak,d,Podstawowy,6260
1,4,02.01.2021,4969,618,Tak,Nie,Nie,Tak,c,Podstawowy,1270
2,4,02.01.2021,3759,531,Tak,Nie,Nie,Tak,a,Podstawowy,570
3,4,02.01.2021,5703,690,Tak,Nie,Nie,Tak,a,Podstawowy,14130
4,4,02.01.2021,9525,1434,Tak,Nie,Nie,Tak,c,Rozszerzony,620
5,4,02.01.2021,4077,550,Tak,Nie,Nie,Tak,a,Podstawowy,29910
6,4,02.01.2021,4778,563,Tak,Nie,Nie,Tak,a,Podstawowy,310
7,4,02.01.2021,8634,939,Tak,Nie,Nie,Tak,a,Rozszerzony,24000
8,4,02.01.2021,5177,709,Tak,Nie,Nie,Tak,a,Podstawowy,7520
9,4,02.01.2021,5585,529,Tak,Nie,Nie,Tak,a,Rozszerzony,2030
10,4,02.01.2021,4533,507,Tak,Nie,Nie,Tak,a,Podstawowy,3160
11,4,02.01.2021,8140,1223,Tak,Nie,Nie,Tak,a,Rozszerzony,960
12,4,02.01.2021,5787,773,Tak,Nie,Nie,Tak,a,Rozszerzony,1070
13,4,02.01.2021,4092,351,Tak,Nie,Nie,Tak,d,Podstawowy,310
14,4,02.01.2021,4920,614,Tak,Nie,Nie,Tak,a,Podstawowy,1300
15,4,02.01.2021,5417,614,Tak,Nie,Nie,Tak,d,Rozszerzony,4110
16,4,02.01.2021,7525,826,Tak,Nie,Nie,Tak,a,Rozszerzony,3270
17,4,02.01.2021,5287,786,Tak,Nie,Nie,Tak,a,Podstawowy,50
18,4,02.01.2021,5612,653,Tak,Nie,Nie,Tak,d,Rozszerzony,13840
19,4,02.01.2021,5868,614,Tak,Nie,Nie,Tak,a,Rozszerzony,3240
20,4,02.01.2021,8177,864,Tak,Nie,Nie,Tak,d,Podstawowy,2340
21,4,02.01.2021,3577,380,Tak,Nie,Nie,Tak,c,Rozszerzony,550
22,4,02.01.2021,4352,490,Tak,Nie,Nie,Tak,a,Podstawowy,1040
23,4,02.01.2021,4789,452,Tak,Nie,Nie,Tak,d,Podstawowy,4060
24,4,02.01.2021,7763,790,Tak,Nie,Nie,Tak,a,Rozszerzony,4590
25,4,02.01.2021,10367,1549,Tak,Nie,Nie,Tak,c,Podstawowy,430
26,4,02.01.2021,6358,563,Tak,Nie,Nie,Tak,d,Podstawowy,2300
27,4,02.01.2021,7954,1062,Tak,Nie,Nie,Tak,a,Podstawowy,60
28,4,02.01.2021,4729,590,Tak,Nie,Nie,Tak,a,Podstawowy,1200
29,4,02.01.2021,6092,575,Tak,Nie,Nie,Tak,d,Rozszerzony,2170
30,4,02.01.2021,5416,919,Tak,Nie,Nie,Tak,a,Podstawowy,40
31,4,02.01.2021,5437,592,Tak,Nie,Nie,Tak,d,Rozszerzony,9800
32,4,02.01.2021,2968,400,Tak,Nie,Nie,Tak,a,Podstawowy,2910
33,4,02.01.2021,7797,799,Tak,Nie,Nie,Tak,a,Rozszerzony,1320
34,4,02.01.2021,7277,993,Tak,Nie,Nie,Tak,c,Podstawowy,2240
35,4,02.01.2021,6826,589,Tak,Nie,Nie,Tak,d,Rozszerzony,7660
36,4,02.01.2021,7712,952,Tak,Nie,Nie,Tak,a,Rozszerzony,540
37,4,02.01.2021,6809,854,Tak,Nie,Nie,Tak,c,Podstawowy,4230
38,4,02.01.2021,5023,470,Tak,Nie,Nie,Tak,d,Podstawowy,1090
39,4,02.01.2021,4202,567,Tak,Nie,Nie,Tak,a,Podstawowy,260
40,4,02.01.2021,5434,686,Tak,Nie,Nie,Tak,a,Podstawowy,180
41,4,02.01.2021,5808,434,Tak,Nie,Nie,Tak,d,Rozszerzony,1180
42,4,02.01.2021,8478,1016,Tak,Nie,Nie,Tak,a,Rozszerzony,290
43,4,02.01.2021,5839,540,Tak,Nie,Nie,Tak,d,Podstawowy,4880
44,4,02.01.2021,4981,613,Tak,Nie,Nie,Tak,a,Podstawowy,540
45,4,02.01.2021,4930,420,Tak,Nie,Nie,Tak,d,Podstawowy,9710
46,4,02.01.2021,4185,630,Tak,Nie,Nie,Tak,c,Podstawowy,1200
47,4,02.01.2021,6154,850,Tak,Nie,Nie,Tak,a,Rozszerzony,270
48,4,02.01.2021,3945,448,Tak,Nie,Nie,Tak,a,Podstawowy,1060
49,4,02.01.2021,5463,432,Tak,Nie,Nie,Tak,d,Rozszerzony,18010
50,4,02.01.2021,3679,329,Tak,Nie,Nie,Tak,d,Podstawowy,6260
1,3,01.01.2021,0,0,Nie,Nie,Narodowe,Tak,c,Podstawowy,1270
2,3,01.01.2021,0,0,Nie,Nie,Narodowe,Tak,a,Podstawowy,570
3,3,01.01.2021,0,0,Nie,Nie,Narodowe,Tak,a,Podstawowy,14130
4,3,01.01.2021,0,0,Nie,Nie,Narodowe,Tak,c,Rozszerzony,620
5,3,01.01.2021,0,0,Nie,Nie,Narodowe,Tak,a,Podstawowy,29910
6,3,01.01.2021,0,0,Nie,Nie,Narodowe,Tak,a,Podstawowy,310
7,3,01.01.2021,0,0,Nie,Nie,Narodowe,Tak,a,Rozszerzony,24000
8,3,01.01.2021,0,0,Nie,Nie,Narodowe,Tak,a,Podstawowy,7520
9,3,01.01.2021,0,0,Nie,Nie,Narodowe,Tak,a,Rozszerzony,2030
10,3,01.01.2021,0,0,Nie,Nie,Narodowe,Tak,a,Podstawowy,3160
11,3,01.01.2021,0,0,Nie,Nie,Narodowe,Tak,a,Rozszerzony,960
12,3,01.01.2021,0,0,Nie,Nie,Narodowe,Tak,a,Rozszerzony,1070
13,3,01.01.2021,0,0,Nie,Nie,Narodowe,Tak,d,Podstawowy,310
14,3,01.01.2021,0,0,Nie,Nie,Narodowe,Tak,a,Podstawowy,1300
15,3,01.01.2021,0,0,Nie,Nie,Narodowe,Tak,d,Rozszerzony,4110
16,3,01.01.2021,0,0,Nie,Nie,Narodowe,Tak,a,Rozszerzony,3270
17,3,01.01.2021,0,0,Nie,Nie,Narodowe,Tak,a,Podstawowy,50
18,3,01.01.2021,0,0,Nie,Nie,Narodowe,Tak,d,Rozszerzony,13840
19,3,01.01.2021,0,0,Nie,Nie,Narodowe,Tak,a,Rozszerzony,3240
20,3,01.01.2021,0,0,Nie,Nie,Narodowe,Tak,d,Podstawowy,2340
21,3,01.01.2021,0,0,Nie,Nie,Narodowe,Tak,c,Rozszerzony,550
22,3,01.01.2021,0,0,Nie,Nie,Narodowe,Tak,a,Podstawowy,1040
23,3,01.01.2021,0,0,Nie,Nie,Narodowe,Tak,d,Podstawowy,4060
24,3,01.01.2021,0,0,Nie,Nie,Narodowe,Tak,a,Rozszerzony,4590
25,3,01.01.2021,0,0,Nie,Nie,Narodowe,Tak,c,Podstawowy,430
26,3,01.01.2021,0,0,Nie,Nie,Narodowe,Tak,d,Podstawowy,2300
27,3,01.01.2021,0,0,Nie,Nie,Narodowe,Tak,a,Podstawowy,60
28,3,01.01.2021,0,0,Nie,Nie,Narodowe,Tak,a,Podstawowy,1200
29,3,01.01.2021,0,0,Nie,Nie,Narodowe,Tak,d,Rozszerzony,2170
30,3,01.01.2021,0,0,Nie,Nie,Narodowe,Tak,a,Podstawowy,40
31,3,01.01.2021,0,0,Nie,Nie,Narodowe,Tak,d,Rozszerzony,9800
32,3,01.01.2021,0,0,Nie,Nie,Narodowe,Tak,a,Podstawowy,2910
33,3,01.01.2021,0,0,Nie,Nie,Narodowe,Tak,a,Rozszerzony,1320
34,3,01.01.2021,0,0,Nie,Nie,Narodowe,Tak,c,Podstawowy,2240
35,3,01.01.2021,0,0,Nie,Nie,Narodowe,Tak,d,Rozszerzony,7660
36,3,01.01.2021,0,0,Nie,Nie,Narodowe,Tak,a,Rozszerzony,540
37,3,01.01.2021,0,0,Nie,Nie,Narodowe,Tak,c,Podstawowy,4230
38,3,01.01.2021,0,0,Nie,Nie,Narodowe,Tak,d,Podstawowy,1090
39,3,01.01.2021,0,0,Nie,Nie,Narodowe,Tak,a,Podstawowy,260
40,3,01.01.2021,0,0,Nie,Nie,Narodowe,Tak,a,Podstawowy,180
41,3,01.01.2021,0,0,Nie,Nie,Narodowe,Tak,d,Rozszerzony,1180
42,3,01.01.2021,0,0,Nie,Nie,Narodowe,Tak,a,Rozszerzony,290
43,3,01.01.2021,0,0,Nie,Nie,Narodowe,Tak,d,Podstawowy,4880
44,3,01.01.2021,0,0,Nie,Nie,Narodowe,Tak,a,Podstawowy,540
45,3,01.01.2021,0,0,Nie,Nie,Narodowe,Tak,d,Podstawowy,9710
46,3,01.01.2021,0,0,Nie,Nie,Narodowe,Tak,c,Podstawowy,1200
47,3,01.01.2021,0,0,Nie,Nie,Narodowe,Tak,a,Rozszerzony,270
48,3,01.01.2021,0,0,Nie,Nie,Narodowe,Tak,a,Podstawowy,1060
49,3,01.01.2021,0,0,Nie,Nie,Narodowe,Tak,d,Rozszerzony,18010
50,3,01.01.2021,0,0,Nie,Nie,Narodowe,Tak,d,Podstawowy,6260
